1221
1312
1339
1852
3679
6471
6637
7073
7411
7619
7657
9801
13270
13321
14933
17090
17302
18669
20923
23986
24170
25573
26026
26744
28170
28251
29440
30676
31161
31770
32607
33986
34185
34306
34580
35083
35247
35392
35873
36131
36588
37189
38716
38954
38997
39954
42449
43716
43794
48075
49996
51239
54135
54753
54915
57980
58063
59620
59916
60372
61116
61842
62655
62941
64488
64904
67426
67976
68367
68868
68909
70866
71441
71719
72887
74554
75616
77214
77350
77779
78314
78481
79671
82927
83790
83798
84364
86364
86554
86935
87072
87197
87537
88007
90008
90072
92516
92888
95311
95837
96911
97008
97136
99679
99921
100003
101078
101102
101422
102758
103321
103398
103401
104739
104771
104926
107256
107512
107812
108529
109486
109699
112500
112788
113253
113731
114301
115101
115300
116245
116423
116819
118555
119337
119928
120421
120889
121974
122149
122790
123019
123307
123308
126826
127626
129135
130358
132892
135393
135974
137453
138103
139589
139957
141065
141596
141820
141827
141910
144000
144455
144600
144799
145058
145451
146596
147340
147608
147963
148586
149686
150764
150874
152615
154257
154580
155181
155405
155835
155905
156270
156463
165356
166111
166683
167350
168497
170098
173908
174707
175192
175423
175668
176860
177239
179064
179484
180174
181913
181968
182172
182550
185494
185606
186605
192368
192827
193283
195420
198115
198409
201113
203262
203634
206510
207506
208367
210386
210525
210755
210860
210924
212815
213460
213503
215278
215485
216200
216548
217547
219699
221556
221698
221765
222854
223538
224126
224357
225109
225117
227711
227828
230864
231648
235255
236939
236952
237230
237714
237758
238687
239977
240961
241038
241503
242755
243239
243757
245899
246663
246848
246943
247061
248680
249161
249666
249884
251104
251197
252763
253376
254556
254593
255933
256264
259839
259897
261755
262268
263710
264104
264397
264838
265439
266718
267888
268677
269459
269513
271875
272351
272619
272832
274319
275546
276909
280231
283414
284007
284061
284418
285039
287172
288674
289842
289843
290483
291123
291795
293465
294127
297094
297698
297987
298010
298406
298982
299388
300749
301362
302537
303703
305088
306176
306980
307133
308606
309746
309976
311184
311195
311776
312002
314457
314580
314662
314872
315717
316081
316381
316801
318477
318485
319214
320524
320935
321075
321247
322432
322973
323550
323725
326092
326584
327306
327841
329233
329919
330393
330877
332165
333152
333188
333390
333722
335051
339127
340273
341781
342350
342690
342907
344050
344841
347623
349178
351305
352236
353219
353912
354200
354576
354850
354885
354889
355609
356836
357279
357382
358986
359476
360259
360358
361771
363206
365275
365474
366138
366724
366928
368923
369977
371572
371810
373645
373729
373840
376223
377181
377474
383452
384265
384601
386965
388826
389428
389548
389933
389997
390675
390733
391046
391996
392054
392791
397527
398164
398639
398899
398934
399547
400948
401347
401610
401810
402615
403166
403909
404046
405153
405391
405436
405508
405827
406778
407865
408975
409383
410248
411481
411802
412901
415404
415573
417288
417302
417333
418612
418686
418833
418950
419542
420351
421216
422775
423929
424280
424472
425146
425470
425902
426925
426956
427443
428285
428558
428892
429451
430148
430623
431174
431624
432894
433242
433633
433975
435034
437977
438172
438530
438687
438839
439230
439557
439956
440021
440393
440606
441080
441162
441165
441379
441445
441735
443333
443690
444923
445143
445911
446345
446442
446531
446984
447102
447322
447682
447713
447848
448142
448413
449485
449528
450986
451496
452469
452621
452704
452914
453938
453947
453999
454293
457702
457969
458203
458735
459945
460230
460573
461556
462199
462338
462927
462934
463817
463855
464278
464702
465059
465475
465817
466243
466356
466977
468036
468132
469858
470115
470201
471274
471386
471786
471952
472260
472790
473190
473342
473618
473619
473816
474054
474267
474308
474360
474389
474545
475787
475830
475831
476002
476361
476415
476725
476751
476882
477065
477338
477715
477927
478103
478332
478637
478835
479050
479278
479350
479589
480278
481494
482058
482232
482259
482614
483050
483065
484011
484377
484968
484993
485263
485278
486026
486246
486909
489810
489925
490186
490680
492430
492767
493988
494098
494808
494925
495161
495691
495728
496137
496181
496608
496616
496691
496833
497800
498081
498083
498440
498649
499319
499471
499675
500184
500901
501920
502075
502935
504144
505125
506243
506340
507332
507555
507749
508255
508447
508508
509179
509300
509474
510390
510891
511393
511693
511806
512305
513136
513396
513896
514327
515030
515076
515390
515476
516086
517180
517505
518365
518811
519688
519832
519930
520000
520218
520593
521301
522561
522571
522914
523281
523593
523612
525229
525434
526283
526610
526681
526946
527631
527837
527935
527966
528095
528289
528534
528781
529530
529873
529879
530605
530816
530950
531001
532387
532646
532762
533185
533335
533472
533778
534970
535124
535238
535279
535833
536285
537241
539281
540103
540313
540345
540864
541269
542566
543140
543199
543232
543285
543999
544223
544246
544269
544794
546932
547596
548645
548972
549201
549263
549500
549708
549992
550603
551119
551748
551992
552458
552982
553169
553333
553848
553913
554452
555299
555309
555924
557821
559557
560645
562362
562902
563179
563420
563421
564399
564580
564620
565520
566208
566719
567501
568154
570862
571587
572518
572783
575157
575211
575796
576480
576639
576665
577260
577506
578747
579872
580243
580943
581635
581755
582096
583163
583381
583804
584067
584474
584550
584734
585640
590588
591895
592537
593078
594968
595196
596185
597826
599498
600175
602223
604032
605607
606331
607062
607619
608133
608444
609535
609586
610421
611541
612586
614138
614878
615008
615102
615116
615255
615543
615976
616069
616526
617414
617902
618284
619237
621050
621668
623646
625175
628672
628772
630594
631937
632574
633589
634848
635524
635726
636106
637606
638177
638578
638610
638654
639042
641543
642898
644133
645369
650396
651409
653152
653383
653580
654076
655567
655580
655985
656626
657173
657467
658855
659117
659470
660216
660261
660702
661328
662782
663329
664852
666649
669455
670551
671787
672325
672679
673464
673624
674228
675003
676604
677899
678915
679327
680021
680266
681271
683261
684594
685100
685209
688495
692860
694802
695541
696285
696855
696896
697214
698446
698940
699265
700144
701910
703616
704298
705074
705821
708626
709913
716097
716284
716639
716785
718012
719097
720686
724400
724976
726058
726503
734613
737169
741714
742866
743278
746435
747607
750206
751214
752217
752444
753469
753540
754203
762754
764131
764376
767670
768569
770075
770213
770284
772441
773266
774660
775715
778400
778420
778901
779145
784376
785113
786995
789082
790081
790744
791783
792284
795238
795262
795601
795778
795818
796537
799117
799386
799446
800138
800233
800921
801422
802176
805101
805677
807421
807819
807976
808153
809085
809386
810140
810753
811230
812610
812813
813266
814180
814989
815079
815317
816197
816416
816677
817227
817671
817682
817902
818188
818815
819335
819766
820422
822690
825103
826457
826681
829342
830128
831553
833780
833818
835698
835777
836538
837242
837459
838119
838629
840710
840825
841149
841175
841261
841407
841569
842115
842655
843131
843673
844426
844462
844718
844818
844946
845013
845495
845507
845747
845796
845978
846248
846362
846795
846914
847027
847576
847638
847684
847800
847862
847932
848095
848102
848220
848428
848519
848611
848903
849088
849216
849390
849656
849753
849887
849905
849913
850211
850383
850415
850493
850815
850909
850993
851006
851015
851190
851212
851331
851385
851568
851582
851673
851684
851698
851789
851815
851906
851917
852007
852136
852152
852161
852320
852577
852593
852664
852676
852705
852772
852812
852835
852852
852928
852972
853036
853045
853143
853237
853289
853293
853373
853405
853441
853658
853664
853748
853952
853989
854000
854315
854339
854549
854667
854773
854784
854801
854834
854867
854949
855022
855109
855154
855204
855303
855417
855460
855490
855637
855656
855761
855774
855867
855891
855922
855950
855951
856002
856034
856062
856118
856192
856320
856326
856379
856677
856725
856861
856944
856957
857117
857125
857406
857409
857453
857560
857719
857923
858034
858124
858171
858237
858347
858459
858550
859462
859778
860041
860154
860295
860306
860316
861211
861264
861586
861868
862396
864585
864935
865299
868100
868168
869264
869438
870407
871634
871760
872443
873443
873472
875165
876434
876478
876646
876872
878914
880336
881710
882784
883205
884574
884716
885549
887403
888366
889021
890233
892670
892717
894527
895680
896468
898088
898890
901258
901587
901934
902238
903142
904759
905548
905901
905922
909263
909421
912415
914076
915812
916380
916669
916893
918024
918381
918712
918866
918938
919037
920095
925004
925887
928039
928893
929130
929859
934052
934070
934343
935637
935902
935915
936126
937999
938399
939080
939461
941479
941640
942333
942885
945146
946052
946102
947801
952610
958002
959313
960272
961090
961278
962107
963088
964118
964862
967156
967289
967550
967575
968326
970539
971761
973192
977014
977498
977664
979421
981023
982804
983976
984660
984936
985951
986125
986338
986775
987802
989326
994002
995376
997534
999021
999116
1001203
1001429
1002643
1004871
1005622
1005694
1005995
1006411
1007855
1008084
1008701
1010173
1010823
1011064
1011295
1011431
1011577
1012370
1012594
1014068
1014955
1017119
1017370
1017658
1017706
1018519
1018806
1019418
1020998
1021153
1023293
1023861
1025798
1026868
1027054
1031012
1031243
1031372
1031587
1034137
1034716
1034803
1036363
1036691
1037366
1040286
1043107
1043935
1043937
1044156
1045744
1048132
1050184
1050835
1052854
1055087
1058133
1059718
1061720
1061776
1062094
1063606
1063618
1063647
1063777
1064524
1068448
1072067
1075210
1075303
1077476
1078054
1079591
1080525
1081482
1081982
1082209
1083048
1085016
1085422
1086267
1087458
1088565
1089199
1092821
1096065
1096961
1099998
1100256
1101486
1101819
1102199
1102532
1115539
1116654
1118101
1118132
1119978
1120890
1122140
1125368
1126785
1128154
1128334
1128587
1128913
1131819
1134576
1134905
1136013
1137300
1137882
1140803
1141192
1143768
1144063
1144301
1144898
1148764
1151893
1152650
1153139
1153559
1153862
1154096
1154908
1155142
1157055
1157528
1157886
1160047
1161604
1161802
1162128
1162445
1162448
1162701
1162766
1162972
1163109
1165754
1165890
1166733
1167400
1167515
1169407
1169637
1170060
1170102
1170209
1170621
1171557
1172281
1177890
1180140
1183265
1184623
1185007
1185426
1185612
1185738
1186029
1186053
1186275
1187792
1187795
1188198
1188954
1192087
1196002
1198767
1199867
1200450
1201214
1202054
1202936
1203940
1203942
1204521
1205639
1205758
1205912
1207068
1208151
1210818
1211077
1211379
1214117
1215122
1216478
1216503
1216575
1216630
1218837
1218858
1219294
1220943
1221976
1223448
1227149
1227920
1229634
1229823
1230679
1230973
1232472
1232965
1233849
1233939
1234214
1236269
1238133
1238255
1238973
1240080
1241036
1241110
1241588
1243233
1244029
1244772
1245910
1247424
1248473
1248728
1249294
1250007
1251622
1253207
1253437
1253944
1255771
1257436
1257946
1259558
1260210
1260727
1262304
1262338
1262660
1264488
1265191
1266365
1266849
1266946
1267378
1268982
1270808
1271059
1271112
1271142
1271989
1272942
1273202
1273627
1274264
1275530
1276027
1276692
1276798
1277407
1278743
1281241
1281497
1282660
1286203
1288614
1289035
1291526
1291570
1292866
1294613
1295029
1295162
1299762
1303399
1303783
1305306
1306021
1308229
1309351
1309742
1310438
1314777
1316569
1316652
1317481
1319026
1320338
1320694
1323838
1324013
1325651
1326871
1327231
1329631
1332103
1332816
1334472
1334542
1335159
1337978
1339950
1342632
1343225
1343624
1344838
1345212
1345976
1346236
1346756
1347400
1347759
1347964
1349235
1353065
1353476
1354328
1355761
1356142
1356203
1357040
1358915
1358958
1359240
1361419
1362991
1364026
1367922
1369164
1369895
1371402
1372478
1372937
1373024
1373618
1374128
1375262
1375408
1375413
1377685
1379779
1380335
1380339
1381115
1381660
1381718
1382509
1385838
1386502
1387766
1388110
1389080
1390096
1392212
1394062
1395759
1395860
1398109
1398850
1399148
1399224
1399273
1399788
1400397
1400589
1400656
1401708
1402254
1403033
1404505
1405343
1405664
1405763
1406507
1407232
1409110
1409340
1411115
1411211
1413908
1418171
1419403
1421685
1421826
1422716
1423795
1425905
1426525
1426945
1428120
1430054
1430110
1433307
1433546
1433959
1434242
1434897
1436135
1436584
1438045
1438967
1439831
1440537
1441370
1441851
1444147
1444566
1444876
1445009
1446284
1449150
1450621
1451766
1453055
1453571
1456757
1458255
1459889
1461062
1463743
1466800
1467276
1471769
1471893
1472145
1473410
1479301
1481351
1481473
1483961
1484218
1485102
1487400
1488477
1488530
1489072
1490766
1491208
1491313
1492049
1493526
1494566
1494798
1495686
1495868
1497195
1499661
1500399
1500562
1500732
1501048
1501118
1502137
1502424
1502860
1503058
1503140
1504048
1504328
1505293
1505483
1514761
1517019
1518583
1519138
1519550
1519812
1520012
1523290
1524167
1525187
1525790
1525972
1526627
1529578
1530591
1532543
1534908
1537453
1537658
1537660
1537981
1538158
1538428
1538637
1541864
1542120
1542630
1546141
1550273
1551658
1551892
1552115
1552570
1552884
1555429
1555548
1556773
1557237
1557634
1560306
1562226
1562271
1564154
1567772
1567989
1568136
1568734
1573051
1573914
1574290
1575465
1575578
1582118
1582196
1583934
1583987
1589231
1590182
1590482
1591514
1592474
1592651
1593248
1593506
1595864
1597814
1597981
1598805
1598823
1602180
1603926
1606642
1606935
1607028
1608378
1610618
1611135
1611714
1612188
1612695
1614395
1614559
1614700
1617885
1619975
1619995
1622013
1622290
1624357
1630385
1631272
1631582
1632465
1632874
1633252
1633718
1634096
1635014
1636111
1637845
1638513
1639285
1639453
1639518
1640136
1640917
1644801
1645879
1645905
1646166
1647215
1649113
1649680
1649923
1650175
1650314
1650663
1651124
1651358
1652826
1653902
1654008
1654976
1655409
1656799
1657205
1657448
1660153
1660942
1661719
1661983
1662109
1662868
1663531
1664416
1664695
1664863
1669028
1669062
1671238
1672758
1674116
1674285
1674620
1674785
1679131
1679646
1681366
1683891
1684293
1684532
1684735
1685284
1685908
1686141
1686740
1688881
1690616
1692732
1693193
1694498
1694549
1694564
1694776
1694785
1695939
1696941
1697358
1699299
1699989
1701517
1702398
1703305
1704498
1704844
1706235
1706581
1708136
1709780
1710403
1711437
1712364
1712962
1714125
1715980
1716324
1719414
1724149
1724440
1726716
1727096
1727603
1731562
1736619
1738520
1741466
1741728
1742280
1743922
1744319
1744822
1747927
1751044
1751357
1753665
1754761
1755359
1755452
1756366
1758446
1758819
1760477
1760951
1761006
1761315
1761635
1762331
1763144
1763192
1763894
1765039
1765359
1766050
1766250
1766739
1766770
1768368
1773513
1773900
1774187
1776135
1776239
1777371
1777892
1781371
1783770
1784477
1784694
1785106
1785810
1786003
1787011
1787277
1787490
1787535
1789844
1791691
1792066
1792822
1794905
1794938
1795107
1795496
1795864
1795969
1796435
1797807
1799796
1799852
1802537
1804030
1804196
1804410
1807241
1807745
1810750
1811672
1812121
1812141
1813548
1815830
1817963
1818456
1818865
1820577
1820955
1821018
1821268
1822316
1824117
1825769
1826579
1827169
1827830
1828681
1828768
1829923
1831672
1832283
1832432
1832881
1833835
1834112
1834553
1837845
1838478
1838657
1842117
1843388
1845320
1845938
1846526
1847225
1848786
1849211
1852229
1854369
1854477
1856527
1857032
1857341
1857841
1859134
1859810
1863097
1864869
1864891
1865877
1866692
1868072
1869175
1870167
1871175
1872023
1873660
1875043
1875583
1879075
1879736
1881106
1881191
1886503
1887084
1889089
1890685
1892701
1896167
1899281
1901314
1905649
1906769
1908048
1911466
1913585
1913714
1914198
1916751
1920562
1922400
1922976
1923045
1923386
1927895
1928665
1928730
1931411
1932845
1933357
1934435
1934927
1935623
1935904
1936547
1937373
1942051
1942110
1942198
1942534
1943120
1943452
1943801
1944071
1944218
1945390
1945454
1948884
1951057
1951394
1958198
1958922
1960005
1962381
1963670
1967572
1968125
1970065
1971710
1972230
1975677
1976711
1979102
1979123
1980349
1981581
1982783
1983474
1987632
1987765
1990775
1998709
1999219
2000115
2002734
2009525
2013599
2013730
2014642
2015395
2016735
2016900
2017559
2018029
2018087
2018453
2018643
2018659
2020737
2022236
2022781
2023220
2026047
2026795
2027896
2028920
2031147
2033273
2035227
2036460
2038586
2046380
2048837
2049946
2051460
2052496
2052635
2052803
2052964
2053581
2054102
2054396
2054578
2054609
2055535
2055833
2055960
2057083
2058095
2058108
2058240
2058962
2059294
2059652
2061118
2061716
2062054
2062292
2062633
2063370
2063748
2064206
2064286
2065827
2069071
2069316
2069637
2069704
2070998
2073400
2073910
2076656
2081462
2081510
2081861
2082576
2082789
2082921
2083960
2085163
2088421
2090680
2091138
2093390
2094490
2094739
2095633
2095965
2098273
2101776
2102766
2102968
2103185
2104257
2105186
2107294
2107996
2110698
2111596
2112440
2113027
2115688
2116854
2117797
2118836
2119264
2121598
2122000
2126309
2127082
2127199
2127638
2129787
2130898
2133937
2134377
2134707
2135278
2135699
2136154
2136473
2137475
2137687
2139142
2139385
2139934
2140118
2141044
2142888
2146452
2148735
2151146
2152922
2153255
2155644
2155694
2155806
2156375
2157138
2157988
2158359
2160461
2164291
2165694
2165695
2166884
2167395
2170119
2171223
2171278
2171723
2174992
2175339
2175807
2176112
2177403
2177448
2177804
2178022
2179536
2179630
2180090
2180532
2180772
2180907
2181213
2181718
2186564
2188694
2191436
2195924
2200624
2201004
2201550
2201725
2203099
2203104
2203840
2205914
2210695
2210850
2210869
2211241
2212597
2212796
2213182
2215795
2215845
2217631
2217792
2219794
2220971
2221646
2223468
2223889
2223970
2226136
2226288
2227463
2229035
2229168
2230557
2237261
2239579
2240076
2240336
2242475
2243630
2245214
2245333
2246971
2247358
2248003
2248514
2249119
2249579
2250466
2252431
2252857
2252990
2254234
2254385
2254885
2255124
2255740
2257689
2259353
2259836
2259843
2266741
2267237
2267518
2269719
2273661
2274193
2274319
2274555
2277358
2277940
2278720
2278724
2279001
2279633
2281739
2283212
2283390
2288278
2288421
2289575
2290326
2290396
2291471
2296884
2297512
2298285
2299924
2300634
2302989
2305662
2307329
2308546
2308694
2311095
2313270
2314109
2316987
2318107
2321322
2322835
2328899
2331876
2333538
2333848
2335089
2336737
2339059
2339434
2339944
2342732
2344926
2347694
2350079
2350110
2351266
2351400
2352666
2352668
2352802
2353131
2354252
2354717
2354952
2354994
2355501
2356941
2357154
2359398
2359778
2361763
2362599
2363113
2363214
2365924
2366550
2367860
2368438
2369256
2370784
2371589
2371926
2372372
2373095
2373198
2373415
2373643
2375033
2375198
2377192
2378246
2378703
2379795
2381858
2382298
2382897
2383176
2383483
2383784
2387806
2389800
2391904
2392067
2392493
2393882
2394719
2395204
2396234
2398273
2398609
2398648
2398978
2400173
2400265
2401368
2402611
2404222
2405981
2406329
2407246
2407361
2410439
2410460
2417622
2417655
2418246
2418501
2418976
2419525
2420249
2421178
2422908
2423246
2423745
2425399
2426668
2427761
2428567
2429366
2430205
2430809
2434107
2438410
2439518
2439787
2443790
2443897
2443993
2444434
2444641
2445703
2445836
2446823
2446855
2448797
2450297
2451870
2452026
2452093
2454080
2454391
2455613
2457020
2457153
2457346
2457928
2458468
2458716
2459040
2459847
2459910
2461976
2462224
2462230
2464483
2467039
2469318
2469703
2470892
2471393
2471606
2473458
2474792
2475498
2476162
2477169
2477966
2478091
2478700
2479036
2479762
2480630
2481769
2482859
2483556
2483783
2483814
2484171
2484630
2484956
2485481
2485568
2485764
2486779
2487051
2487784
2487808
2488797
2488993
2489148
2489938
2491203
2492239
2492646
2493165
2493648
2494340
2494802
2495548
2495689
2495911
2495974
2496257
2496854
2497649
2498657
2500332
2500394
2503308
2504855
2505025
2506755
2508231
2508777
2509922
2513390
2514229
2515392
2516364
2516986
2517476
2518054
2518306
2518626
2521184
2523791
2523861
2525755
2526302
2527402
2529805
2529818
2532606
2532639
2534089
2534147
2535179
2537865
2538402
2538853
2539276
2539900
2542924
2545881
2546001
2546090
2546292
2546544
2547095
2548766
2550409
2550702
2553469
2554099
2554295
2560263
2563420
2564594
2564885
2566903
2567760
2570092
2570126
2570618
2570857
2571279
2572422
2576208
2578022
2578530
2581540
2582858
2583207
2584405
2585324
2587560
2591067
2591375
2595755
2595795
2597193
2597385
2597888
2598532
2600052
2603066
2604015
2610705
2611356
2614224
2614416
2617533
2618100
2621931
2629403
2632946
2633716
2636488
2638448
2642130
2646635
2648140
2650133
2653242
2654024
2656824
2657076
2657208
2657999
2660910
2662285
2663228
2663656
2665975
2666986
2667700
2668361
2669492
2671522
2671748
2672494
2672954
2674059
2675194
2676345
2676384
2678469
2680479
2684187
2684340
2684608
2684941
2685888
2686440
2688139
2689051
2689506
2690096
2694505
2698061
2699397
2699808
2701489
2703567
2703905
2705119
2706553
2709031
2709267
2718091
2718114
2718977
2719531
2724203
2724658
2724844
2725640
2727062
2727707
2727757
2730373
2730618
2731480
2733804
2733979
2738396
2738842
2739353
2739690
2743423
2744289
2744423
2745493
2746970
2751085
2754082
2754831
2755513
2755962
2758013
2760507
2762045
2764774
2765374
2765626
2767092
2768131
2768193
2770097
2770905
2773598
2775349
2775873
2776248
2778532
2780136
2780733
2785670
2785868
2786846
2791351
2793422
2796484
2796665
2797258
2798414
2798775
2799411
2800467
2802039
2804870
2805132
2805237
2808598
2810572
2810676
2811451
2818047
2819343
2819578
2819792
2820450
2821140
2821280
2822838
2824499
2826918
2828586
2831298
2834144
2836952
2838182
2839011
2839399
2842627
2843044
2845461
2848853
2854545
2856396
2858845
2859555
2861022
2861046
2861073
2863887
2865413
2867310
2869806
2869979
2870256
2871544
2871812
2873689
2875251
2876057
2880061
2881626
2882934
2883971
2885286
2885990
2886178
2889605
2894433
2894897
2898150
2898728
2899680
2902555
2902716
2904162
2904721
2906735
2908764
2910557
2913213
2913599
2913624
2914430
2914998
2916278
2916697
2919439
2920302
2920926
2923388
2926283
2926485
2927152
2931823
2933820
2942445
2943744
2943996
2944103
2945367
2945594
2946872
2946885
2946989
2948522
2952358
2953759
2957646
2958889
2960120
2960274
2967037
2967586
2969986
2970077
2970507
2983563
2988153
2989301
2990059
2991894
2993816
2994253
2994705
2994851
2995794
2998665
2998824
2999688
3001490
3002045
3002401
3002728
3002889
3003749
3004470
3006113
3006192
3006337
3006870
3007329
3009984
3010684
3011134
3011885
3012009
3012673
3012684
3014135
3015694
3016479
3016490
3017783
3017868
3019064
3019751
3026917
3027299
3028109
3029559
3030430
3031537
3031925
3035878
3042285
3042775
3044290
3045071
3047311
3047398
3047494
3047601
3047676
3048291
3049809
3051142
3051704
3052724
3052768
3053643
3055458
3055766
3055936
3056215
3057287
3059290
3059911
3061624
3061803
3062849
3065076
3065269
3066082
3066646
3068889
3069548
3073142
3073297
3075650
3078495
3080567
3082026
3084681
3088862
3090162
3093359
3094845
3096291
3098015
3103084
3106257
3109329
3110582
3112092
3113815
3116361
3119201
3122040
3122298
3123786
3125131
3126014
3128107
3129006
3131517
3131630
3134167
3135264
3135537
3136196
3143785
3144289
3145187
3146264
3146735
3146880
3147666
3147688
3152678
3153333
3155808
3156909
3157094
3157860
3158949
3159691
3159975
3162427
3173302
3174357
3174910
3177491
3178363
3178716
3178916
3179087
3180247
3180712
3181523
3183346
3185537
3185606
3187777
3192900
3192997
3194970
3197873
3200767
3200999
3201388
3201913
3203208
3205001
3209320
3209348
3209377
3209413
3210728
3211329
3212303
3212309
3214773
3217092
3217975
3218279
3223386
3225948
3228516
3230266
3231952
3234706
3235539
3239286
3240653
3240686
3241735
3241939
3243134
3243806
3244783
3247765
3249762
3250012
3252123
3252556
3253720
3254045
3256684
3257226
3257805
3260693
3263304
3263389
3264228
3264476
3264524
3266037
3267245
3269859
3270888
3271589
3273971
3274675
3274975
3275233
3276362
3276821
3276937
3277225
3281440
3284195
3285037
3285349
3285632
3287123
3288418
3289206
3289485
3291182
3291618
3291667
3292237
3292502
3292706
3293266
3295722
3296241
3296732
3297017
3297383
3297644
3297800
3298981
3299660
3300226
3302343
3302852
3303023
3303917
3304485
3306031
3306334
3307094
3310798
3311563
3312537
3313028
3313615
3314849
3316028
3317997
3318370
3319481
3320924
3321717
3321742
3322470
3322999
3326282
3327187
3328581
3328804
3328931
3329514
3330627
3331528
3331586
3332443
3332792
3332844
3334161
3334550
3334918
3336439
3337342
3338925
3342563
3343037
3344233
3344911
3347982
3349250
3350873
3351399
3351699
3352150
3352998
3354032
3354056
3354561
3355695
3355752
3356996
3358082
3359559
3359756
3361390
3361453
3361706
3361895
3364220
3364889
3364908
3364973
3367246
3367980
3369999
3371257
3371879
3375019
3375175
3376391
3377070
3379973
3380570
3380752
3381977
3383165
3383904
3385391
3386183
3386311
3387255
3390482
3391028
3393273
3393615
3393632
3396407
3398529
3401769
3402531
3402834
3403005
3405377
3406971
3407843
3410889
3410950
3411767
3411844
3412182
3414722
3420170
3420461
3423555
3423630
3426729
3427588
3429705
3431744
3433879
3434107
3434685
3442685
3443491
3446895
3448349
3454184
3459739
3460825
3460966
3461390
3461561
3466358
3467451
3468352
3471272
3471304
3472801
3473782
3475349
3477082
3477392
3478398
3479594
3479699
3481708
3481813
3482073
3488567
3492314
3494776
3495603
3495607
3498496
3499687
3500487
3506196
3506661
3507182
3507301
3509555
3510246
3513939
3514356
3515169
3516713
3518214
3518599
3519472
3519523
3521626
3522588
3522829
3523238
3524158
3524239
3526275
3528417
3530657
3531286
3531431
3531910
3532189
3534390
3535011
3535282
3536390
3536777
3537817
3538222
3539551
3543937
3544228
3546535
3546816
3549910
3552077
3553978
3554829
3557717
3557971
3561669
3562658
3562890
3566782
3567826
3567907
3569169
3571731
3572061
3575577
3579637
3579845
3580663
3580967
3581311
3582293
3584303
3584597
3584880
3585297
3586384
3588122
3588199
3589233
3589638
3590476
3591055
3591655
3593916
3594729
3594814
3596380
3599724
3600276
3601343
3602465
3603461
3604498
3604679
3605480
3605724
3605742
3605818
3606647
3607086
3607540
3608409
3609242
3610345
3612926
3613221
3613381
3614503
3616259
3616910
3617347
3618088
3619505
3619660
3620411
3620844
3620933
3621745
3621849
3624621
3625572
3627441
3628403
3628747
3629716
3634305
3635487
3636323
3637941
3642352
3642723
3642770
3643282
3643405
3643501
3643503
3643504
3644100
3644215
3645092
3647637
3647913
3648288
3648744
3648837
3650361
3655611
3655620
3655807
3655974
3658809
3659625
3660315
3660328
3663928
3664310
3665079
3665607
3667584
3667890
3670331
3674680
3676313
3678640
3680479
3681888
3681991
3682150
3682451
3682767
3683098
3683329
3684328
3684437
3685677
3686055
3689125
3689477
3689610
3689716
3690143
3690729
3690962
3691010
3691518
3691617
3691738
3692101
3692178
3692517
3693172
3693190
3693234
3693332
3693741
3693791
3693933
3694111
3694123
3694565
3694611
3694828
3694878
3694937
3694968
3695231
3695500
3695606
3695788
3696378
3696579
3696645
3697231
3697411
3697499
3698038
3698613
3698726
3698739
3699738
3700244
3700251
3700289
3700332
3700590
3700852
3700926
3700946
3701051
3701389
3701767
3702320
3702735
3703001
3703286
3703811
3704229
3704597
3705352
3705706
3705737
3706166
3706325
3706794
3706814
3707132
3707238
3707681
3707891
3708118
3708224
3708388
3708694
3708884
3709056
3709542
3709649
3710246
3712009
3712520
3712612
3713207
3713528
3713691
3713771
3713795
3714146
3714275
3714799
3716358
3716750
3718230
3718728
3719132
3719891
3721171
3721603
3721898
3722454
3722650
3723681
3723956
3724222
3724965
3725475
3725698
3726368
3726471
3727149
3727398
3727655
3728176
3728596
3729085
3729550
3730358
3731580
3731733
3731762
3732094
3734953
3737478
3737787
3738897
3739481
3739914
3740562
3740903
3741495
3741514
3741612
3742455
3742579
3742643
3742751
3743283
3743577
3744080
3744351
3744394
3744398
3744664
3745066
3746231
3746244
3746688
3746740
3746896
3746997
3747838
3748045
3748450
3750637
3750803
3751369
3752518
3753554
3754150
3754934
3755401
3755681
3756057
3756122
3756352
3756437
3756970
3757512
3758479
3758924
3761181
3761549
3762251
3762321
3762700
3762718
3763136
3764790
3764928
3765832
3765877
3766156
3766649
3766763
3767936
3768134
3768249
3768544
3769146
3769249
3769850
3770072
3770117
3770648
3770915
3770963
3771390
3772394
3773713
3773756
3773926
3773998
3775547
3775998
3776475
3777235
3777860
3778191
3779175
3779830
3780305
3780533
3780886
3781101
3781377
3782237
3782849
3783544
3784080
3784099
3784121
3785182
3785443
3786321
3787256
3789400
3789565
3789953
3790389
3790623
3791326
3792341
3792428
3792955
3793020
3793424
3793537
3795185
3796307
3797724
3798880
3799307
3799658
3800021
3801268
3801289
3801961
3802046
3802129
3802157
3802207
3802289
3803501
3803585
3803681
3803802
3805374
3805725
3805789
3806119
3807702
3808402
3808652
3809718
3810504
3811710
3812034
3812211
3812348
3813354
3814064
3814254
3814301
3815583
3815619
3816062
3816612
3818254
3818543
3818954
3819473
3820162
3822337
3822991
3823412
3824551
3824561
3824934
3825289
3825489
3825498
3825728
3826675
3826836
3828118
3828670
3829210
3829546
3830249
3830879
3831132
3831199
3831330
3831640
3832223
3832332
3832385
3833322
3833787
3833883
3833905
3834311
3835436
3835853
3835903
3836379
3836931
3837278
3837539
3838165
3838388
3838879
3839733
3840662
3841177
3841711
3843526
3844366
3844881
3845689
3847599
3848079
3849263
3849613
3850008
3850134
3850633
3851637
3851747
3852537
3852740
3853873
3853905
3855057
3855532
3856210
3856640
3858453
3860147
3861067
3861891
3861966
3862016
3864988
3865238
3865352
3866797
3868063
3870305
3870479
3870930
3871018
3872934
3873078
3873771
3874256
3874392
3875489
3877008
3877017
3877277
3877780
3882113
3882907
3882946
3883159
3883509
3884014
3884131
3884875
3884881
3884943
3885491
3887048
3889358
3889516
3889558
3890073
3896767
3896984
3898649
3899490
3902847
3908459
3909802
3910074
3911145
3911384
3912603
3913338
3913854
3914411
3914620
3915109
3915112
3915263
3915482
3916019
3917096
3917805
3918249
3919723
3919943
3922894
3923718
3925296
3926572
3926699
3929238
3930509
3931616
3931914
3934395
3934401
3934416
3934725
3935056
3936029
3936055
3936413
3939099
3940063
3941042
3941782
3943369
3943623
3944188
3946221
3946370
3947790
3948694
3950305
3950822
3951764
3952795
3953818
3953896
3954848
3955637
3956361
3956744
3960685
3961269
3962024
3962989
3963228
3963854
3965520
3967387
3967938
3968300
3970226
3970406
3972530
3975094
3979496
3980399
3981462
3981527
3981850
3983023
3983648
3984450
3987719
3987913
3989144
3989749
3989965
3990079
3990359
3990577
3990765
3990876
3991176
3991533
3993997
3994144
4001266
4003317
4003981
4004888
4007099
4011556
4013128
4015186
4015333
4016773
4019288
4019720
4019871
4020782
4021610
4024455
4025319
4029402
4029937
4030344
4034465
4034922
4037459
4039075
4039179
4040859
4042034
4045936
4046557
4052808
4053583
4053819
4055087
4058811
4059441
4059957
4060123
4060349
4060594
4060911
4061638
4062352
4062383
4063511
4064519
4065141
4066361
4067189
4067566
4067890
4068333
4069006
4070830
4074753
4074842
4075175
4077998
4083130
4083433
4087023
4087238
4088655
4088677
4090062
4090122
4092377
4097539
4104288
4105054
4106052
4106218
4106391
4106839
4106985
4108215
4108479
4108621
4108683
4108907
4110253
4110268
4111279
4111455
4111550
4112042
4112193
4112694
4117310
4117502
4118859
4119749
4120812
4121062
4126257
4126934
4127339
4127594
4129567
4131567
4133543
4133893
4136804
4137215
4139058
4141956
4143312
4144098
4145673
4146895
4149828
4150356
4155609
4160331
4162398
4163422
4165273
4165280
4165288
4166689
4167453
4170356
4171500
4172596
4173847
4174824
4175125
4176233
4181144
4182966
4183819
4184233
4184697
4184719
4184791
4185425
4186559
4187196
4187570
4187787
4188476
4188901
4189384
4189646
4190180
4190410
4190852
4191527
4192107
4193943
4194022
4194655
4194814
4198492
4199284
4199411
4201553
4203244
4203761
4204675
4206031
4209737
4213576
4214016
4214031
4214322
4214672
4218088
4218697
4219647
4219829
4221141
4224805
4225994
4228617
4229763
4232753
4237851
4239797
4240588
4240753
4241462
4241864
4245094
4246240
4247854
4248725
4248988
4249642
4250020
4250023
4251322
4251892
4253333
4253718
4254465
4254657
4255189
4256871
4258902
4263137
4264059
4264685
4264966
4266783
4266839
4267004
4267743
4268448
4268641
4269306
4269950
4270187
4272176
4273478
4274202
4276465
4277903
4278413
4278772
4278894
4280825
4283189
4283642
4288950
4288981
4291942
4292018
4292693
4293414
4295187
4295374
4295886
4297491
4299844
4300876
4301336
4302713
4303474
4303680
4303921
4306632
4306782
4307931
4308708
4311871
4314118
4314656
4315022
4316283
4318001
4318307
4318451
4318490
4320451
4322246
4323064
4323120
4323535
4326131
4327138
4327326
4331763
4332510
4333115
4334366
4334384
4335848
4337995
4339292
4341013
4342954
4343231
4344304
4345949
4346320
4346413
4346743
4346815
4347107
4348916
4350525
4350709
4352815
4356620
4358164
4360886
4362510
4362926
4364902
4365022
4365429
4366282
4367433
4370935
4371904
4372977
4373011
4373258
4378842
4379806
4379918
4380080
4382235
4382596
4384560
4387658
4392789
4394236
4395279
4397857
4398575
4401067
4406456
4409720
4411600
4412041
4412289
4412532
4413506
4417407
4422020
4422099
4422250
4422504
4426757
4428791
4430037
4430478
4432971
4434044
4435175
4435236
4435449
4439395
4443604
4448950
4450257
4451396
4451586
4452676
4453392
4457051
4458900
4458954
4459003
4460220
4463861
4464848
4466170
4466289
4470413
4471040
4471582
4472459
4472640
4473277
4474561
4474662
4477235
4478016
4481871
4482725
4483049
4485464
4486064
4487053
4489512
4492090
4492398
4495469
4497943
4498539
4499045
4504652
4505411
4507672
4508499
4508841
4509537
4509841
4509863
4512232
4512563
4513063
4514184
4515250
4516035
4516219
4516675
4517184
4518346
4518877
4520307
4521741
4521779
4521975
4522331
4523162
4523411
4525295
4526282
4526410
4530994
4535015
4535613
4537790
4539674
4540288
4540985
4541355
4543449
4545483
4547734
4549827
4549851
4551669
4551939
4553530
4555251
4556106
4557098
4557630
4557996
4560817
4564319
4564444
4564897
4565420
4573145
4573517
4574256
4574637
4575660
4577099
4577574
4578764
4578963
4579486
4579798
4583337
4583713
4583823
4584604
4585790
4587923
4588383
4590342
4591074
4591505
4591886
4596628
4598589
4599342
4599599
4600429
4601175
4604934
4605349
4605717
4607156
4607960
4609587
4612629
4613576
4614088
4617576
4617606
4618177
4618240
4619454
4620259
4621175
4621911
4621930
4623915
4624893
4626283
4626481
4627278
4627805
4627969
4628130
4628892
4628982
4631039
4633132
4633227
4633517
4634258
4635320
4635609
4637160
4637256
4637546
4637624
4637685
4638622
4643549
4644146
4646268
4647740
4650066
4650516
4651971
4652566
4654784
4655150
4655945
4656712
4657858
4658410
4658630
4660331
4661861
4662448
4662593
4662647
4663324
4666488
4666778
4666910
4667128
4668178
4669446
4670127
4670980
4671071
4671537
4672713
4672913
4673020
4674351
4675552
4675890
4676393
4679729
4679950
4681132
4682624
4683172
4684588
4685277
4685880
4686390
4686885
4687993
4688152
4688187
4688349
4688377
4688596
4689549
4690233
4691259
4691488
4691858
4693057
4693160
4693480
4693529
4693701
4693957
4694158
4695139
4698512
4699935
4703965
4704987
4705303
4705581
4706471
4706874
4708861
4709130
4709554
4709642
4709668
4709716
4709785
4709851
4709903
4710451
4710481
4711341
4714509
4715103
4715299
4715446
4716517
4716541
4719273
4719509
4720439
4720643
4722230
4722235
4722335
4722342
4722474
4723803
4724933
4725079
4726593
4727373
4730898
4737531
4737641
4738520
4739047
4739967
4740558
4741024
4741152
4741381
4741702
4742308
4742752
4743294
4743694
4743801
4744011
4744500
4744949
4745672
4747254
4747449
4748721
4748845
4749897
4752012
4752056
4752965
4755293
4755659
4755899
4756893
4756976
4757729
4757998
4759287
4761527
4762225
4762759
4763974
4764202
4764937
4766052
4766186
4768935
4768979
4769571
4769631
4770565
4770955
4771744
4772376
4773395
4774506
4775163
4776425
4777543
4777959
4778106
4778218
4779148
4779937
4780617
4780762
4782407
4782511
4783982
4784954
4788124
4788300
4788971
4789907
4792155
4792950
4793253
4794783
4796039
4796106
4800717
4801099
4802130
4803521
4807166
4807566
4809534
4809861
4813230
4813406
4814954
4818174
4819053
4819812
4819883
4820241
4822330
4822646
4824669
4825053
4825396
4826105
4826329
4826374
4827233
4827532
4830301
4830736
4833245
4834203
4835084
4837782
4840079
4841362
4841621
4842322
4842552
4842638
4845862
4847605
4847873
4848687
4849394
4849584
4851088
4854969
4857163
4858611
4859785
4861110
4861310
4862358
4863496
4871018
4873419
4874337
4874656
4874681
4876360
4876470
4877980
4879925
4880349
4885325
4890397
4890651
4891108
4891430
4891477
4891931
4893145
4895121
4895312
4898331
4898356
4900412
4900475
4902338
4906688
4907624
4907761
4908007
4909398
4909513
4912299
4912574
4912676
4913210
4914349
4917441
4919230
4919286
4919728
4922909
4923307
4923753
4925464
4928068
4928977
4929417
4929601
4930110
4930167
4932204
4932597
4932774
4933383
4935214
4935548
4936618
4937805
4939736
4941892
4943537
4945591
4945939
4946001
4948461
4948905
4949415
4949440
4950018
4950829
4951271
4952502
4952911
4953625
4954015
4959555
4961882
4965676
4965729
4967390
4968915
4971206
4971902
4972955
4973927
4977254
4979540
4979658
4980445
4981404
4981984
4982196
4983851
4984486
4984789
4985390
4986279
4987842
4991166
4992033
4992847
4997073
5004868
5007283
5008447
5010673
5012526
5012595
5014675
5014772
5014978
5016447
5016791
5017764
5019090
5019598
5020199
5021618
5021650
5021986
5024239
5024636
5025579
5026348
5032657
5033529
5033941
5034889
5035113
5036759
5038441
5039048
5039846
5041275
5043625
5043750
5044752
5045367
5045519
5045611
5046680
5047584
5047803
5049089
5049782
5050514
5052866
5054755
5056065
5056585
5059427
5059808
5060332
5061751
5062150
5065064
5065735
5065839
5065864
5066565
5066645
5066757
5067165
5067774
5070592
5071676
5074488
5075938
5078744
5081496
5083109
5083497
5084550
5086247
5086447
5086504
5086864
5086976
5087031
5087136
5087847
5087962
5087994
5088920
5089200
5089594
5089957
5090863
5091075
5091517
5092130
5093683
5093990
5094659
5094745
5094796
5094960
5095131
5095962
5097324
5097961
5098320
5098611
5099203
5099444
5099688
5099855
5100117
5100985
5101379
5101693
5101854
5102851
5103657
5104009
5104622
5104812
5105060
5105524
5106206
5106677
5106823
5107070
5107257
5107441
5107711
5108043
5108166
5108842
5108989
5110549
5110581
5111884
5112613
5112820
5113561
5113701
5114517
5115782
5115827
5117114
5118065
5118279
5118451
5118642
5118962
5119496
5119767
5121743
5122345
5122846
5123411
5123791
5124726
5126133
5126159
5126203
5126441
5127022
5128488
5128591
5129376
5130165
5132056
5134514
5135530
5136084
5137737
5139797
5139937
5139946
5141698
5142418
5143082
5143253
5143976
5144594
5145194
5145534
5145872
5145945
5145965
5145997
5146512
5147664
5148165
5148913
5149232
5149833
5150382
5150869
5151060
5151604
5151673
5151858
5152312
5152622
5154123
5154601
5154877
5155210
5155458
5155466
5155801
5156033
5156060
5156890
5157479
5157912
5158468
5160332
5162467
5162590
5164774
5165011
5165965
5167414
5168379
5168387
5169105
5169175
5169676
5170057
5171646
5172422
5172435
5173435
5173464
5175190
5176193
5180628
5181263
5182828
5182923
5182971
5183246
5184220
5184909
5186060
5186094
5186783
5187476
5188415
5189001
5189414
5189812
5190275
5191248
5191560
5192868
5193386
5193463
5193748
5193800
5194185
5194883
5194899
5195252
5196631
5196730
5197402
5198068
5198379
5198777
5199190
5200278
5200597
5202056
5202791
5202934
5204219
5204246
5204944
5205202
5205224
5205819
5207186
5207228
5207755
5208950
5210233
5210571
5210708
5211326
5212941
5213997
5215631
5216490
5217862
5218944
5219653
5219749
5220487
5220727
5220806
5222389
5223054
5223383
5223698
5224130
5225002
5225562
5226211
5226257
5226945
5227171
5227356
5227557
5228461
5228631
5228999
5229603
5229906
5230124
5230309
5230476
5230826
5231139
5231172
5232003
5232226
5232521
5234134
5234207
5235185
5235305
5236405
5238141
5238269
5238988
5239024
5240153
5240812
5241115
5242065
5243775
5244169
5244885
5245983
5245988
5246173
5247105
5247494
5248205
5249568
5251003
5251348
5251691
5252708
5252877
5253398
5254455
5254468
5255047
5255125
5255450
5255779
5256762
5258191
5258322
5258362
5258830
5260396
5260516
5261455
5261576
5261955
5262394
5262999
5263184
5264507
5265917
5266218
5266999
5267001
5267592
5270114
5271461
5271824
5272302
5272310
5273255
5274634
5274958
5275008
5275822
5276490
5276948
5278234
5278630
5278928
5279087
5279618
5284554
5284778
5285418
5286929
5289139
5289183
5290669
5290802
5290991
5291443
5292747
5293130
5293920
5295041
5295563
5296157
5297537
5298058
5299676
5300780
5303565
5303596
5303964
5305360
5305420
5307598
5308412
5310321
5310612
5312587
5313965
5314589
5314832
5314958
5320258
5321261
5322988
5323415
5324217
5324613
5324629
5325711
5325947
5326129
5326767
5326888
5326891
5327526
5327528
5330054
5330091
5330251
5331642
5332160
5332583
5333339
5334270
5335352
5336106
5337341
5337473
5337499
5338841
5340977
5341162
5341732
5342006
5342413
5343183
5343385
5343414
5344661
5346005
5347688
5349755
5349996
5350179
5350687
5351410
5352335
5353330
5354524
5358008
5358157
5358165
5358382
5358591
5358911
5359616
5360160
5360342
5360350
5361204
5362053
5362390
5362526
5362902
5362910
5363056
5363694
5363797
5363985
5364215
5364924
5365887
5366206
5366307
5366560
5366851
5367137
5367556
5368220
5369141
5369867
5370693
5371409
5371537
5371736
5372015
5372203
5373163
5373167
5374115
5375991
5376591
5376890
5377678
5377696
5378652
5380212
5382315
5382430
5384642
5385058
5385793
5385864
5386034
5386214
5387079
5387134
5387853
5388029
5388301
5389360
5389391
5389654
5391994
5392052
5392906
5393563
5393924
5394479
5396284
5397293
5397638
5398773
5399594
5400011
5400610
5402137
5403046
5403783
5404357
5404951
5405457
5405715
5405728
5405954
5407166
5407258
5407910
5408447
5408842
5409216
5409796
5410181
5410916
5411481
5411507
5411694
5411730
5412429
5413349
5414258
5414950
5415957
5417289
5418358
5418841
5418923
5419801
5419820
5419854
5420679
5420705
5421546
5421555
5423071
5423308
5425102
5427627
5427639
5428319
5428624
5428914
5429874
5430195
5431316
5432488
5432592
5435420
5436999
5437218
5437248
5437282
5437839
5437947
5437964
5438107
5438356
5438553
5440293
5440598
5440800
5441594
5442806
5443390
5443567
5443800
5445678
5446704
5448716
5449088
5450196
5452292
5452548
5454269
5454544
5456987
5457733
5458701
5458861
5462518
5462587
5464022
5465558
5466490
5469148
5469439
5469615
5470235
5470652
5471146
5471470
5473139
5473440
5474366
5476086
5476930
5476961
5477925
5478450
5478459
5478913
5479489
5479922
5480609
5481027
5481075
5481201
5481239
5482187
5482505
5482627
5482893
5483283
5484649
5487017
5487292
5487460
5488110
5488292
5488918
5489022
5490300
5490410
5490464
5491365
5491453
5491482
5491540
5491981
5493103
5493155
5493784
5494050
5494580
5494742
5495428
5497000
5497651
5497961
5499240
5499314
5499359
5499993
5500892
5501076
5502024
5502430
5502518
5503518
5505025
5505405
5505692
5506278
5506640
5506667
5506850
5507989
5509225
5509393
5509652
5509688
5509810
5509982
5510401
5511532
5511864
5512192
5514508
5515181
5515538
5515940
5517368
5518090
5518787
5519126
5520469
5520689
5521117
5521227
5521232
5522637
5523101
5523146
5525782
5527136
5533177
5534687
5536656
5536930
5537322
5537477
5537546
5537606
5538145
5538617
5539195
5539763
5540106
5540456
5540801
5541258
5541795
5543959
5544964
5546471
5547823
5548045
5548738
5552334
5553147
5560375
5560786
5561680
5564534
5565670
5566878
5568076
5569980
5570299
5570484
5570496
5571757
5572200
5573159
5573203
5574536
5576808
5577675
5577736
5577855
5579715
5581739
5582033
5584400
5587166
5588325
5589794
5590818
5593131
5593326
5593507
5593664
5595173
5595336
5595723
5596083
5597985
5598161
5599206
5605090
5607187
5608957
5611795
5612274
5612320
5612863
5612904
5616050
5618015
5618364
5618447
5621933
5623975
5627124
5627941
5631862
5632164
5634505
5634929
5635913
5637702
5637940
5639226
5639824
5639954
5640119
5640857
5640867
5641050
5641124
5641188
5641970
5642193
5642250
5643596
5644347
5644517
5644659
5644681
5644844
5644849
5644991
5645567
5645746
5645784
5645921
5646049
5647180
5647327
5647807
5648129
5648331
5648764
5648859
5648905
5648919
5649019
5649045
5649144
5649292
5649414
5649597
5649606
5650031
5650033
5650110
5650152
5650305
5650390
5650564
5650860
5651007
5651520
5651524
5651844
5651953
5652031
5652130
5652249
5652441
5652740
5653254
5653969
5654008
5654178
5654291
5654495
5654601
5654832
5656204
5656226
5656234
5656270
5656521
5656616
5656676
5656800
5657013
5657302
5657626
5657702
5657749
5658182
5658238
5658555
5658659
5658965
5658966
5659481
5659554
5659607
5659788
5659933
5660359
5660502
5660631
5660745
5661383
5661429
5662106
5662158
5662298
5662561
5662599
5663012
5663088
5663191
5663536
5663948
5664538
5664566
5665170
5665506
5666085
5666318
5666382
5667002
5667945
5669062
5670280
5671824
5671840
5672197
5673692
5673931
5674065
5674915
5675097
5675473
5676471
5677923
5678271
5678482
5679249
5680121
5681830
5682194
5682456
5683189
5683582
5685945
5686159
5688310
5688411
5689205
5689599
5690017
5694154
5694239
5695196
5695760
5695802
5696625
5697207
5697347
5698082
5698451
5699004
5699277
5699381
5699653
5701023
5701388
5702657
5702826
5702947
5703651
5703837
5704024
5705654
5705887
5706181
5707436
5707634
5709288
5709787
5711029
5712316
5712709
5712966
5713441
5713670
5714325
5714845
5716657
5717043
5717411
5719551
5720597
5721484
5722582
5722980
5723015
5723866
5724733
5725387
5726440
5727216
5727821
5728821
5728838
5730943
5732311
5732486
5733884
5736114
5737387
5737696
5738943
5742111
5743314
5744460
5746638
5746674
5746755
5746973
5748329
5749616
5752293
5753294
5754390
5754459
5754812
5755335
5755531
5756088
5758907
5758956
5759894
5760108
5761505
5761942
5763262
5763903
5765825
5766685
5767018
5767166
5767610
5768879
5770723
5770913
5771271
5771502
5775271
5778574
5779136
5781335
5782144
5784163
5784519
5785490
5785749
5786891
5787788
5789623
5791831
5792518
5794099
5794584
5794908
5795100
5795953
5797489
5797998
5799116
5799470
5801413
5802804
5803010
5803025
5803311
5803584
5804519
5804863
5806576
5808049
5809197
5813338
5814679
5815250
5815438
5817314
5817599
5819333
5819674
5820331
5820481
5821890
5822649
5823452
5823775
5823859
5823942
5825993
5826093
5828389
5830360
5830991
5831366
5834057
5835376
5836288
5837919
5839141
5839496
5839825
5842425
5843877
5844961
5845465
5846004
5847022
5847225
5847719
5850007
5850014
5851608
5855712
5863867
5864110
5864166
5865491
5871795
5872070
5872917
5874069
5875721
5876506
5877374
5878394
5878892
5881787
5882027
5889558
5890526
5893312
5895363
5895581
5897856
5897997
5898265
5899310
5900015
5901778
5903006
5908027
5908393
5909095
5911456
5915066
5915802
5915997
5917198
5918455
5919509
5919594
5923123
5926327
5926524
5927294
5929443
5931567
5932339
5938695
5939115
5939224
5946045
5951566
5951729
5955024
5959668
5963256
5964516
5964969
5965209
5965540
5970046
5970311
5971133
5971913
5972653
5973255
5974999
5975141
5975679
5976241
5980415
5982177
5982647
5983972
5984031
5984427
5986304
5989147
5989241
5989685
5990124
5994393
5994994
5996066
5997346
6001693
6002812
6004823
6006823
6007928
6009307
6010972
6011121
6012205
6014606
6015478
6016180
6016617
6017943
6019646
6020197
6020827
6021943
6022294
6028020
6029323
6032634
6033437
6033524
6033780
6035003
6037054
6038061
6038416
6039688
6039903
6041015
6041288
6041443
6041746
6041761
6041862
6042375
6043459
6045803
6046134
6047126
6047174
6047456
6047494
6048029
6052941
6053553
6054770
6056139
6057340
6061168
6062859
6065920
6066095
6066728
6067739
6067989
6068798
6069754
6070184
6070555
6071443
6072460
6072540
6074453
6074664
6075850
6076233
6076471
6076996
6079135
6079857
6080423
6081684
6082513
6083342
6083497
6084648
6086124
6086812
6087092
6091431
6092145
6092745
6093052
6093257
6094709
6096368
6097165
6099256
6100242
6100292
6101082
6102563
6102655
6104381
6105606
6106530
6106598
6107373
6107968
6108042
6109080
6112965
6114080
6115490
6116044
6117096
6118909
6119402
6122138
6122267
6122273
6122729
6123646
6125463
6127987
6130820
6134721
6135142
6135737
6140019
6140088
6140581
6141068
6143984
6144849
6146525
6147129
6150144
6150567
6150598
6151128
6151503
6151523
6152873
6155131
6156758
6156768
6156835
6158626
6159037
6159504
6160127
6160929
6162662
6162826
6162849
6164165
6164626
6168990
6169452
6169971
6170368
6170582
6171294
6175247
6175275
6175815
6176123
6176793
6176932
6177343
6177509
6178238
6178642
6178835
6178941
6179159
6180267
6182110
6183505
6184082
6185139
6188325
6188524
6189388
6190375
6190977
6193669
6195342
6196136
6196836
6199724
6200175
6200967
6201481
6202909
6203844
6204293
6205394
6205469
6206364
6206423
6207174
6208194
6209361
6210130
6210387
6210851
6215221
6215395
6216085
6216129
6217923
6218651
6219410
6219515
6219940
6220208
6221303
6223547
6223582
6224911
6224962
6226844
6227485
6227606
6227892
6230410
6231030
6233004
6233041
6233448
6233924
6234302
6236969
6237251
6238718
6239468
6242562
6243272
6248219
6249460
6250976
6253225
6255910
6257484
6257597
6261623
6262084
6262164
6262237
6263317
6263837
6264990
6265129
6265221
6266204
6266241
6267115
6270607
6271130
6271822
6272279
6272489
6274187
6276016
6276357
6277869
6277909
6279989
6281517
6281689
6285067
6286006
6288811
6288915
6290969
6291100
6292831
6295474
6295665
6295840
6296361
6297445
6297814
6301201
6302788
6303058
6306468
6309326
6309778
6311071
6312199
6312493
6313834
6314214
6314526
6317138
6317541
6319014
6319515
6320830
6321955
6322907
6323027
6323178
6323946
6325297
6326431
6326784
6327676
6330869
6331098
6331414
6334659
6335785
6336728
6337332
6338039
6338391
6339035
6339551
6341362
6341367
6342352
6342360
6342714
6343043
6345657
6346183
6347942
6348378
6348821
6348961
6349164
6350390
6351237
6351317
6352196
6352685
6352707
6352796
6352840
6353338
6353676
6353838
6354079
6354713
6357947
6358847
6359621
6359697
6360462
6360529
6360609
6362628
6363464
6363812
6364143
6365578
6365815
6368002
6368261
6368654
6371562
6371841
6373278
6374998
6375348
6376708
6377810
6377837
6378107
6379214
6379886
6380015
6380743
6382903
6383406
6384430
6384848
6389097
6390090
6390403
6392161
6392208
6394802
6394921
6395418
6395519
6396296
6398026
6399229
6403211
6405589
6406184
6406683
6407079
6408166
6408747
6409775
6410012
6410186
6412594
6416039
6418413
6418801
6420990
6421544
6421723
6423101
6424277
6425247
6425395
6426012
6426600
6426869
6429992
6432247
6432435
6433078
6433504
6433601
6433643
6433676
6434289
6434930
6435523
6436220
6437280
6437299
6437468
6437929
6440137
6440360
6440867
6443336
6443497
6443577
6444932
6444963
6446268
6446554
6446902
6447721
6449738
6450651
6452129
6452389
6453041
6453146
6453611
6453689
6455049
6455307
6455900
6456321
6457474
6457750
6457904
6458161
6459324
6460740
6463959
6464324
6464578
6466494
6468187
6470419
6470974
6471104
6471207
6471410
6471446
6471909
6473289
6475993
6477996
6479696
6481228
6481746
6481822
6482370
6483096
6483401
6485667
6487476
6488952
6489759
6493969
6495069
6495313
6495832
6496295
6498753
6501064
6501968
6504360
6505020
6506758
6511497
6511794
6512115
6512347
6513123
6513356
6514075
6514688
6516353
6516532
6517182
6517693
6520534
6523538
6525466
6525963
6528992
6529250
6529469
6530038
6530430
6530689
6531463
6531570
6532068
6532376
6533373
6533876
6534659
6535285
6536745
6536871
6537278
6538236
6538239
6539019
6539328
6540075
6540306
6540316
6541410
6542424
6542525
6545222
6545686
6547205
6548183
6550860
6553921
6554328
6554785
6555472
6555882
6556077
6557182
6557999
6558987
6561214
6563004
6563296
6564093
6564111
6564341
6566483
6566611
6567228
6567901
6569647
6569949
6570382
6571588
6574095
6576005
6576925
6576946
6579045
6579488
6580931
6581035
6581365
6581970
6583176
6585204
6587215
6587555
6588825
6589512
6590008
6593769
6594293
6594684
6596255
6597368
6598532
6599400
6599525
6599784
6600596
6601146
6601943
6603015
6605086
6606109
6607791
6614541
6617655
6619735
6619854
6619960
6624979
6625053
6629137
6629906
6630803
6632508
6633530
6633621
6634494
6635167
6635836
6636110
6636632
6636796
6637249
6637392
6637449
6637655
6638794
6639334
6640392
6640689
6641784
6642010
6642501
6642680
6643186
6643276
6643472
6646115
6647975
6648049
6648948
6649826
6651836
6652427
6653025
6654216
6657455
6658127
6658273
6658551
6658827
6660140
6662343
6664252
6664331
6668234
6668392
6668403
6669052
6669618
6671478
6672221
6672502
6672600
6675076
6675508
6676698
6677391
6678105
6680707
6681618
6682999
6683963
6684162
6684694
6685481
6686359
6687926
6690069
6691194
6692755
6692828
6693058
6695253
6695599
6695686
6695817
6695971
6697088
6697224
6697241
6700045
6700646
6700787
6701692
6701736
6703010
6706614
6707646
6709352
6709790
6710090
6710262
6710857
6710979
6712624
6713180
6715328
6716304
6719204
6721039
6721296
6721417
6724414
6724607
6730395
6730882
6731155
6731358
6732896
6733282
6734255
6734275
6736461
6736904
6736974
6738051
6738452
6738526
6739492
6739721
6742103
6744798
6746418
6746551
6746873
6748079
6749749
6750083
6750918
6751172
6752333
6752414
6754520
6756448
6761877
6762481
6764771
6766980
6767249
6768668
6770783
6770981
6771030
6775004
6776048
6776805
6776853
6777788
6779809
6785551
6785838
6786152
6786283
6786316
6786734
6790781
6791994
6792236
6797857
6798511
6799564
6800100
6800463
6800792
6801196
6801414
6802242
6802635
6802864
6804891
6805243
6807384
6810171
6810709
6812200
6813362
6814320
6815916
6816185
6816623
6822449
6823307
6824132
6824498
6825411
6826065
6826073
6826957
6826988
6827011
6828418
6829321
6829385
6830479
6830706
6830755
6831212
6831565
6833635
6833669
6842166
6844729
6846455
6848431
6848733
6849824
6854688
6858033
6858619
6858633
6862401
6862549
6863724
6865584
6872192
6872828
6873441
6873483
6874147
6876998
6877543
6877611
6879377
6879992
6881070
6881786
6883538
6884177
6889257
6890271
6890501
6890720
6891901
6894195
6894591
6894845
6898005
6898371
6900629
6900650
6903347
6903708
6903754
6904480
6906549
6909905
6910726
6912397
6914314
6914752
6915620
6915672
6917127
6918465
6918515
6918714
6919789
6920183
6920499
6923317
6923336
6924021
6926326
6926421
6929292
6929412
6929631
6930196
6932961
6932978
6933687
6934193
6934274
6934958
6935671
6937049
6937677
6937952
6937999
6938336
6938434
6941315
6942732
6943292
6943436
6944775
6945701
6946003
6946225
6947666
6947888
6948224
6948457
6948811
6950250
6950998
6951252
6952487
6953379
6955819
6956403
6957794
6960261
6960264
6961109
6963894
6964446
6967603
6969200
6969410
6970899
6971157
6974242
6975576
6977506
6980921
6981075
6981362
6983036
6983408
6983838
6984609
6984935
6985007
6986326
6986654
6987093
6987104
6990680
6991282
6992185
6992707
6997009
6997216
6997690
6998948
6999995
7000738
7002034
7002308
7003346
7005740
7005873
7006449
7007456
7007531
7009019
7011416
7011503
7012362
7017042
7017044
7017398
7018250
7018339
7019248
7019548
7019608
7020006
7021009
7022724
7023124
7023278
7024611
7024747
7024991
7025832
7027106
7030907
7031982
7032729
7033322
7035524
7036217
7038583
7038823
7040200
7041128
7041941
7042519
7043309
7043858
7044025
7045687
7045722
7049202
7049330
7049697
7050118
7055463
7056393
7057805
7059385
7060635
7060934
7061206
7061695
7062234
7062434
7062462
7063530
7067769
7068519
7068770
7069509
7072419
7074194
7074343
7077930
7077943
7078259
7078753
7078756
7080431
7081193
7081566
7081738
7081865
7084841
7084946
7085233
7086762
7088372
7088860
7089839
7090322
7091571
7092697
7092810
7095405
7097163
7098696
7099875
7100360
7102327
7102775
7107392
7107847
7108338
7108799
7109086
7109333
7111768
7112097
7113753
7113936
7115436
7115592
7115644
7117351
7117717
7118222
7120231
7121318
7122553
7123948
7125434
7126512
7130638
7132006
7132094
7132692
7133591
7134201
7137852
7138588
7139108
7139115
7139207
7139327
7143504
7144748
7149367
7149562
7151043
7151401
7151526
7154117
7155804
7159000
7159225
7159679
7162079
7162442
7163930
7167826
7168717
7169809
7170438
7170501
7172035
7172184
7173042
7178000
7180103
7180342
7182208
7184039
7185120
7185349
7185481
7185592
7186229
7186922
7187621
7187780
7188117
7188336
7189024
7193003
7193105
7193449
7193502
7193893
7194905
7195189
7196464
7196595
7197687
7197986
7198510
7198557
7198935
7199225
7199413
7199564
7200556
7200674
7200676
7200756
7201142
7201265
7201597
7201720
7201861
7201973
7202138
7202808
7202942
7203026
7204370
7204477
7204826
7205243
7205267
7205814
7205992
7206006
7206111
7206451
7206651
7208263
7208444
7208751
7208854
7208976
7209135
7209166
7209185
7209207
7209747
7209765
7209923
7210025
7210421
7210689
7211139
7211609
7211894
7212102
7212243
7212536
7212968
7213171
7213742
7214690
7215316
7215576
7216042
7216099
7216170
7216482
7216516
7216591
7217034
7217686
7217749
7217767
7217798
7218297
7218625
7218839
7219141
7220203
7220592
7220797
7221239
7221464
7221571
7221672
7222009
7222088
7222483
7223046
7223189
7223987
7224010
7224218
7224548
7225087
7225279
7226010
7226373
7226492
7226553
7226587
7227559
7227866
7227927
7227976
7228320
7229581
7229927
7230060
7232788
7233004
7234516
7234646
7235115
7235209
7235459
7235594
7235719
7236155
7236255
7236530
7237180
7238354
7238362
7238886
7239384
7239833
7241042
7241397
7241589
7243127
7243235
7243488
7243875
7243890
7244109
7244594
7244679
7245316
7246019
7246182
7246391
7246537
7247092
7247206
7247268
7247463
7248759
7248814
7249373
7249487
7249630
7250259
7250319
7250744
7251588
7251760
7251849
7252984
7253263
7254698
7254779
7255203
7256249
7256631
7257340
7257390
7257471
7257570
7258512
7258958
7259057
7260332
7260553
7261001
7261362
7261604
7261668
7262068
7262415
7262550
7262721
7262976
7263015
7263969
7264831
7265238
7265292
7265342
7267040
7267064
7268218
7268780
7268781
7268935
7272001
7272571
7273881
7274002
7274201
7274836
7276076
7276685
7277431
7277929
7278062
7278637
7279212
7279395
7279567
7279645
7279783
7280017
7280886
7282025
7283830
7284418
7285423
7285653
7285940
7288155
7288259
7290168
7291394
7292019
7292422
7292752
7292992
7293678
7294013
7294026
7294284
7294285
7296204
7296626
7297355
7297613
7297768
7298250
7298969
7299752
7300798
7301079
7301393
7301449
7302352
7303415
7304459
7305055
7305161
7305439
7306480
7308638
7308821
7310595
7311455
7311515
7312393
7313065
7313454
7313773
7313848
7313914
7315069
7315505
7315517
7315579
7318550
7318787
7318933
7323225
7324106
7326774
7327976
7331752
7331963
7332599
7332904
7333031
7333341
7333803
7334079
7334682
7335293
7335356
7337007
7337351
7338043
7338152
7338846
7339164
7340654
7341339
7342831
7343673
7343985
7345019
7345057
7346656
7347103
7347163
7348661
7349271
7349377
7349437
7350088
7350331
7350813
7351122
7352219
7352324
7352612
7355585
7355720
7356183
7357538
7358644
7358814
7359024
7360400
7360584
7360710
7361165
7361322
7362723
7363816
7364872
7365100
7365649
7366210
7368959
7369812
7371058
7371658
7371854
7371860
7372407
7375424
7376209
7376902
7377257
7377617
7378668
7379748
7379776
7381220
7381600
7382027
7382185
7382330
7383650
7384268
7384354
7389100
7391707
7392433
7393429
7396460
7398850
7403388
7403492
7408349
7410326
7410513
7411061
7411735
7412748
7414868
7414877
7419804
7421997
7423862
7424739
7425718
7428136
7429302
7429723
7430031
7430830
7434883
7435972
7436076
7436460
7437737
7439151
7439678
7439966
7441715
7443751
7444713
7445197
7445991
7447885
7450815
7453676
7455412
7461172
7461773
7461812
7465617
7470187
7471428
7471895
7474449
7474748
7475395
7476361
7483165
7483394
7483476
7484041
7484585
7487927
7491867
7493222
7493662
7494548
7495878
7499764
7500185
7500862
7503553
7503744
7504915
7505851
7506115
7507090
7508929
7509111
7513283
7513752
7514038
7517128
7517882
7519542
7520074
7520348
7520781
7521079
7521742
7522306
7523369
7525442
7526021
7526699
7526983
7528638
7529953
7530835
7531994
7532088
7534147
7536112
7537091
7537411
7537618
7537824
7537958
7538475
7539147
7541867
7543257
7545711
7546719
7548937
7549814
7551080
7552120
7552589
7552776
7553044
7555875
