1577
1699
2599
3426
3778
4339
4784
4955
7084
7262
7948
8582
10892
10922
11951
13171
13217
13274
14396
15249
15397
15653
15839
16855
16881
17066
17421
18378
18502
18659
19124
19531
19678
19741
19928
20036
22264
23370
23477
24824
27170
27762
30288
30977
31678
32209
32720
33748
33780
34657
39054
39057
39845
40398
41392
41821
42136
42227
42241
42948
43374
45371
45698
46265
47804
48201
48779
49351
49717
50514
50598
51205
51427
51646
51946
52028
53472
53865
54036
54229
54239
54480
55386
55958
56482
56557
57099
57209
57767
58509
59753
60955
62536
62544
62637
63061
63503
63827
63976
66168
67765
69146
69846
70165
71608
73884
74272
74299
76810
78173
78865
78913
79454
79881
80259
80965
82936
83376
83667
86804
87201
87594
88720
89419
89610
89638
90203
91298
91428
92812
93873
93972
96895
97513
97551
98181
99022
102862
103179
103871
106811
108165
108743
108881
109386
111787
112363
112723
113453
115404
117213
117402
120578
121394
122003
122371
123860
124310
125159
125638
126138
126181
127948
128058
129762
130541
130830
133333
134011
138017
139800
140138
140197
142463
142531
142593
142723
143071
143236
144578
145482
145842
147185
147601
148315
149255
149994
153234
153909
154512
155974
156469
158335
159949
163381
163861
167299
167858
168252
169877
171553
171585
172233
173214
173399
173513
174558
174647
175483
176401
176820
177765
178127
179527
180419
180660
180832
183555
183655
183763
184132
187337
189941
196507
199606
200916
201233
202153
202475
203359
203436
204387
205229
206748
207153
209159
209289
209660
210216
210267
215447
218316
219557
220154
220411
220660
221355
221847
222643
222956
223780
223935
224537
224874
225313
226366
227236
227725
228288
228964
230250
231493
231954
232268
232459
233012
235752
238159
240478
241177
241785
242860
242911
244215
245136
249666
249720
250171
252308
252711
253609
253951
254713
255618
255687
256467
256548
258784
258856
259795
259944
260876
260989
261321
262148
262383
262656
263854
264212
264494
267507
267714
268139
269610
270170
272313
272542
273650
274470
274805
276129
276216
277366
278048
280119
280920
282869
284368
284530
284585
284933
285897
286703
287035
287883
288850
290340
291900
293593
294436
294643
296022
296605
298234
299432
302104
302559
302671
302773
303841
305214
305470
308207
309551
309844
312796
313028
313620
315128
315350
315922
315968
317660
318685
318753
319014
319816
323155
323237
323266
323964
324100
325959
326951
328335
328834
329855
332209
333103
333179
333278
333899
334386
334461
336126
336706
336902
337245
337466
337491
337713
338544
340482
340737
340900
343187
343249
343720
343841
344285
344422
347435
348926
351992
354814
356172
356581
357512
359652
360849
361180
361599
362450
362849
365875
366492
366898
367219
367736
368004
368096
368282
368325
369131
372925
373986
376192
378474
378663
382476
383935
384348
386156
386434
386518
389256
389361
390751
391364
394693
395402
397835
397900
398116
398799
399347
399905
400341
401701
402262
404579
405566
405591
405606
406388
406844
407213
407816
408100
408788
410321
410560
410838
411695
412197
413481
416298
417042
418314
419027
420522
420665
420800
421109
421462
421856
421956
422538
422586
423049
423679
426870
427790
429128
434091
436177
439387
439712
440343
441614
441945
442530
442964
443085
444829
444998
445768
447427
448369
449605
449741
450013
450274
451059
451137
451630
453950
455367
455951
457940
458377
458836
460988
465380
466130
466737
469194
469318
469945
470255
470856
471303
471468
472242
472289
472367
472580
474281
474345
476575
478248
481823
481901
481983
482023
482782
482845
483230
483576
483984
485587
485683
486182
486429
486900
487328
488760
489238
490250
491082
491482
492661
492979
493208
493540
495098
498460
499493
499692
500306
500990
503856
504114
504719
504919
505430
505460
507468
508891
509565
511093
512320
512405
512665
513939
515665
515803
516323
516672
517261
517371
517549
517906
518405
519635
520081
522681
522786
522799
524258
526779
528150
528350
528992
529804
529841
532088
532619
532805
533016
535724
536068
537134
537589
537861
539392
540770
540897
543291
543360
543948
544441
544622
544765
545304
545419
545732
546778
547000
547480
547594
548368
548529
550238
551690
553660
553686
556245
556354
557347
558298
559154
560138
560271
560939
562049
562729
562854
564083
564453
564680
565236
565720
565954
566869
567750
568019
568054
568218
568231
568553
569976
572439
572528
573017
573955
574356
574367
575918
576640
580228
580498
580960
581655
581964
582014
582669
584346
584708
584808
585602
585857
587390
587950
589695
590203
592486
592665
593756
594836
594895
594951
595017
596526
597713
598472
600506
600731
600912
602161
604997
607501
608541
609141
610187
610554
610926
612196
613160
613176
613339
614204
614744
616425
616612
618123
618240
618911
619480
620088
620803
624730
626435
626761
627454
628514
629060
630136
630247
630272
632977
634263
634491
635946
637828
639175
639304
642291
642396
642659
643088
644055
644610
644672
645036
645172
645326
646479
646884
648179
648759
649037
649371
649971
650028
650420
650747
651488
651977
652260
652721
652722
653158
654599
655709
655938
659337
660610
661260
661625
662046
662950
663200
664131
664135
664432
664440
664857
665043
665312
665776
666108
667210
668691
669556
671151
671713
672230
672412
672838
673075
674535
676664
676988
678271
679462
680052
680403
680418
681172
681387
682339
683308
686169
686378
686544
687043
687185
690566
691521
691738
693392
695869
696810
698547
700919
701090
702771
703760
703771
705560
705608
706272
706508
706988
708286
708316
708443
708493
709534
711281
711553
711631
712012
712399
712872
712970
713186
713331
713537
713987
714326
715010
716355
716664
717111
717217
717446
718246
721689
721767
721949
722018
722052
722620
723143
723810
724001
725292
727381
728100
728907
729118
729382
729532
729882
731427
731937
732478
733163
733936
734158
737110
739157
739433
740388
740942
742135
742474
744345
744682
745827
746368
746596
748732
749554
751199
752907
753335
753790
754051
754813
754944
755432
757341
758217
759048
761314
761988
762628
763236
763370
764436
764866
765374
765704
766060
766722
767309
767654
767930
768937
770018
770352
771618
776298
776301
776730
776745
776751
776813
777187
777908
778446
778955
779248
780850
781542
782166
785696
786019
786637
787252
788232
790124
790223
790385
793230
795013
795123
795822
796134
797660
799270
800175
800434
800538
801047
801226
802286
802353
802370
804254
805103
805975
807154
807727
808360
808622
809184
810058
811100
812090
812325
812981
813185
813938
814184
814250
814506
814518
814575
814792
814813
815665
816055
816579
817666
818306
818460
818707
819929
820280
820385
821556
822386
823050
824683
825574
826408
826992
828424
831881
832196
833286
834271
835240
835594
836170
836617
836679
836998
837135
839014
839359
840080
840335
840474
841065
841300
841937
841973
844305
844434
846948
847152
848562
849701
849760
850317
850543
851557
852932
853184
854073
854608
855689
856183
856415
856603
857869
857871
858089
859972
861347
862879
864320
864368
865485
865939
866728
866956
868896
869284
869932
870209
871586
871971
872222
874237
874825
875017
875144
876237
877042
878865
879364
880369
880562
881337
885078
887257
887495
888798
888919
889631
890212
892475
893035
895302
896433
897400
898822
899089
899756
900907
901895
903783
904419
904801
905580
906293
906607
906762
909674
910697
911015
914372
916728
920476
921327
923690
923843
923887
924853
929899
932358
933668
933978
934239
934894
936407
936703
937760
938414
938828
940973
941128
941885
942441
942818
943537
944736
945931
946365
946736
948085
950997
952949
953102
953475
953639
954455
954632
955122
956374
956611
958452
961187
963814
964154
964855
965866
966688
967803
967913
968146
972058
972447
972522
972574
973275
974033
975128
977521
978009
978513
978548
979262
979580
979671
980772
981903
981977
982234
982961
983111
983468
984308
984657
987258
987345
987411
987820
989138
989634
990474
991772
992543
994398
994444
995292
995487
995710
998125
998936
1001065
1001458
1002501
1002506
1003121
1003736
1003746
1003793
1003912
1006749
1007966
1010047
1011145
1012016
1013081
1014149
1014920
1015711
1016021
1018347
1018614
1019607
1019821
1021101
1021431
1021911
1022294
1023163
1025419
1026235
1026304
1026465
1026772
1030418
1031941
1032002
1032204
1033749
1034044
1034199
1034491
1035050
1035185
1035205
1036498
1038301
1038903
1040798
1042743
1042866
1043030
1043348
1043864
1043914
1044645
1045772
1049016
1049215
1050358
1051186
1055169
1058214
1060235
1060336
1060694
1063065
1065416
1065538
1066750
1067981
1070114
1071673
1071788
1073764
1075002
1075161
1075999
1076001
1076492
1077472
1078589
1079039
1079080
1079260
1083850
1085865
1090666
1092283
1092397
1095553
1097324
1098698
1099554
1100101
1100197
1101353
1102831
1102889
1104618
1105140
1105377
1106002
1107142
1107535
1107556
1108126
1108634
1110218
1110444
1111528
1111575
1112753
1114353
1116419
1116541
1117344
1118218
1121380
1121389
1121845
1123048
1124938
1126502
1126672
1127372
1127812
1127887
1128070
1129135
1129896
1130702
1131672
1132438
1133955
1134345
1136981
1137755
1139038
1142813
1143591
1144301
1145659
1146200
1147527
1149598
1150157
1151409
1152872
1154358
1154635
1154760
1155387
1157288
1157379
1157751
1157755
1158758
1160599
1161167
1161957
1163687
1164989
1167317
1167866
1167923
1168596
1169008
1171290
1171351
1171562
1171837
1172526
1174351
1176862
1177834
1178960
1179027
1181198
1184678
1185760
1186808
1187103
1187223
1187417
1189074
1190180
1190494
1192716
1193205
1193874
1195334
1198153
1198375
1199001
1199350
1201122
1201176
1202334
1202552
1205983
1206120
1207831
1208034
1208485
1210956
1211788
1212148
1213570
1214550
1217276
1219706
1220299
1221858
1224330
1225078
1226492
1226605
1227551
1228444
1228553
1229649
1231383
1231580
1232548
1232658
1232891
1235277
1235765
1237879
1238404
1239890
1240906
1241001
1243860
1244206
1244593
1244992
1245297
1246114
1246939
1246977
1248967
1249365
1249801
1255343
1255571
1256341
1262252
1262529
1262531
1262918
1263449
1263645
1264375
1264441
1265637
1265689
1265696
1265861
1266619
1267941
1268154
1269944
1271023
1272869
1275288
1277697
1279023
1279202
1281134
1281308
1282655
1283105
1283444
1283526
1284138
1284249
1284755
1285947
1285964
1287003
1287405
1290101
1290354
1290939
1294839
1296436
1296499
1297046
1297662
1300866
1302971
1308572
1308859
1309501
1309610
1309765
1310220
1310722
1310768
1311100
1311304
1311418
1311559
1311937
1312037
1312308
1312475
1313715
1314419
1314786
1315031
1315356
1315458
1315602
1316001
1317420
1318006
1320694
1322040
1323837
1325379
1325792
1325887
1326097
1326437
1326687
1326880
1327172
1328063
1328128
1328656
1329174
1329565
1329848
1330386
1330469
1331057
1332165
1332851
1333878
1334266
1334282
1337016
1337333
1340807
1340991
1341195
1341769
1341986
1342193
1342324
1342403
1343934
1344387
1344794
1345494
1347042
1347914
1348794
1349607
1349953
1352445
1352656
1354864
1355178
1355486
1356487
1356799
1357126
1357275
1358011
1359938
1360430
1360610
1361121
1361207
1361353
1361701
1361743
1362764
1362973
1364130
1365888
1366023
1366637
1366848
1368156
1370303
1370540
1371740
1372198
1372573
1372784
1374704
1375075
1375732
1375779
1376299
1380554
1381098
1382360
1382806
1383710
1384541
1384983
1385359
1385412
1386723
1387145
1387491
1388719
1388864
1389263
1389526
1390930
1391610
1392494
1392612
1392949
1393044
1393883
1394004
1394660
1395211
1395622
1396945
1397311
1399055
1399336
1399387
1400016
1400971
1401197
1403031
1403345
1403435
1404706
1408179
1408641
1409436
1410157
1411091
1412061
1412361
1415051
1415363
1415939
1416817
1417000
1417040
1417090
1418101
1418150
1418174
1420469
1421529
1423485
1423790
1424342
1425459
1426287
1427200
1429866
1430219
1430383
1432260
1436522
1437208
1442737
1444213
1444935
1445129
1447864
1451970
1452346
1452880
1454117
1455992
1456093
1456660
1457131
1457402
1459138
1459261
1460329
1461645
1462202
1462370
1462783
1463098
1463254
1463643
1465536
1466012
1466184
1467061
1468054
1468111
1469073
1470242
1470451
1472019
1473244
1473428
1474399
1475885
1475990
1479161
1480487
1480942
1481020
1481343
1482620
1482900
1483462
1483937
1485626
1485713
1486965
1487015
1487986
1488224
1489412
1489971
1490094
1490673
1491052
1492401
1492467
1496386
1496403
1497029
1497688
1499237
1499843
1502358
1504791
1505019
1508305
1509129
1509898
1511728
1511925
1512244
1512408
1512431
1512578
1512663
1512824
1513273
1513471
1513519
1513766
1515685
1518921
1519304
1520703
1520725
1521006
1521627
1521759
1523049
1523477
1523550
1523733
1523984
1524015
1524342
1524424
1524848
1525137
1525449
1526509
1527888
1529566
1529633
1529730
1530748
1530826
1532677
1533167
1533252
1535876
1537259
1537614
1537713
1539207
1539222
1539527
1539529
1539914
1541536
1542433
1543056
1543392
1546404
1548247
1548698
1549869
1552212
1552394
1553304
1553458
1556451
1556527
1556955
1557890
1558001
1558106
1558494
1560334
1560473
1560787
1561205
1561982
1562091
1563188
1564274
1565331
1565383
1565658
1565903
1566728
1567358
1567603
1568574
1569489
1569961
1570601
1571154
1571582
1572500
1572969
1573023
1575587
1576478
1576793
1577013
1577771
1578092
1578245
1579410
1580114
1583287
1583830
1585162
1585428
1585528
1586784
1587890
1589013
1589471
1589476
1590226
1590272
1591385
1591469
1591637
1592659
1594470
1595601
1595692
1595755
1596070
1598554
1598591
1598749
1598903
1599000
1599010
1599219
1599515
1599727
1600020
1601263
1601421
1601559
1601613
1601786
1601963
1602096
1602318
1603857
1604983
1605657
1606243
1608028
1608063
1608637
1609392
1609554
1609801
1609838
1611123
1611197
1612029
1612488
1612707
1613226
1613351
1615300
1615453
1615697
1616443
1616502
1616667
1618428
1618924
1619514
1620159
1620644
1620841
1621745
1622864
1623481
1623512
1623631
1623671
1623704
1625417
1627125
1627173
1627846
1628046
1628332
1628345
1629111
1630431
1630609
1630715
1631133
1631352
1632251
1632361
1632868
1633174
1634188
1634418
1634588
1634834
1635013
1636623
1637251
1637493
1637834
1638092
1639423
1639590
1640044
1640235
1641442
1642174
1645165
1645646
1646231
1646382
1646476
1647197
1647705
1648714
1648802
1649562
1649845
1650146
1651409
1651796
1652262
1652519
1652640
1653562
1653614
1654909
1655100
1655719
1656219
1656687
1656791
1659568
1659733
1659995
1660930
1661965
1662972
1664557
1664877
1665652
1666466
1667254
1668281
1668475
1668957
1669902
1671255
1671516
1672696
1673402
1679632
1686476
1688335
1688502
1690491
1691418
1692404
1694933
1696008
1696283
1696883
1698275
1699344
1700189
1700598
1701917
1702955
1705290
1706818
1707152
1710206
1711361
1713252
1714065
1714106
1714126
1718833
1719467
1721653
1723518
1724624
1725379
1725521
1725647
1726017
1726697
1728097
1728680
1728860
1729367
1729652
1730233
1730973
1731500
1732337
1732852
1733651
1733663
1735163
1735694
1735983
1736400
1737558
1738958
1740097
1740751
1740985
1742146
1742448
1743674
1745104
1745912
1746028
1746472
1746883
1748734
1748758
1749333
1751462
1751937
1753000
1754421
1754866
1755704
1757916
1758844
1759867
1760634
1761179
1761476
1764166
1764593
1764669
1765381
1766940
1767750
1768009
1768081
1768775
1768899
1768929
1769281
1769512
1769850
1770774
1771219
1771412
1772490
1774375
1775615
1778032
1779528
1780606
1780758
1780835
1782405
1782472
1785435
1785501
1785547
1786705
1788232
1789944
1794777
1796678
1797641
1798126
1800779
1801160
1802245
1802541
1803645
1803743
1804273
1804576
1805300
1807537
1807564
1810407
1810478
1811793
1811794
1811851
1814027
1814860
1816101
1817437
1817444
1818221
1818442
1818876
1819263
1819757
1821775
1822030
1822486
1822587
1822729
1823055
1824242
1825376
1826037
1827729
1828418
1829092
1829480
1829805
1829806
1831386
1833990
1834693
1835547
1836343
1836537
1836540
1837542
1837859
1838477
1838619
1844168
1844829
1844831
1846204
1846384
1846586
1846782
1849426
1849442
1853305
1853478
1853716
1854814
1855784
1855820
1857537
1860354
1865447
1865512
1865659
1865841
1866218
1867592
1869140
1869691
1870448
1871980
1872143
1874089
1875565
1875857
1877747
1880012
1881237
1882311
1884672
1884753
1884932
1885537
1886242
1886537
1886552
1886878
1887962
1888404
1888612
1888713
1889097
1889648
1890269
1890304
1891204
1891262
1891292
1891473
1892030
1892078
1892695
1893314
1893490
1895050
1895294
1896038
1896473
1897104
1897561
1897636
1897829
1897855
1899010
1899299
1899541
1899803
1899815
1900288
1901223
1901442
1901590
1902154
1902407
1903230
1903319
1903501
1903554
1903557
1904161
1904513
1904909
1905271
1905285
1905451
1905583
1905749
1905865
1906463
1906781
1906897
1906982
1907131
1907150
1907228
1907727
1908436
1908525
1909108
1909139
1909243
1910198
1910468
1910513
1911168
1911257
1911306
1911452
1912118
1912372
1913607
1914609
1915062
1915613
1916368
1916370
1916662
1917397
1917461
1917678
1917850
1918606
1919054
1919456
1919805
1919950
1920963
1921404
1921555
1922169
1922227
1922289
1922552
1922725
1922910
1923439
1923864
1924418
1924580
1924659
1924770
1925172
1925392
1925631
1926042
1927599
1927908
1929729
1929869
1929901
1930013
1930074
1930093
1930184
1930388
1930508
1930609
1930610
1931313
1932236
1932717
1932915
1933294
1933390
1933792
1934140
1934550
1934562
1934909
1935162
1935484
1935644
1935838
1936204
1936225
1936659
1937684
1937826
1938012
1938278
1938393
1938828
1939298
1939923
1940042
1940330
1940421
1940517
1940823
1941059
1941736
1941917
1942178
1942384
1942454
1943036
1943130
1943163
1943294
1943364
1943607
1943684
1943711
1944134
1945182
1945300
1945500
1945625
1946123
1946196
1946202
1946207
1946313
1946680
1946727
1946995
1947077
1947089
1947653
1947685
1948379
1948538
1948741
1949157
1949601
1950104
1950410
1951241
1951412
1951415
1951635
1951694
1952484
1952608
1952763
1952873
1953090
1953779
1953839
1954888
1955444
1955791
1956111
1957071
1957714
1957838
1958631
1959486
1959770
1960012
1960095
1960139
1960172
1960852
1961426
1961733
1962626
1963343
1964871
1965013
1965224
1965621
1966119
1966181
1966846
1967354
1967603
1968234
1968409
1968504
1970091
1970693
1970923
1972129
1972468
1972474
1972688
1972709
1972955
1973838
1974661
1974682
1974937
1975174
1975323
1976190
1976367
1976609
1978196
1978456
1978721
1978838
1978981
1979305
1979796
1980638
1981073
1981074
1981428
1981727
1982015
1982407
1982680
1982698
1982732
1982878
1983144
1983995
1984315
1984750
1985087
1985357
1985811
1985961
1985991
1986369
1986618
1986671
1986863
1987805
1988655
1989382
1989749
1991977
1993125
1993586
1993589
1993616
1995284
1995312
1995525
1995846
1996105
1996477
1996753
1997388
1997443
1997870
1998260
1999020
1999034
1999061
1999625
2000076
2000522
2001157
2001193
2001253
2001573
2002105
2002106
2002600
2002754
2002865
2002997
2003464
2004028
2004052
2004658
2005389
2006174
2006600
2006621
2006637
2006869
2006876
2007701
2007838
2007993
2008171
2009048
2009687
2009877
2011510
2011705
2012355
2012469
2012757
2014308
2015302
2015475
2016048
2016708
2017258
2017459
2018318
2018440
2018803
2018932
2019726
2019999
2020382
2021135
2021430
2021480
2022199
2022277
2022421
2023211
2023952
2025315
2026161
2026744
2026778
2026844
2027458
2029616
2030524
2030630
2031012
2031044
2032738
2033737
2034354
2035667
2036588
2040601
2041634
2041760
2041926
2042575
2042727
2043276
2043356
2043433
2043537
2045463
2046955
2047481
2047544
2048635
2048639
2049742
2050365
2051275
2051601
2055354
2056725
2056946
2057379
2057782
2059609
2059948
2062112
2063657
2063696
2063944
2064321
2064793
2065977
2066224
2067147
2067790
2067870
2068208
2068281
2069364
2070769
2072291
2075568
2075577
2075649
2075777
2076519
2076524
2076911
2077253
2077788
2079770
2079850
2080472
2082605
2083776
2084056
2085004
2086749
2087147
2087416
2087589
2088068
2088959
2089709
2090167
2090988
2091920
2092050
2092051
2092086
2092380
2092856
2093096
2093646
2093746
2094014
2094249
2094659
2095894
2096810
2097233
2100312
2103559
2104297
2105185
2106866
2107618
2108774
2108982
2109112
2109751
2110109
2110366
2110511
2111015
2111114
2111950
2112150
2112967
2114203
2114527
2115104
2115689
2116089
2117303
2118525
2118600
2121581
2121953
2122547
2122797
2123682
2125129
2125876
2125959
2127437
2129545
2130203
2131266
2134041
2134335
2134651
2134725
2135487
2137025
2137982
2138087
2139260
2139645
2140122
2141150
2141238
2143516
2143966
2144250
2145445
2146087
2146969
2147086
2147720
2148427
2150505
2152063
2152189
2152784
2152970
2153845
2153863
2155357
2155583
2156271
2157182
2157692
2157913
2158523
2158659
2158976
2159345
2160012
2161187
2161874
2162582
2163658
2163995
2165525
2165790
2166536
2166573
2168542
2168558
2169376
2169762
2170033
2171782
2172156
2172512
2173706
2174088
2174144
2174717
2174833
2174857
2174886
2176224
2177172
2177200
2178751
2178948
2178995
2179648
2179846
2180348
2180871
2181565
2181669
2181716
2182063
2182155
2182307
2182692
2182887
2183681
2183693
2186039
2186268
2186770
2187710
2187770
2189086
2190790
2192510
2192895
2193051
2193665
2193951
2194574
2194620
2194654
2195457
2196179
2196519
2196801
2198029
2199786
2200401
2200508
2201425
2201984
2201993
2202166
2202990
2203305
2204231
2205762
2207680
2207875
2209247
2210123
2210606
2210841
2211466
2212680
2212758
2213857
2214627
2215009
2215037
2216373
2217485
2219951
2220055
2220234
2220412
2220825
2220933
2221915
2222077
2222163
2222470
2223858
2224294
2227040
2227070
2228440
2229293
2229531
2231437
2233537
2233709
2236358
2236364
2237048
2237604
2237747
2238029
2238102
2239971
2240216
2241060
2241888
2242171
2242351
2243502
2244163
2245976
2246487
2249136
2249751
2250742
2251664
2252075
2252425
2252469
2253187
2253322
2254601
2256442
2256843
2257093
2257131
2257322
2257689
2258081
2258140
2258307
2258487
2258637
2259565
2260649
2261815
2262391
2262867
2264870
2265298
2265832
2266339
2268025
2268758
2270142
2270413
2271653
2272425
2272786
2272940
2273852
2274191
2274733
2278884
2280867
2282862
2283765
2284396
2285339
2285387
2287347
2289142
2289621
2291302
2292261
2293282
2294871
2295237
2296947
2296997
2298712
2299393
2299561
2299779
2301382
2302218
2302941
2303694
2304239
2304919
2306105
2310905
2312421
2313964
2314520
2315000
2316243
2316558
2317104
2319228
2319681
2322563
2329590
2329801
2331189
2333994
2336321
2337589
2337967
2338505
2339073
2340251
2341625
2342031
2345347
2345874
2346936
2347201
2347527
2348774
2349420
2349591
2349940
2351395
2354710
2355861
2358413
2360480
2360491
2362188
2362424
2366062
2366785
2366817
2369304
2369389
2369828
2369920
2370190
2372493
2372824
2373011
2373142
2373199
2374432
2375558
2375662
2376512
2377888
2378337
2379131
2380061
2380779
2382406
2382994
2383176
2384125
2386616
2386889
2388455
2388519
2389447
2390875
2392813
2392862
2393038
2397249
2399254
2400832
2402280
2402990
2404944
2408583
2411981
2413722
2414546
2415024
2415047
2415397
2415933
2415935
2416451
2417411
2418588
2418814
2422935
2423208
2424402
2424725
2425351
2425663
2428800
2429138
2430305
2430496
2431703
2432572
2433847
2435740
2440223
2440834
2443081
2444640
2445280
2446517
2448925
2449258
2450683
2450885
2452582
2452871
2457429
2457974
2460023
2463443
2463793
2464515
2469689
2470003
2472032
2473075
2473945
2474090
2474882
2475235
2475428
2476157
2477080
2477538
2478238
2478261
2478419
2478538
2478885
2479696
2479981
2480546
2480932
2485812
2486386
2489446
2489710
2489719
2491031
2491859
2496942
2497250
2497419
2497808
2499203
2500219
2500372
2500655
2501833
2504024
2504306
2504727
2505488
2505594
2507074
2508553
2511755
2511956
2514130
2515125
2515187
2515688
2515749
2515916
2516513
2516728
2516877
2517192
2517298
2517367
2518284
2518785
2518830
2521198
2521718
2521936
2522506
2523758
2523857
2523876
2524882
2526079
2526155
2526481
2528824
2528995
2529291
2529612
2530330
2530338
2530667
2530672
2532123
2536554
2537515
2538433
2538507
2538867
2539316
2541013
2541115
2541155
2541596
2542340
2544358
2545647
2546485
2546748
2547987
2549207
2553206
2553465
2554522
2556357
2556358
2556727
2557346
2557359
2557831
2561746
2562478
2563617
2565129
2565429
2567363
2568391
2568737
2569298
2569975
2571417
2571597
2573275
2573283
2574232
2574709
2575717
2575894
2576059
2577136
2578462
2580870
2581415
2583080
2583371
2584250
2584979
2585324
2585961
2586148
2587054
2587307
2587742
2588632
2588650
2589272
2590473
2590696
2590747
2592147
2592148
2593030
2593311
2593326
2593894
2594597
2595826
2596251
2596324
2596802
2597794
2599882
2599895
2600866
2600937
2601377
2602257
2603303
2603480
2603671
2603887
2605552
2606627
2606711
2606808
2608623
2609481
2610383
2610654
2611226
2611674
2612194
2616161
2616433
2616613
2617711
2619096
2619277
2619585
2619862
2620150
2622546
2624204
2625440
2625516
2626455
2626833
2627216
2629002
2630019
2630249
2630449
2631887
2632096
2633539
2634405
2635231
2635533
2635790
2636934
2637164
2638036
2639576
2640810
2642005
2642478
2642652
2644036
2644335
2644701
2646187
2646338
2646641
2647455
2647637
2647663
2648225
2648888
2649430
2650058
2650207
2651088
2651568
2651684
2651794
2651907
2652541
2653799
2654528
2655198
2655336
2657373
2659089
2659172
2659415
2659615
2660043
2660219
2660543
2660826
2660864
2661666
2662576
2663666
2664597
2665046
2665520
2666139
2666266
2669446
2669894
2672202
2672420
2674739
2674976
2675442
2676841
2678598
2678673
2678685
2680303
2682043
2682541
2683182
2683342
2683639
2685427
2685927
2688588
2689141
2690031
2690052
2690100
2690269
2690355
2690723
2690958
2690971
2690984
2693193
2693291
2693929
2694463
2694772
2694846
2695130
2697220
2697573
2698777
2698908
2698920
2699102
2699388
2699817
2699867
2700144
2700406
2700946
2700964
2701043
2701546
2702854
2702885
2703330
2704151
2704545
2704744
2704913
2705603
2705774
2706453
2706579
2706589
2706730
2706752
2706890
2707717
2707773
2708232
2708559
2708616
2708652
2710073
2710780
2711345
2711483
2711735
2711813
2712951
2713085
2713196
2713341
2713582
2714078
2714230
2714363
2714498
2714637
2716221
2716610
2716852
2716948
2718157
2718247
2718707
2718845
2719326
2719422
2719567
2719923
2720756
2720817
2721661
2723721
2724384
2724552
2724558
2724636
2724722
2724763
2725136
2725210
2725292
2725447
2725838
2726512
2726648
2726994
2727923
2727928
2728133
2729429
2729895
2730918
2731810
2732117
2732757
2733208
2733312
2733568
2733850
2735054
2735179
2735276
2735340
2736476
2737017
2737999
2739053
2739165
2739696
2739816
2740872
2741977
2742053
2742282
2742290
2742577
2743116
2743269
2743609
2744772
2744923
2745179
2745725
2746479
2746557
2748277
2748554
2748923
2749690
2750209
2750226
2750630
2750674
2751103
2751198
2751395
2751733
2752651
2752707
2752770
2752906
2754084
2754215
2754492
2754885
2754935
2755932
2756147
2756452
2756669
2758104
2758706
2759257
2759525
2760251
2760312
2761612
2761747
2762065
2762153
2763350
2763849
2764350
2764398
2764790
2765757
2765999
2766057
2766087
2767100
2767736
2768146
2768479
2768957
2770147
2770813
2771062
2771498
2771546
2771811
2772698
2773019
2773313
2774206
2776533
2776854
2778733
2780205
2781730
2784254
2785738
2786065
2786344
2787472
2787550
2787918
2788027
2789191
2789225
2791073
2792356
2795124
2795546
2796306
2798111
2799153
2799180
2800454
2801327
2802030
2802901
2802938
2803432
2804921
2805505
2805530
2805549
2805554
2806070
2808112
2808685
2808759
2808944
2811000
2811170
2812513
2813150
2813377
2813865
2814353
2814371
2814489
2814509
2816038
2817482
2818661
2819892
2819900
2819937
2821335
2821427
2822173
2822399
2822570
2822669
2822714
2823267
2823630
2824922
2824975
2825063
2825445
2825494
2825894
2825905
2826189
2826213
2826276
2826315
2826607
2826702
2826955
2827071
2827082
2827294
2827622
2827974
2828164
2828754
2829413
2829448
2829802
2830078
2830126
2830783
2831015
2831112
2831801
2832139
2832430
2832703
2833177
2833191
2833864
2834632
2834797
2834828
2835453
2835660
2835823
2835866
2835983
2836097
2836154
2837049
2837995
2838010
2838178
2838243
2838342
2838495
2839485
2839789
2841271
2842059
2842926
2842932
2843419
2844054
2844183
2845268
2845489
2845688
2845916
2846519
2846665
2847761
2847944
2849702
2850011
2851376
2853555
2853595
2853869
2853974
2854156
2854792
2857744
2858043
2858185
2858683
2859199
2859263
2860255
2864451
2864465
2865659
2866123
2866246
2867175
2868626
2868837
2869353
2871196
2873065
2873088
2873988
2875652
2875754
2876592
2877198
2878023
2878409
2878735
2879013
2879401
2880084
2880776
2881178
2881379
2884889
2885068
2886176
2886612
2886939
2888350
2888497
2888939
2890947
2891305
2891573
2891824
2891927
2892004
2892197
2893263
2893438
2893800
2894564
2895975
2897095
2898223
2898401
2898574
2898739
2898867
2899384
2899930
2900111
2901157
2901618
2901988
2903325
2905471
2905584
2908903
2909500
2910083
2910364
2910564
2913343
2914095
2917352
2918849
2919392
2919432
2920993
2921355
2922295
2924360
2924402
2925043
2925228
2925446
2926257
2927004
2927089
2927326
2929060
2929590
2929954
2930899
2931307
2931930
2932194
2933020
2933592
2933694
2933735
2933941
2934494
2934740
2935469
2935857
2936433
2936974
2937739
2937872
2938003
2938454
2939702
2940367
2940707
2942957
2943155
2943422
2943560
2943658
2944209
2944768
2945680
2946577
2947986
2948278
2949846
2950556
2951760
2952286
2952774
2953409
2956080
2956539
2957178
2957834
2957958
2958132
2958172
2959381
2959620
2959917
2962039
2962079
2962810
2963879
2964074
2964479
2964704
2969175
2969555
2970179
2978046
2978065
2978662
2979469
2980245
2980951
2981558
2982829
2984084
2986373
2987159
2988979
2988996
2989508
2990212
2990671
2991226
2992938
2993132
2993208
2993471
2993690
2994529
2997802
2997955
2998828
3000234
3001585
3003074
3004088
3005210
3005618
3006243
3006466
3007856
3007989
3008765
3009666
3009980
3013461
3014373
3015833
3016660
3016871
3018246
3020379
3021276
3023974
3024029
3025062
3027491
3028016
3029915
3030123
3030514
3030519
3030958
3031201
3031398
3032174
3033085
3034771
3035459
3035877
3035915
3036994
3037472
3037839
3037985
3038013
3038953
3040597
3040943
3042797
3044960
3046189
3046568
3046702
3047012
3047314
3048424
3049535
3049664
3051796
3052142
3052263
3053099
3054415
3054934
3055722
3056671
3056688
3056715
3056716
3058625
3061644
3061816
3062537
3062812
3064724
3065797
3066942
3070655
3070792
3071559
3072175
3072407
3072657
3073971
3073984
3074191
3075219
3075922
3076315
3076590
3077341
3077454
3078402
3081762
3082805
3083901
3085118
3085131
3086609
3087017
3087750
3090885
3091217
3094106
3094206
3095262
3095515
3096292
3098467
3098547
3099785
3100261
3101077
3101400
3102164
3104423
3106773
3107588
3108181
3108387
3109548
3109772
3110422
3110914
3115379
3115412
3116128
3117092
3117305
3117821
3119172
3122670
3124578
3125031
3125842
3126669
3126808
3127226
3127317
3127382
3127712
3127971
3127989
3128153
3128164
3128583
3129123
3129150
3129176
3129584
3129678
3130238
3130671
3131624
3131778
3131930
3131967
3132703
3132825
3133433
3133905
3134346
3134814
3134963
3135918
3135963
3136506
3136646
3136724
3137083
3137143
3137860
3138130
3138347
3139144
3139452
3140069
3140158
3140402
3140697
3142304
3143054
3146857
3147292
3148549
3148726
3149393
3149668
3149722
3150270
3152643
3152750
3152946
3156679
3157830
3158989
3160745
3160795
3161772
3166143
3167764
3168210
3168897
3169011
3169911
3172981
3173393
3173767
3174818
3176057
3176546
3176891
3176951
3177746
3179397
3181617
3181945
3183613
3184216
3184895
3185082
3185622
3186823
3187212
3187879
3188342
3189449
3190438
3190734
3193323
3194503
3194518
3195953
3197705
3197775
3199007
3202664
3203596
3206175
3206337
3206552
3207200
3208704
3208919
3208971
3211073
3213389
3214408
3215172
3215613
3216367
3217228
3217363
3219088
3219651
3219813
3220037
3220437
3220993
3221224
3223428
3224922
3224965
3226744
3227386
3227914
3228610
3231356
3232679
3232986
3234198
3234534
3238328
3238854
3240140
3240402
3243018
3243540
3243885
3244311
3244470
3244725
3245126
3245677
3246995
3247153
3247729
3248312
3248890
3251355
3251410
3254180
3255530
3256258
3256524
3257405
3258479
3260533
3260947
3262085
3262969
3263225
3263568
3264069
3264793
3266666
3266893
3267050
3270587
3270743
3271586
3272661
3272739
3273699
3274052
3274348
3274571
3274580
3276515
3276978
3277972
3278548
3278664
3280069
3280280
3280697
3280943
3281881
3282583
3283956
3284238
3284505
3284622
3285046
3285071
3285831
3287430
3287812
3288223
3288874
3289985
3290370
3290582
3292332
3292449
3294765
3294903
3296008
3296380
3296465
3297486
3297495
3297773
3297924
3298908
3299696
3301265
3301330
3303160
3303360
3304293
3304601
3307706
3308371
3308719
3309467
3310176
3311290
3311590
3312486
3312670
3313788
3314302
3314935
3315173
3315912
3317090
3317227
3317794
3318848
3319596
3319645
3320520
3320635
3320660
3322337
3323568
3324568
3324743
3324762
3325216
3325398
3325926
3325927
3326165
3326171
3326337
3327156
3327285
3327543
3327927
3328368
3328545
3330742
3331220
3331809
3331930
3332027
3332873
3333535
3333549
3333903
3333964
3334772
3335136
3335191
3335225
3335253
3335359
3335631
3336364
3336461
3337068
3337265
3337578
3338683
3339661
3339781
3339972
3340049
3341142
3341774
3342168
3342226
3342436
3342906
3343228
3343367
3343395
3343580
3344409
3344468
3344724
3345859
3346465
3346987
3347413
3347419
3348189
3348340
3348713
3348940
3349796
3350399
3350566
3352144
3352736
3353165
3353401
3353432
3353645
3354482
3354879
3354890
3354980
3355008
3355788
3356004
3356030
3357017
3357125
3357731
3357784
3359094
3359095
3360219
3360223
3360624
3361555
3361701
3362511
3363382
3363623
3364436
3364615
3364779
3365023
3365637
3366112
3366335
3366482
3366488
3366703
3368416
3368807
3369157
3369780
3371142
3371377
3371485
3371754
3372719
3372989
3373248
3374188
3374322
3374457
3374787
3376262
3377122
3377452
3377624
3378045
3378074
3378581
3378816
3378941
3379157
3379507
3379755
3379758
3379908
3380247
3380410
3380536
3381177
3381638
3382174
3382253
3382969
3383125
3383353
3384225
3384431
3384503
3385248
3387981
3388002
3388025
3389405
3390506
3391800
3392006
3392360
3395413
3396121
3396204
3396378
3397121
3400072
3401635
3402988
3404334
3404861
3405337
3408456
3409513
3411672
3412666
3413625
3414206
3415792
3416266
3417120
3418394
3419215
3419900
3420243
3425025
3425749
3426075
3426275
3428564
3429963
3431890
3433363
3434955
3435947
3436623
3438128
3438168
3438608
3438939
3439548
3440480
3441853
3445895
3448751
3449838
3451498
3451959
3452065
3452285
3452298
3452581
3453277
3453722
3454830
3455144
3455305
3455773
3455841
3456700
3457078
3457283
3458489
3459615
3461177
3461252
3461297
3462133
3462179
3462657
3463036
3463566
3464320
3464372
3464494
3465573
3465717
3466499
3466640
3467398
3468069
3468696
3468950
3469094
3469102
3469410
3470621
3470927
3471675
3472245
3472296
3472678
3473065
3473519
3474822
3474950
3475500
3475575
3475674
3475704
3476338
3477201
3477325
3480792
3481634
3484604
3490409
3492796
3494532
3495831
3497432
3497551
3501315
3502718
3503551
3504077
3504265
3504651
3505098
3506539
3506881
3508766
3509884
3510480
3510495
3510636
3511287
3511621
3511842
3512363
3513305
3513700
3514490
3514535
3514597
3521089
3522530
3522551
3522915
3524777
3526022
3526340
3527323
3528125
3528141
3528594
3528813
3529024
3529190
3529250
3532639
3533546
3533819
3533982
3535202
3535312
3535711
3536434
3536456
3537771
3541807
3542796
3542827
3543106
3543459
3543570
3543622
3543673
3544087
3545730
3546411
3548222
3548608
3550914
3551616
3551758
3551823
3552865
3552921
3553133
3554597
3554949
3555027
3555213
3555389
3558145
3559587
3559607
3559718
3560399
3561751
3564213
3565352
3565717
3566001
3566023
3566112
3566979
3567087
3567219
3569080
3569152
3569273
3569600
3569974
3569987
3570822
3572449
3572696
3574022
3574460
3574525
3574608
3574685
3575293
3575506
3575912
3576000
3576020
3576021
3576305
3576537
3576588
3576749
3577217
3578223
3578714
3578806
3579022
3579129
3579465
3579594
3579751
3579784
3579896
3580402
3580794
3580860
3581516
3581674
3582082
3582324
3582458
3583310
3583398
3583449
3583951
3584726
3586164
3586620
3587217
3587488
3590130
3590478
3590908
3591212
3591439
3591980
3592703
3594015
3594468
3594769
3594776
3595489
3595874
3596321
3596425
3596906
3596924
3597070
3597678
3598726
3599134
3599700
3601349
3601954
3602189
3603350
3604225
3604290
3604678
3604748
3605365
3605386
3605420
3606132
3606587
3606610
3608100
3608817
3609022
3611622
3611771
3612687
3613191
3613317
3613498
3615268
3615490
3615525
3615615
3615804
3616018
3618398
3619045
3619064
3619660
3619768
3620920
3620994
3621141
3621272
3621611
3621911
3623470
3623566
3624039
3624447
3625125
3625495
3626248
3626643
3626793
3628741
3630026
3630454
3631503
3632300
3633066
3634963
3635034
3635168
3636035
3636265
3636653
3637529
3637709
3639264
3642605
3642659
3647471
3647627
3647659
3648056
3648216
3648595
3649302
3651864
3652815
3654952
3656905
3657039
3657506
3658899
3659285
3660371
3662845
3664202
3666924
3667993
3669584
3676781
3678157
3678544
3679289
3679775
3680069
3680763
3681218
3681536
3681727
3682548
3683058
3683482
3683607
3683860
3684328
3684484
3684878
3685740
3686396
3686459
3686480
3686501
3686713
3687076
3687569
3690078
3692128
3693617
3695885
3696880
3697175
3697518
3697849
3698400
3698449
3699411
3699901
3701020
3702515
3704039
3704222
3704557
3704595
3704950
3705426
3706035
3706327
3706705
3708077
3708224
3710270
3710442
3710848
3713400
3713884
3714538
3714732
3716270
3717403
3718107
3718285
3718611
3719159
3720220
3721833
3722143
3722404
3722567
3723659
3724133
3724928
3725404
3726542
3727689
3729531
3729564
3729979
3731056
3731670
3733482
3734176
3735214
3735466
3736105
3736330
3736684
3738530
3738760
3739175
3739776
3740003
3740754
3741213
3741548
3741974
3742161
3744307
3744683
3744979
3745209
3747004
3748368
3748529
3748884
3749477
3750769
3751344
3752023
3753638
3754546
3755589
3755959
3756939
3757088
3758022
3758841
3759341
3760896
3761526
3761607
3762357
3764001
3766131
3766672
3766742
3766925
3767839
3768515
3768673
3768823
3772852
3774146
3777007
3777099
3783470
3783830
3784638
3785146
3785965
3789239
3789970
3791826
3792990
3793313
3793822
3796500
3796517
3796886
3797969
3798190
3798968
3799469
3800202
3800642
3801002
3801117
3801798
3802286
3803758
3804062
3804290
3804413
3804839
3807360
3807535
3808696
3808807
3808809
3809206
3809282
3809482
3810085
3810602
3811294
3811511
3812131
3812229
3812479
3812482
3813139
3814330
3814660
3815251
3816276
3817021
3819439
3819976
3821027
3822189
3822229
3822667
3824095
3824291
3825381
3825450
3825770
3825900
3826413
3827612
3828618
3828729
3829044
3829858
3830114
3830981
3831861
3832425
3832836
3834310
3834973
3835617
3836091
3838523
3838839
3839239
3840662
3841401
3841577
3841885
3842025
3842505
3842677
3844395
3845467
3845781
3846039
3846301
3846799
3847660
3849899
3850445
3850922
3852509
3852538
3853308
3854107
3854832
3855300
3855341
3855519
3855699
3856173
3856657
3856984
3857673
3858256
3858358
3858389
3859227
3859479
3859484
3859594
3859737
3860477
3860594
3860836
3861347
3863702
3864102
3865084
3865414
3865699
3865891
3866665
3866717
3868436
3868661
3868832
3868888
3869517
3869959
3870652
3870655
3871011
3871680
3871722
3872338
3872772
3874074
3875445
3875630
3876357
3877873
3878367
3878698
3879223
3880663
3880891
3882145
3882413
3882821
3883086
3883667
3884489
3884604
3885295
3885453
3885993
3886565
3887192
3887361
3889130
3889458
3889532
3889612
3891175
3891512
3892551
3892940
3893376
3893816
3893921
3894192
3894598
3894952
3896735
3897842
3899083
3900284
3900504
3901018
3901969
3902005
3902344
3902928
3903504
3903978
3904367
3904930
3905222
3906607
3906837
3907594
3907703
3908064
3909278
3909370
3910006
3912322
3913790
3914662
3914996
3915459
3916451
3916931
3917919
3917927
3918011
3919546
3920146
3921166
3922203
3922350
3922945
3923056
3923250
3923643
3924338
3924378
3924719
3925645
3925835
3927595
3928753
3929155
3929679
3930134
3931473
3931997
3933245
3933475
3933758
3935896
3936492
3937878
3938194
3938477
3938595
3940131
3940354
3943076
3943566
3943713
3945885
3946322
3946776
3946823
3948109
3948938
3949701
3949717
3950586
3951001
3951063
3951414
3951999
3952280
3953828
3956912
3957778
3958347
3959875
3960710
3960801
3960810
3960923
3961747
3962132
3962473
3962601
3962730
3962745
3962807
3962812
3963053
3964346
3964480
3964760
3965005
3965940
3966103
3966429
3966553
3967960
3969360
3969587
3972357
3973739
3974157
3974775
3976205
3976928
3977428
3978080
3978532
3980673
3981062
3982093
3982146
3982274
3982627
3983017
3983153
3983831
3984462
3985212
3985215
3985847
3987309
3988942
3989977
3990306
3990510
3990977
3991977
3992759
3993007
3993599
3993744
3995146
3996391
3997526
3998221
3998356
3999032
3999630
4001080
4001916
4002059
4002253
4002480
4003855
4004426
4004548
4004580
4004760
4005370
4005544
4005558
4006468
4006671
4006733
4007422
4007555
4007772
4007775
4008092
4008117
4008537
4009933
4010972
4011480
4011796
4012556
4012784
4013463
4013498
4015298
4015833
4016243
4016876
4017894
4018403
4019407
4020096
4020407
4020495
4020913
4020915
4021141
4021736
4021954
4021966
4022058
4022280
4024084
4024429
4024712
4024911
4025007
4025069
4025563
4025622
4025925
4026780
4028263
4028656
4028763
4028883
4028915
4029126
4029401
4029520
4030194
4031151
4032128
4032276
4032873
4033364
4034401
4034841
4035194
4036895
4038323
4039030
4039330
4039788
4042606
4045910
4046517
4047084
4047974
4048336
4049376
4049838
4050407
4051002
4051026
4052888
4053488
4054710
4055820
4056154
4056300
4060015
4060322
4060898
4062709
4063455
4063868
4063993
4067157
4071410
4072028
4074581
4075199
4077475
4077830
4079430
4079509
4079746
4081721
4082475
4083024
4083025
4083268
4083655
4083732
4083915
4086867
4087643
4088576
4090146
4090264
4091958
4092327
4092413
4092883
4093032
4093887
4094402
4094407
4094433
4094997
4095748
4095891
4096979
4097719
4097888
4098423
4099036
4101830
4103075
4103374
4103621
4103700
4104199
4105746
4106191
4107467
4107469
4107541
4107581
4108587
4108765
4109059
4109166
4109440
4109671
4110362
4111381
4111433
4111868
4112114
4112927
4113420
4113516
4115062
4115322
4115735
4117138
4117528
4117893
4118467
4118707
4119255
4120101
4120148
4120393
4120606
4121390
4121649
4121788
4122045
4122344
4122472
4123228
4123621
4125343
4125701
4126333
4126550
4127106
4127202
4127382
4128835
4128935
4128989
4129400
4129526
4129867
4130883
4131106
4131391
4131867
4131950
4132359
4133064
4133069
4133669
4134414
4134850
4135031
4135140
4135328
4135824
4136194
4136308
4136564
4137853
4139057
4140091
4141816
4142155
4143962
4144696
4145330
4145735
4146179
4147709
4147887
4149288
4150145
4150209
4150414
4150696
4150722
4150775
4150818
4151046
4151264
4151650
4151804
4151899
4152334
4152576
4152744
4152807
4153313
4153443
4153444
4153776
4153833
4154580
4155575
4155854
4155874
4155988
4156526
4156956
4157059
4157165
4157449
4157573
4157952
4158670
4158672
4159090
4159476
4159627
4159760
4159848
4160330
4160411
4161276
4162261
4162608
4163052
4163056
4164747
4165080
4165534
4165549
4165844
4166552
4166643
4167460
4168067
4168354
4168452
4169104
4170447
4171045
4171384
4171862
4173972
4174301
4175094
4175538
4177401
4177436
4177709
4177741
4178167
4178297
4178318
4180001
4181127
4181864
4182305
4182508
4182768
4183552
4183688
4184264
4184891
4185703
4186386
4187538
4188275
4188665
4189399
4189799
4190288
4190682
4192320
4196351
4196994
4198066
4198278
4198384
4198987
4200182
4202067
4202425
4204155
4204374
4205419
4206970
4207262
4207359
4207646
4207697
4208211
4208793
4209357
4209543
4210530
4211882
4212380
4213509
4213951
4216180
4216839
4216938
4217474
4218100
4218880
4219320
4219489
4220400
4220701
4220820
4221518
4221539
4221830
4222005
4222776
4223547
4224206
4225007
4225055
4226789
4228243
4228976
4229366
4230364
4230947
4231078
4231829
4232072
4232323
4234735
4235640
4236233
4236295
4236375
4236493
4237494
4237587
4237646
4238268
4238872
4239354
4241701
4241816
4242493
4242533
4243149
4243888
4245041
4246340
4247172
4247283
4248346
4249115
4251275
4254574
4260530
4260737
4260751
4262439
4262829
4262982
4263045
4263298
4263357
4264723
4268154
4269127
4271078
4276094
4276238
4277148
4277614
4277972
4278867
4279280
4280202
4280215
4280706
4281528
4281669
4282662
4283641
4284116
4284191
4284352
4284690
4285224
4285333
4286703
4287258
4287461
4288545
4288899
4290007
4290558
4291172
4291470
4292720
4292986
4293589
4294925
4295670
4298414
4299135
4299436
4299870
4301788
4301839
4303553
4306003
4306076
4306266
4306592
4307061
4307419
4307612
4308279
4309095
4309970
4311017
4311833
4313750
4314875
4315753
4315878
4315974
4316303
4316750
4317037
4317463
4319036
4323006
4325669
4327236
4327353
4327616
4329668
4330245
4330661
4330919
4331216
4331932
4331962
4332216
4332316
4332640
4332787
4333160
4333615
4334285
4334288
4334357
4334685
4335182
4335882
4335985
4336145
4336266
4336758
4337884
4338641
4340619
4341166
4342322
4342525
4344399
4344916
4345582
4345967
4346032
4348422
4348846
4348966
4349433
4350307
4350479
4351116
4355498
4357040
4357660
4359108
4359122
4359370
4359558
4360558
4361525
4362758
4363294
4363986
4364804
4366197
4366978
4368000
4368072
4368471
4370173
4371083
4371105
4372329
4373708
4374481
4376103
4378887
4379591
4381639
4382106
4382794
4383744
4383948
4384170
4387527
4388984
4389100
4389263
4389411
4391776
4392775
4393344
4394568
4397302
4397951
4398697
4399958
4400499
4400522
4401217
4401876
4402782
4405468
4406595
4407025
4408073
4409057
4415889
4416341
4418623
4419026
4419842
4419992
4420113
4421440
4422694
4423902
4424013
4424825
4424915
4426201
4427403
4428647
4429292
4430143
4430220
4430514
4431624
4432917
4433996
4434114
4436437
4437972
4441737
4443407
4444058
4444260
4445699
4446242
4446450
4446493
4446889
4449892
4451074
4453713
4454851
4456339
4458108
4458283
4460151
4461618
4461683
4463019
4465900
4465983
4466523
4467775
4468685
4469268
4469889
4470890
4472427
4472872
4473496
4473660
4474109
4476240
4476801
4477285
4477951
4479130
4480662
4480787
4482278
4482831
4482995
4483315
4484451
4485212
4491041
4492277
4492457
4494639
4494763
4494812
4495205
4495654
4496513
4496573
4496880
4497903
4499804
4500045
4502595
4504969
4505490
4505553
4506062
4506267
4506455
4508657
4508987
4509288
4510555
4510610
4511119
4512315
4515384
4515937
4516716
4517184
4520443
4521239
4521568
4522617
4523207
4524447
4524927
4525253
4525508
4525714
4527563
4528035
4528318
4529329
4529474
4530169
4531317
4532491
4532779
4534432
4534621
4536145
4536745
4536824
4537348
4539261
4539465
4539592
4539666
4539866
4540413
4542522
4542597
4543976
4544209
4545456
4545623
4546188
4547256
4547938
4548237
4548753
4549240
4549361
4549893
4549953
4550443
4550816
4551063
4551124
4551786
4553120
4553821
4554982
4557709
4558087
4558178
4560219
4561313
4561779
4562103
4563170
4563343
4564810
4564961
4567701
4568302
4568533
4568570
4569001
4569159
4569631
4570014
4570203
4570997
4571446
4571849
4571884
4572009
4572941
4573096
4573721
4577613
4578218
4578359
4578364
4578507
4579536
4580304
4580579
4580991
4582128
4582156
4583400
4583442
4583566
4584117
4585274
4586000
4586289
4586708
4588494
4589354
4590870
4591378
4596197
4597160
4597388
4597954
4603044
4603272
4603646
4605937
4607601
4607992
4610731
4611541
4612061
4614553
4614639
4615316
4616459
4616796
4616807
4617482
4617893
4618168
4618829
4619759
4619942
4620857
4621376
4621503
4622165
4622898
4624354
4625800
4626074
4626298
4626962
4628473
4629283
4629284
4631191
4632152
4632198
4633540
4634193
4639248
4639757
4640651
4640674
4643446
4643814
4644546
4645274
4645930
4647460
4649811
4649939
4650737
4651246
4651875
4652358
4653754
4654788
4656052
4656949
4657910
4658632
4660072
4661494
4662398
4664144
4664894
4665484
4666182
4666192
4669363
4671901
4672392
4672623
4673924
4674556
4675515
4675734
4676220
4676412
4676719
4676812
4676907
4678332
4680610
4680633
4682594
4682760
4683389
4684630
4685480
4686274
4688200
4689775
4689948
4690393
4690901
4691363
4692323
4693232
4695015
4696191
4700715
4701216
4701516
4701522
4701904
4701997
4703218
4703650
