295
312
387
6780
6845
7769
14896
20278
27340
27855
30501
34791
35312
35881
39874
43459
44202
47648
52832
57652
58104
59277
59892
60301
66056
66132
66315
66330
66895
67390
69812
70787
72683
73508
74757
83801
84002
85278
85847
87103
88978
89450
90495
93202
93612
94765
95979
96526
98607
98680
98776
99912
100053
100370
100653
100863
100892
102543
102608
102795
104739
105599
105651
106198
107001
108291
108352
109380
109383
110720
112385
115060
116749
116780
116947
118261
118349
118363
121067
121124
122994
123998
124272
124487
125232
128429
129065
131373
132079
132281
134332
134350
134556
135419
137422
138292
138491
143744
146145
146229
146918
150484
154165
154830
154835
156171
156250
156839
157143
157189
157818
158269
158711
159090
159456
160565
160619
163324
165535
165600
166084
168208
170509
171467
171919
174175
179608
181440
182044
182316
182735
183680
184394
184742
185320
185326
190671
192943
195790
199204
199573
199922
200623
201862
201901
202355
202578
203075
212193
212627
214004
214336
215562
215630
220735
222752
224141
224463
224557
224783
227835
230766
231904
243499
248650
249273
250596
251099
251477
252103
256937
257186
259532
260586
263474
264310
265305
265694
265713
266526
266965
269586
269697
274810
277323
277545
278169
280531
280647
281365
284864
285220
286659
290438
294828
295847
295937
296116
296514
298250
299397
301212
301271
301753
304154
304205
312202
316102
316931
317393
318343
321232
322164
322678
324051
325037
325400
326841
327238
327863
328981
333027
336182
337631
337954
340442
341856
342567
343278
343720
350674
353276
354953
355995
356363
357199
359394
359966
361042
361087
362491
366081
367745
372643
373507
374657
376177
376877
381713
384714
386272
388779
389965
393122
402702
405868
406571
410842
413226
416975
422717
424052
426161
432475
439549
443645
444693
447281
447739
449473
455563
455704
455737
459354
461512
462223
462304
462362
463965
464981
465203
465996
466575
468556
473128
475251
479104
482249
484969
487673
488111
494016
496461
498172
498690
501466
503919
505867
506636
507916
510156
510289
511966
512346
513848
514474
514760
515460
516936
518825
519343
519602
519962
522626
529806
530357
531929
532136
532960
533017
535840
537114
537481
538226
540092
563468
564405
564783
568020
569041
571465
573035
573168
574268
577734
577961
582129
582572
582580
582781
585226
587296
592171
595601
601103
601636
601995
602484
607720
607902
610411
611504
619892
620038
620642
626882
627714
629283
632578
634152
634811
635296
635832
636648
638125
639489
639492
640819
645920
646165
646301
647120
647700
648772
648866
651419
652761
656706
657819
657993
659202
659516
660901
661184
662145
663988
665472
665679
667479
668291
669133
669161
670514
676859
678398
678669
679833
679984
680978
681113
681910
684105
684250
684496
686902
687348
690077
692197
692306
694840
695256
695263
696935
696950
702929
704782
704990
706043
707117
708216
708222
708710
708717
709622
716010
716320
719196
721610
721815
725163
727354
727769
729706
734253
734437
738058
739216
742146
744289
746486
746710
748161
749076
749454
750191
751995
753987
754738
758554
759302
761155
762149
762229
762671
763687
764671
764836
765351
767169
767728
769608
770538
771652
772463
772997
773315
776863
777088
777534
779732
779927
781380
781671
782439
783924
784043
784939
788216
790586
791045
794841
795604
796217
800000
801534
802938
803304
803328
807567
808007
812652
816243
820472
832968
849491
852392
855353
859489
862171
864422
865726
868704
871087
871323
874479
874664
876520
879414
880187
882052
885444
885942
886431
887597
895609
896391
897418
898297
901370
905043
905603
907452
909878
910697
912758
913117
914781
915262
915471
918445
920489
922996
923182
924847
924935
926904
927125
928459
929210
929511
929668
931739
934939
938063
938346
938435
942898
946977
949329
950594
951821
952661
954744
959282
961913
962981
963979
965046
967577
972664
978491
979313
982695
983839
984587
985985
991435
993245
996838
998713
1002996
1003584
1005527
1008934
1009773
1010001
1010330
1011240
1012273
1012714
1014821
1015122
1015694
1016632
1021966
1022552
1024167
1030743
1032667
1033519
1033979
1036939
1038543
1038617
1041399
1042282
1042400
1044079
1052915
1054412
1057196
1061735
1062838
1063387
1065335
1065566
1070830
1071392
1075500
1086348
1086904
1088161
1088380
1088540
1089210
1090310
1091426
1091812
1093044
1094498
1095731
1096711
1097305
1098096
1099009
1101594
1102135
1102961
1105028
1106639
1108398
1108810
1110536
1110735
1111920
1112294
1112820
1113381
1114833
1115964
1117947
1119222
1120824
1120979
1121568
1126240
1130941
1133110
1134844
1137145
1140499
1142473
1148043
1152017
1156870
1157101
1158938
1162496
1163504
1169944
1172143
1174513
1177190
1178780
1179612
1179668
1180491
1180692
1184242
1184244
1185007
1185076
1185783
1186361
1186556
1187177
1188537
1188962
1191808
1192354
1193200
1194448
1194661
1194821
1195903
1196431
1196696
1198382
1198684
1201853
1202436
1203466
1204494
1204515
1204921
1209079
1209882
1210855
1211984
1212546
1213429
1214185
1215156
1217171
1217834
1219361
1220274
1220359
1221524
1223034
1224983
1225050
1226799
1227819
1228324
1228509
1228866
1231066
1231117
1233842
1234044
1234613
1234641
1236427
1238119
1240706
1242446
1242857
1245299
1247356
1247773
1248378
1250175
1250819
1253332
1253995
1254376
1255134
1256422
1258260
1258619
1260640
1261926
1261979
1263658
1272134
1278045
1278466
1281223
1283758
1286697
1286737
1297055
1298142
1299620
1303245
1303628
1307085
1307623
1311433
1313328
1317067
1317270
1320784
1322149
1325590
1327036
1328342
1330814
1331456
1334703
1338899
1339083
1340932
1342887
1344004
1344698
1352738
1353674
1353878
1354003
1357443
1359175
1359369
1359577
1359969
1360207
1362317
1362525
1363715
1364476
1364495
1364654
1364783
1366390
1366566
1367551
1369829
1376355
1378206
1380338
1381574
1384246
1390103
1392184
1392250
1395248
1395452
1398768
1399164
1401479
1401486
1402373
1402378
1404980
1405477
1406084
1408128
1421686
1425902
1426222
1426319
1426891
1430183
1433081
1433462
1434741
1437982
1439976
1440405
1441896
1442886
1443158
1450435
1453612
1454322
1455185
1456906
1462408
1463136
1464071
1465056
1465936
1467421
1468164
1469461
1469465
1471516
1475579
1477555
1479515
1480076
1480418
1481240
1482778
1484712
1489896
1493833
1494193
1495619
1496647
1497077
1497196
1499290
1501951
1501960
1503157
1505000
1506628
1515054
1517882
1519178
1520252
1523342
1524285
1532039
1532921
1534405
1536501
1537596
1538074
1538636
1542681
1547313
1547459
1547619
1547951
1551232
1551816
1552333
1556490
1556706
1558359
1563521
1565942
1574418
1579632
1579847
1580491
1582029
1582418
1585166
1591473
1593151
1595594
1596011
1596242
1601344
1602539
1603300
1603314
1603706
1606328
1608201
1608595
1611939
1616735
1620265
1621543
1624178
1625541
1626872
1628566
1634149
1639192
1643775
1644161
1645827
1646505
1647109
1650417
1651425
1654007
1655411
1656754
1659546
1661126
1663313
1666671
1667251
1667821
1671239
1671288
1672193
1672472
1672773
1673699
1675021
1680332
1685636
1687159
1690284
1691332
1692807
1693742
1697171
1699635
1705619
1708352
1708660
1710007
1710358
1712220
1712901
1713885
1718109
1722738
1723270
1726772
1727517
1730686
1731498
1733150
1741324
1742969
1744554
1744887
1746052
1749870
1752141
1755974
1760894
1763013
1763895
1768155
1769250
1770822
1771762
1772058
1772626
1775343
1775361
1775602
1775961
1777737
1779353
1782565
1782954
1783113
1784150
1784627
1784871
1785598
1786882
1787487
1787872
1788463
1789182
1789605
1790148
1791710
1793383
1794987
1795216
1796340
1797016
1798670
1800058
1802497
1803235
1803974
1804820
1806191
1809933
1810485
1810791
1811159
1813422
1813824
1816382
1816655
1817409
1820358
1821167
1823459
1828277
1830721
1831011
1831431
1832546
1836706
1837558
1837705
1840574
1841569
1841819
1844723
1845200
1846211
1847851
1849236
1850865
1850914
1852317
1852480
1853667
1857632
1858344
1858363
1860127
1860513
1862604
1864501
1865863
1866013
1869687
1873574
1875861
1877942
1880573
1882335
1883532
1884887
1887041
1887583
1889773
1893294
1893705
1895573
1896341
1901296
1901430
1906278
1908100
1911717
1912727
1913834
1917336
1922396
1922716
1923742
1924705
1925028
1930665
1932326
1936127
1940789
1941951
1946147
1947090
1961477
1962175
1962484
1969347
1972674
1972770
1978495
1982048
1983243
1989836
1992959
1994047
2000085
2001140
2002872
2008326
2008382
2008397
2008760
2010071
2011731
2012359
2015139
2015528
2021921
2026724
2026831
2028192
2029430
2029743
2030714
2034036
2037101
2037811
2038705
2042512
2049052
2049686
2050509
2055477
2055887
2057557
2060165
2061086
2065908
2065947
2066018
2067729
2067977
2070488
2072499
2073368
2075222
2076578
2076666
2080099
2081735
2087502
2088468
2091284
2095453
2096317
2097136
2097388
2097540
2098026
2098455
2099961
2105848
2106318
2106420
2108762
2111524
2114592
2114785
2115515
2115709
2116373
2117238
2117530
2118394
2119013
2119446
2123474
2124630
2125339
2127266
2128501
2134620
2135103
2135170
2136930
2138872
2140925
2144215
2146052
2148466
2150027
2153759
2157874
2161196
2161553
2161967
2164350
2165537
2166042
2167360
2184901
2191286
2192064
2195282
2196074
2196087
2199165
2205058
2206055
2207314
2210456
2211557
2215563
2217715
2223048
2226299
2226387
2226612
2226858
2227491
2227998
2228159
2229151
2231561
2232110
2232115
2232198
2233146
2237439
2240619
2240990
2243268
2243429
2245959
2249225
2249672
2250209
2251982
2252231
2252727
2253295
2253720
2254185
2254403
2255813
2257397
2258051
2259879
2260451
2266011
2266743
2268341
2271067
2272245
2272538
2274419
2276465
2285831
2285855
2287916
2290330
2292654
2293254
2299196
2302032
2302611
2303352
2304740
2308212
2308491
2312889
2315731
2317400
2317923
2323231
2323459
2324207
2325088
2326978
2328767
2330887
2332936
2333119
2335561
2344193
2346018
2348620
2355032
2355700
2355772
2356314
2356943
2356975
2359443
2363697
2364751
2382326
2383709
2386593
2389598
2398462
2398558
2400208
2400326
2401612
2402145
2405704
2408873
2410643
2411213
2412176
2414261
2414689
2417854
2419123
2420033
2420036
2421439
2421643
2422228
2423105
2423593
2425044
2427700
2427939
2431699
2432828
2433186
2433863
2434305
2436277
2437232
2438020
2440992
2445015
2448326
2448340
2449106
2450630
2451443
2452769
2453294
2453353
2453512
2453934
2454482
2454642
2455941
2457248
2457550
2457574
2458440
2458542
2461586
2463631
2466518
2467221
2467852
2470498
2470699
2472980
2474795
2474968
2475849
2476502
2477059
2479078
2479177
2481572
2481638
2482813
2483504
2484834
2486591
2486677
2489509
2490927
2491027
2492622
2496984
2498328
2500139
2500736
2502526
2503201
2503361
2503789
2503810
2504004
2504495
2505599
2506622
2507090
2509506
2510483
2511225
2511580
2513528
2513722
2514347
2517528
2517579
2517684
2518895
2519069
2519244
2521012
2523925
2525664
2526160
2527640
2527827
2530570
2530614
2531138
2531896
2532772
2536750
2539584
2540178
2540847
2540974
2543050
2545795
2546680
2546881
2547699
2549404
2549741
2552616
2554008
2558058
2558403
2558469
2558513
2560070
2561498
2562478
2563009
2563112
2563527
2563959
2564512
2564551
2564629
2564909
2565043
2565828
2567270
2568059
2568280
2569953
2570102
2572212
2572321
2577151
2577485
2577530
2579792
2579833
2581113
2581243
2581498
2581785
2582513
2583926
2585373
2590151
2590647
2591486
2591618
2593598
2593964
2596450
2596791
2597772
2598795
2601385
2602669
2603389
2603834
2603912
2605751
2605993
2607445
2608287
2612678
2612730
2613735
2614686
2615878
2618104
2619491
2624876
2625092
2628085
2628698
2631428
2632481
2633460
2634731
2637822
2637919
2637983
2638092
2638932
2639563
2639848
2640484
2641493
2642801
2644452
2645392
2646449
2647404
2650907
2651293
2651518
2653047
2653320
2654201
2655182
2655752
2655858
2656079
2657125
2657178
2657411
2658339
2659464
2659895
2660499
2662563
2662626
2663944
2664743
2665541
2665687
2670414
2670783
2671147
2671490
2673142
2673980
2675120
2675475
2675830
2677853
2677987
2678791
2680244
2681029
2683278
2684539
2685766
2686097
2687101
2687823
2689445
2689589
2690295
2690642
2691081
2693613
2693976
2694100
2697118
2697420
2697452
2697485
2697821
2699904
2699935
2700956
2700994
2701317
2701572
2702297
2703173
2703417
2703577
2704067
2704796
2705013
2705134
2706909
2707388
2707908
2708078
2709511
2710018
2710735
2711549
2712426
2712687
2712864
2714014
2714843
2716940
2717450
2718444
2722680
2722883
2723471
2723739
2724383
2724581
2727612
2728116
2732244
2734074
2734252
2734326
2734817
2735761
2736692
2739003
2739935
2740396
2741288
2741750
2742575
2743976
2744838
2747031
2747248
2747480
2747508
2750262
2750467
2752679
2753651
2753770
2754068
2755028
2756822
2757220
2757726
2757859
2757876
2757892
2759714
2760224
2760683
2761210
2761787
2763969
2764566
2766196
2766310
2768586
2770075
2770192
2771445
2772729
2773839
2774725
2774981
2775711
2775862
2779452
2781824
2782119
2785590
2787028
2787461
2788702
2790439
2791187
2791918
2793553
2794726
2795165
2795717
2796375
2796700
2797308
2798540
2802369
2805896
2806936
2808289
2809448
2811823
2816089
2816423
2817416
2821690
2821970
2823235
2829364
2829820
2831912
2833544
2834218
2835284
2836206
2839190
2841264
2841364
2847564
2848169
2849658
2849711
2852599
2852789
2853511
2857275
2858489
2862066
2863318
2866790
2870422
2872144
2875382
2876697
2877178
2878291
2879150
2879975
2883409
2891263
2891792
2893035
2894399
2895350
2900464
2905296
2909635
2910047
2910407
2911581
2912563
2917087
2917330
2918403
2918706
2920264
2924542
2924594
2928756
2929086
2929481
2930010
2930149
2930259
2930455
2932316
2933504
2934391
2938812
2940736
2941503
2942815
2943469
2946305
2946378
2949111
2950286
2952873
2954818
2955036
2955512
2957819
2957973
2959982
2960791
2963453
2963913
2976472
2979532
2983975
2984601
2984654
2985312
2985410
2988260
2988292
2990476
2992094
2993008
2995156
2996880
3002691
3003341
3004051
3007527
3008794
3009968
3013624
3015115
3015470
3015840
3019019
3019405
3023129
3024127
3024381
3024449
3025643
3026802
3027572
3030759
3031159
3033732
3035042
3037482
3038710
3038927
3040954
3042335
3043188
3044162
3044853
3045873
3053439
3056220
3057321
3058826
3060309
3065923
3069770
3072255
3072689
3073246
3073331
3076997
3077419
3081755
3082192
3083331
3083367
3083537
3083545
3083848
3084608
3084998
3085133
3086413
3086493
3087072
3087563
3087848
3091992
3092170
3094777
3095261
3097695
3105383
3107170
3107325
3107696
3107785
3112528
3115902
3117233
3119798
3123428
3125435
3126424
3126545
3129525
3131332
3131767
3132091
3133842
3137171
3137191
3138771
3140337
3140345
3142324
3145043
3146265
3147806
3150316
3150506
3151147
3152528
3152639
3153003
3153658
3153973
3155214
3156044
3157699
3158158
3160326
3162241
3162496
3162813
3165102
3165389
3170065
3170088
3171809
3172307
3172584
3173713
3174958
3176069
3177303
3178086
3178612
3178998
3179309
3179889
3180572
3181596
3182835
3185950
3187870
3188328
3191694
3192192
3193114
3193633
3193715
3194080
3194334
3194567
3196936
3197064
3197341
3197980
3198239
3198419
3198806
3198932
3199569
3199607
3199906
3200075
3200459
3200545
3201132
3202135
3202628
3203464
3204530
3205397
3206126
3206157
3206500
3206695
3209177
3209321
3209715
3210116
3210317
3210652
3210798
3212053
3213436
3213613
3215517
3215700
3217480
3217983
3219385
3219784
3220137
3220477
3223162
3223199
3223226
3224011
3224455
3224496
3226178
3228945
3229056
3229268
3230276
3230392
3230447
3232058
3232460
3232740
3234143
3234153
3235530
3236459
3236811
3237518
3239928
3240622
3241678
3242972
3245518
3245651
3245835
3246377
3247284
3248056
3248075
3248319
3248342
3248986
3249287
3250719
3250730
3251013
3251395
3252256
3252768
3252989
3253038
3254781
3255676
3255734
3256045
3257008
3257360
3259080
3259136
3260098
3260615
3261769
3262127
3263579
3267558
3268231
3269195
3270132
3270379
3271133
3272854
3275077
3276853
3278311
3279272
3279289
3281953
3282781
3283669
3284067
3284685
3285654
3286912
3287387
3287813
3289339
3290842
3293384
3294065
3294120
3294172
3294654
3296946
3297151
3299014
3299089
3299412
3299577
3300444
3300662
3302909
3305487
3307891
3308070
3308081
3310023
3310362
3312085
3314912
3315805
3316140
3316210
3317528
3318207
3320543
3323739
3326862
3327589
3327630
3332668
3334154
3334670
3334742
3335989
3339090
3340060
3340638
3340724
3341139
3341281
3341823
3342913
3342927
3343219
3345538
3346107
3348565
3348617
3348938
3349425
3350666
3350771
3350777
3350790
3351491
3351911
3352585
3354105
3354306
3354532
3355616
3357018
3357135
3357544
3360781
3361240
3366023
3367462
3369574
3371193
3371868
3372718
3373765
3374333
3375124
3375185
3375263
3375425
3375542
3377999
3378388
3378617
3378840
3379200
3380227
3381279
3381534
3381548
3383208
3387319
3387348
3389427
3390271
3390531
3392594
3392795
3393958
3394504
3395542
3396244
3396536
3398929
3400365
3400464
3401376
3403301
3404121
3404383
3404938
3405380
3406368
3410658
3411774
3413659
3414228
3414278
3414323
3420622
3422173
3423165
3424785
3425128
3425306
3427883
3428979
3429113
3429391
3429428
3429904
3430843
3432323
3432850
3434393
3434758
3434874
3434979
3436910
3437502
3442506
3446137
3446401
3446591
3447200
3447223
3448681
3450379
3454696
3455853
3456811
3457980
3462342
3463209
3465420
3465710
3466947
3470446
3472475
3472692
3473446
3474014
3474035
3474867
3475449
3476373
3476686
3476822
3477887
3478119
3480199
3483284
3487600
3489480
3489482
3489620
3489719
3490839
3492511
3494954
3498748
3498792
3499847
3502896
3503953
3504824
3505951
3505991
3508828
3511188
3511517
3511669
3513213
3513372
3514546
3515786
3520640
3520990
3521915
3522337
3523198
3523332
3523806
3524019
3525113
3526554
3529633
3531283
3532398
3532868
3532950
3533037
3535869
3536713
3541535
3542116
3543038
3544230
3545163
3545670
3545934
3546666
3546697
3552361
3552536
3554043
3556762
3557285
3559231
3564395
3569305
3572143
3572631
3573266
3574442
3574588
3574710
3577063
3577788
3578121
3578242
3578297
3580114
3585076
3585422
3586927
3587667
3588113
3589097
3590728
3597848
3598546
3601030
3601740
3604704
3605499
3605850
3607374
3610409
3613818
3617810
3618507
3621860
3624113
3626950
3627483
3627514
3627597
3628060
3630615
3635064
3635694
3635706
3635723
3636039
3639033
3640371
3640829
3645032
3645692
3646170
3649757
3650065
3652734
3652771
3654873
3660151
3661116
3662507
3663889
3667020
3667295
3668062
3669228
3669778
3670188
3671480
3673206
3674980
3676835
3679110
3680811
3681572
3683886
3686350
3691899
3692831
3697127
3697917
3698226
3699863
3701501
3702575
3704321
3705962
3706460
3706798
3706921
3708385
3708475
3710709
3717490
3718120
3718790
3718813
3720075
3720853
3721437
3725129
3725221
3725280
3728269
3728593
3729167
3729169
3731406
3732500
3733293
3734385
3734523
3735828
3739635
3741554
3741911
3743838
3745613
3745830
3747775
3749361
3750239
3750729
3752371
3752747
3755940
3756469
3756529
3758138
3758239
3761197
3762485
3762781
3764354
3765223
3766426
3769199
3771965
3775565
3776562
3778012
3778513
3778904
3779851
3779893
3780193
3781221
3782721
3782735
3785072
3785828
3786004
3787025
3790439
3790874
3792650
3792710
3792734
3793927
3794161
3794263
3795193
3795332
3795389
3795881
3800053
3800982
3801633
3802378
3803423
3805853
3806305
3806675
3807103
3808509
3811669
3814976
3815808
3816123
3816345
3816686
3817355
3817666
3818433
3818596
3818913
3818931
3819762
3820670
3821151
3821529
3822290
3823999
3825730
3828008
3829135
3830045
3830055
3831325
3832851
3835933
3836671
3837220
3837535
3838026
3840323
3842663
3843316
3844607
3846187
3846521
3846639
3849486
3849667
3850610
3854799
3856626
3858268
3860794
3862543
3862798
3862974
3864290
3864645
3864977
3868346
3869366
3871672
3872740
3877760
3877917
3878448
3882622
3885175
3885427
3885521
3886174
3887939
3888237
3889075
3894045
3895200
3895331
3895701
3896179
3896920
3898340
3898780
3899170
3903084
3904288
3904362
3909355
3913381
3913762
3915215
3915369
3919891
3922489
3922573
3922802
3923445
3927952
3929709
3931360
3932234
3932963
3933080
3933453
3933610
3933774
3934679
3935928
3939776
3942576
3947796
3948573
3948648
3950813
3952288
3961470
3962647
3963724
3969035
3969378
3969980
3970224
3971479
3972768
3975380
3975813
3976139
3976198
3979498
3979726
3981402
3981626
3982123
3983619
3984209
3986401
3986935
3988550
3990883
3990899
3991641
3992951
3993759
3995283
3995359
3995536
3995878
3997033
3997099
4000295
4000985
4001115
4001747
4003335
4003956
4004265
4004514
4004517
4005149
4005376
4006361
4008453
4008503
4009116
4012756
4013088
4014624
4015877
4018800
4018853
4020412
4025326
4026513
4026892
4027101
4027199
4027315
4030540
4031525
4032413
4032732
4034739
4036061
4036227
4037342
4039806
4041861
4042217
4044382
4046513
4047485
4047518
4048565
4049337
4049877
4050351
4050799
4052359
4053519
4053680
4060497
4061682
4062622
4065425
4065772
4066780
4066900
4066958
4068011
4068461
4069633
4070233
4070315
4072944
4072970
4073034
4073966
4076006
4076367
4081770
4082182
4084882
4091287
4093054
4094098
4097014
4098225
4099028
4099232
4100059
4104052
4105626
4106408
4108838
4109636
4110086
4110372
4110898
4111499
4111738
4114389
4115401
4115691
4118464
4118694
4122257
4123307
4125180
4126571
4127419
4129993
4133987
4135170
4145212
4145690
4155058
4155938
4156304
4157803
4159983
4160133
4162962
4170350
4175715
4176682
4177713
4178638
4183789
4184298
4185544
4186921
4189798
4190594
4192217
4194336
4195556
4195699
4196235
4196976
4197471
4198673
4199921
4200419
4202468
4203782
4204514
4206538
4208110
4209642
4210575
4210724
4211021
4212009
4212297
4213956
4214818
4216091
4216809
4218720
4219614
4220039
4221110
4223156
4225133
4227440
4228736
4230164
4231987
4239035
4251940
4261953
4264368
4267933
4272530
4275146
4275467
4275902
4281992
4287438
4290575
4295732
4296586
4296789
4298395
4300731
4301469
4316228
4317528
4317755
4317789
4319574
4319999
4332570
4332735
4335142
4338655
4341432
4343076
4345095
4345703
4359363
4360061
4360673
4360779
4361436
4363186
4363621
4365128
4367152
4367384
4367763
4370517
4372903
4382641
4383471
4384659
4384929
4385298
4385357
4395416
4397692
4400680
4402923
4403123
4404034
4404741
4405881
4406288
4409990
4410279
4412834
4413676
4413972
4414566
4415496
4416585
4420044
4420168
4420573
4424922
4426049
4426254
4426348
4428095
4428634
4429941
4430501
4431379
4431548
4431685
4433027
4435395
4437053
4437293
4437801
4437985
4438261
4445980
4447932
4448641
4452481
4453002
4453458
4457044
4458121
4458603
4460371
4463148
4463717
4464311
4466224
4470246
4471392
4471466
4471629
4472853
4472886
4473584
4473848
4476525
4476648
4477922
4478298
4479195
4479343
4479513
4479964
4480116
4481078
4482461
4482854
4485996
4487818
4489789
4490861
4495282
4497782
4498476
4498616
4499866
4501635
4503688
4504656
4508198
4509595
4511240
4514538
4514724
4514967
4515563
4517087
4520217
4522405
4523207
4523916
4527872
4529459
4533317
4536058
4539320
4541334
4544142
4544201
4552277
4552436
4552756
4559085
4565363
4566410
4568114
4570424
4570484
4571088
4575648
4580108
4580128
4580381
4580934
4581973
4583834
4588797
4590331
4590735
4592780
4595791
4597295
4597936
4600866
4602475
4604973
4605041
4606068
4606877
4607286
4607540
4608879
4611920
4615193
4615373
4615376
4615394
4615496
4616652
4617371
4618592
4621783
4622293
4624139
4625246
4628151
4628798
4629804
4629956
4630952
4631807
4632094
4633699
4636758
4637933
4638059
4638828
4638990
4639388
4639949
4641524
4643187
4643489
4643524
4646673
4648173
4651692
4652051
4653784
4654709
4656395
4657961
4658289
4658671
4665082
4669403
4670443
4670721
4672668
4673716
4675631
4677790
4679059
4679742
4680246
4680644
4682932
4682970
4683813
4689454
4695044
4697468
4698142
4700245
4701135
4703758
4705970
4707303
4708859
4713618
4715333
4715501
4718844
4721025
4721314
4722067
4723022
4723259
4724148
4725217
4725737
4725988
4727299
4728121
4730106
4732402
4732747
4735943
4736150
4738606
4740461
4752576
4753700
4754350
4756177
4756504
4758292
4760436
4761080
4761243
4762291
4762948
4766980
4771198
4771370
4773055
4784738
4784908
4787896
4788940
4789810
4792539
4793542
4795361
4796949
4798395
4798598
4798813
4799426
4800700
4802787
4802948
4803312
4804709
4807184
4809545
4811822
4813661
4818715
4819853
4825698
4826389
4828076
4833190
4833385
4835033
4838616
4842148
4843823
4844347
4844904
4844915
4844982
4845008
4845258
4847282
4849965
4852286
4852887
4857439
4860610
4860943
4862300
4863195
4866837
4869577
4871864
4873791
4874428
4875744
4877052
4879164
4882232
4882810
4883204
4886419
4887312
4887804
4888433
4889172
4889507
4890168
4890280
4890939
4891688
4891920
4892106
4895053
4899417
4899638
4899954
4900416
4903597
4903710
4913280
4917846
4922352
4923555
4925003
4925224
4925681
4926237
4928956
4932318
4933274
4934237
4937091
4939377
4941604
4946148
4946702
4951337
4955990
4957502
4958325
4958647
4961642
4964065
4964174
4964309
4966248
4966267
4967115
4967852
4968272
4968767
4971464
4973123
4977566
4980374
4981245
4982797
4984047
4984577
4984792
4987747
4989621
4990766
4996304
4996531
4998390
5000562
5001803
5008903
5009812
5010750
5011420
5012481
5012563
5013221
5016081
5018314
5019747
5023846
5024763
5026697
5027991
5031538
5032454
5033791
5035553
5037037
5039326
5039779
5041697
5042027
5044044
5046701
5046990
5048764
5054266
5055826
5055889
5056310
5056518
5056543
5058780
5060009
5062160
5063778
5064413
5065972
5066272
5066410
5066848
5068845
5071782
5072763
5075699
5075771
5077541
5078145
5078608
5078874
5080121
5080184
5082013
5082731
5084279
5085509
5085572
5086944
5088776
5089022
5094009
5095140
5095371
5095609
5095961
5097971
5098946
5099003
5099091
5099228
5099363
5100077
5100126
5101245
5101255
5103638
5105009
5106031
5106298
5106549
5108551
5108839
5109645
5109802
5110913
5111053
5112656
5113619
5113621
5114059
5114240
5114511
5114594
5115176
5115246
5115485
5115703
5116096
5116283
5116518
5120487
5120663
5121394
5122658
5123781
5124126
5124374
5124409
5125416
5129516
5131534
5132637
5132657
5133291
5133610
5133896
5134534
5134740
5135160
5135246
5135383
5136918
5137955
5138161
5138329
5139233
5139339
5139342
5139988
5140088
5140298
5141087
5144047
5144768
5146041
5148515
5148684
5148891
5148963
5148991
5149880
5152801
5154204
5156780
5158389
5159046
5159744
5160549
5161589
5163279
5165940
5166125
5166257
5166835
5167524
5169240
5169733
5170182
5170317
5171657
5171912
5172267
5172810
5173560
5173667
5174940
5175581
5176244
5177113
5178427
5178834
5179048
5179986
5180430
5180654
5180816
5182434
5183391
5183486
5183572
5184672
5184708
5184911
5186743
5191587
5192319
5193084
5193852
5194217
5195676
5196169
5197112
5198264
5198467
5199274
5200093
5202354
5202898
5202960
5203005
5203525
5204063
5204178
5204262
5205165
5205819
5207490
5207743
5208723
5208933
5209316
5210562
5211763
5212648
5213266
5214240
5215330
5217509
5218460
5218824
5221654
5222296
5222544
5224233
5224769
5225255
5225501
5226477
5227149
5227546
5231411
5236009
5236742
5238950
5239056
5240914
5242367
5242899
5243128
5243902
5250187
5250343
5250679
5252857
5254283
5254598
5255185
5255258
5255433
5256027
5256422
5257988
5258502
5259135
5260544
5260570
5260684
5261557
5262332
5263687
5264517
5264525
5264733
5265251
5265307
5265523
5265601
5266287
5266442
5266596
5266907
5267381
5267625
5267836
5268551
5268622
5269266
5269534
5270217
5270514
5270700
5272103
5272366
5272450
5272768
5272910
5273771
5274116
5274336
5274426
5274618
5274642
5275004
5275768
5275955
5276252
5276586
5276972
5278118
5278493
5281261
5282856
5282975
5283269
5283712
5286375
5287144
5287213
5287243
5288183
5289161
5289784
5291006
5291033
5291392
5291757
5292317
5292487
5292682
5295514
5295833
5296682
5296877
5297265
5297301
5298374
5298762
5299287
5299722
5299825
5300179
5300193
5301299
5301364
5302624
5302831
5302962
5304872
5305160
5305745
5307354
5307795
5308493
5309637
5310313
5310325
5311601
5312107
5314604
5314678
5316135
5316170
5316204
5316240
5316532
5317132
5317419
5318043
5318168
5319121
5320511
5322701
5323084
5323237
5324176
5325237
5325983
5326431
5326566
5326689
5329889
5329996
5330244
5330456
5331951
5333602
5333843
5335284
5336124
5336220
5337021
5337296
5337501
5337823
5337899
5339876
5341213
5341562
5341805
5343615
5344858
5344931
5345016
5345204
5345735
5345986
5346357
5347968
5348858
5350344
5350532
5351002
5353872
5355787
5356014
5356831
5357754
5361835
5362764
5363701
5364535
5365318
5365649
5366049
5366668
5366933
5369930
5371805
5372527
5374076
5375513
5376586
5376890
5377177
5377351
5378312
5379344
5379729
5380480
5380698
5381070
5381423
5382030
5382238
5382281
5382409
5382721
5384771
5385872
5387470
5387522
5388496
5389019
5389377
5389634
5389984
5390735
5392041
5394596
5394767
5395629
5396208
5398266
5399554
5400289
5402841
5403225
5403397
5405030
5405786
5408972
5410201
5410366
5410601
5413382
5413672
5415285
5417566
5417900
5419836
5419884
5421066
5421311
5421428
5421957
5422311
5422429
5422778
5423099
5424543
5425483
5425795
5428187
5429416
5432610
5433933
5434132
5434350
5435878
5435993
5436989
5437218
5437923
5438565
5442792
5442884
5443790
5444243
5444307
5445333
5447070
5447346
5447543
5447612
5448147
5448380
5448543
5449998
5451080
5455199
5456992
5457117
5457626
5462450
5464047
5465049
5466103
5468178
5469218
5469933
5471040
5471107
5471145
5471206
5471378
5473217
5474118
5474756
5475644
5475650
5477526
5478163
5479401
5480014
5482405
5486398
5486631
5488090
5488265
5488538
5490635
5491832
5491842
5492311
5492390
5493714
5494298
5494945
5495966
5496089
5496323
5498447
5499045
5502352
5502596
5503448
5503827
5503881
5504452
5504775
5506034
5506568
5507489
5509336
5510996
5511156
5513330
5514508
5514683
5516173
5516192
5516220
5516439
5518244
5519140
5519333
5519539
5520401
5520877
5521022
5521026
5521100
5522781
5522907
5523400
5524398
5524793
5525885
5526274
5527279
5527986
5528080
5528433
5529373
5529488
5530040
5530268
5531069
5531679
5533077
5533079
5533691
5534937
5535368
5536180
5537737
5538997
5539159
5539170
5540147
5540386
5541390
5542849
5543995
5544557
5544718
5545051
5545729
5546120
5547816
5549334
5549493
5549917
5550532
5553641
5553952
5554343
5554848
5555846
5556127
5556830
5557100
5557566
5558015
5558702
5560609
5562193
5563256
5563719
5563786
5563792
5563987
5564616
5564888
5565826
5566220
5566615
5566624
5567252
5567605
5568307
5568631
5568842
5569144
5569190
5569863
5571425
5571878
5572972
5573187
5573979
5574622
5574815
5575584
5576719
5577141
5578952
5580577
5581359
5581447
5581987
5583228
5585022
5586594
5587075
5588213
5588579
5589378
5590137
5591924
5592200
5592295
5592640
5593052
5593317
5595920
5596592
5596636
5598290
5598381
5598889
5599424
5599966
5600287
5601737
5602999
5603429
5604139
5604986
5605033
5605818
5606795
5607953
5608330
5608716
5608994
5611832
5611994
5612418
5612585
5612666
5613787
5613899
5614617
5615248
5616558
5617961
5619759
5619869
5620217
5621304
5621735
5621955
5624736
5625020
5626014
5626544
5627059
5627859
5630146
5631734
5633113
5633335
5634136
5634191
5634312
5635007
5635168
5635909
5636290
5638790
5640106
5641823
5642369
5643522
5644216
5646039
5647179
5647531
5647771
5648786
5648876
5650268
5653346
5653541
5654103
5655254
5656223
5656685
5656723
5657803
5657995
5658040
5658243
5662128
5663072
5663177
5663423
5663643
5665541
5666043
5671993
5672329
5673499
5673769
5675072
5678472
5678497
5679500
5680900
5685160
5685541
5685604
5685677
5685856
5686289
5687278
5688017
5689047
5689884
5691420
5692097
5692701
5693127
5695256
5695618
5696517
5696747
5697248
5697360
5697727
5700453
5702737
5704766
5707623
5708583
5710891
5711571
5712022
5714044
5715336
5715447
5716460
5717343
5718573
5719749
5720153
5721588
5721760
5722053
5722377
5722519
5723108
5725252
5725614
5726901
5730740
5734305
5735388
5736412
5738512
5739260
5741459
5741465
5742292
5742591
5743170
5744426
5744687
5744901
5745462
5745751
5746625
5746832
5746850
5749214
5749482
5750317
5750439
5750565
5750821
5750831
5752010
5752939
5753199
5753609
5754271
5754456
5755256
5755761
5755835
5756599
5756974
5757223
5758136
5758655
5759666
5759684
5759955
5760647
5760651
5761147
5761550
5761572
5761936
5762770
5762816
5763634
5763697
5763846
5764360
5764551
5764776
5764817
5764958
5765192
5765366
5765841
5766359
5767302
5767406
5768527
5768632
5768810
5769230
5769361
5769500
5770381
5770501
5770621
5771214
5771527
5772159
5772423
5772643
5772686
5773136
5773865
5774196
5774284
5774377
5774821
5775095
5775241
5775848
5775976
5776348
5777071
5777424
5777796
5778732
5778960
5779543
5779646
5781455
5781988
5782095
5782637
5782781
5782931
5783484
5783615
5784210
5784211
5784629
5785069
5786277
5787385
5787561
5787829
5788100
5789019
5789321
5790034
5791250
5791311
5792728
5793437
5793625
5793714
5793802
5793805
5793968
5794687
5794837
5795757
5795941
5795986
5796345
5797051
5797094
5799337
5799369
5799548
5799710
5799875
5800271
5800490
5800664
5801190
5801635
5801908
5802286
5802327
5802565
5803515
5803753
5804619
5805423
5805751
5807319
5807758
5809259
5809758
5809792
5809846
5810095
5810180
5810381
5810666
5810788
5811809
5811977
5813124
5813310
5814168
5814418
5816081
5816286
5816571
5816639
5817508
5817863
5818398
5818870
5819145
5819271
5819860
5819908
5820730
5820793
5821262
5821275
5821321
5821486
5823549
5824368
5825920
5826546
5827131
5827383
5827416
5827667
5828523
5829057
5829147
5829760
5830603
5830894
5831388
5832021
5833346
5833547
5834405
5835908
5836251
5836553
5836931
5837775
5837835
5837958
5838021
5838039
5838262
5838484
5838872
5839211
5839339
5839444
5839810
5840684
5840878
5841480
5842069
5842107
5842573
5843410
5843422
5843508
5844681
5845094
5846285
5846522
5846753
5848368
5849840
5852527
5852609
5852977
5853423
5853825
5853872
5856867
5857189
5857403
5857995
5858397
5859169
5860590
5861282
5861807
5863909
5864193
5867698
5867878
5868286
5870444
5871928
5872160
5872263
5872367
5873493
5873737
5874529
5874709
5875868
5876196
5876477
5876600
5877489
5877721
5877901
5877914
5877917
5879636
5883879
5884432
5885224
5885262
5885756
5885868
5887364
5887882
5889324
5889450
5890118
5892617
5893474
5893666
5894051
5894254
5895236
5895386
5896337
5898528
5898641
5899901
5900097
5901778
5902979
5903818
5904937
5905461
5906100
5908463
5908921
5909103
5913135
5913825
5915339
5917262
5918288
5918869
5919811
5920717
5921184
5921591
5922242
5923341
5926374
5928260
5930682
5931065
5931160
5932927
5933263
5933984
5934477
5935566
5936462
5938159
5938430
5938672
5938714
5939160
5940855
5945725
5945957
5948630
5951316
5951698
5954475
5961366
5962219
5962629
5963226
5963792
5964537
5967592
5968448
5970165
5971665
5975383
5976830
5980881
5983946
5984740
5984854
5985623
5986594
5986686
5987971
5988034
5989404
5992112
5994383
5995655
5995839
5996707
5998592
5999016
5999288
5999566
5999788
6000485
6004305
6008248
6009555
6010236
6010317
6011819
6012591
6014702
6015145
6017149
6017744
6018956
6019090
6022574
6025874
6032766
6034412
6034562
6035271
6037030
6037789
6038233
6041008
6041820
6044484
6045458
6046363
6046485
6047784
6048216
6048307
6049222
6052736
6052896
6054690
6055192
6056028
6057293
6061329
6061862
6062739
6063903
6067143
6067845
6068513
6074936
6075911
6076524
6076892
6078054
6078857
6081009
6083559
6088053
6088096
6088198
6089772
6095142
6098029
6098855
6100011
6100171
6101833
6102047
6102699
6104670
6104764
6108101
6108728
6111957
6115246
6120010
6120238
6121821
6122267
6125948
6126287
6126336
6126518
6127420
6129274
6131031
6131060
6136920
6136929
6136947
6138629
6138723
6139669
6140470
6144773
6145196
6145713
6146382
6146446
6147941
6149021
6150174
6151075
6152403
6153377
6153523
6153628
6158435
6163909
6165212
6165523
6170163
6172557
6175251
6175670
6178263
6179185
6179542
6179896
6184122
6187832
6191238
6193903
6195434
6196236
6198856
6199774
6199984
6200564
6201020
6202175
6202320
6202391
6202749
6205025
6205426
6205560
6205647
6206271
6207214
6209689
6211826
6211958
6212593
6215174
6220800
6222327
6223623
6224254
6224595
6225887
6233542
6237058
6239186
6242341
6243591
6244966
6245635
6245835
6249347
6251017
6251038
6259943
6261118
6263990
6265205
6271519
6274372
6276297
6279151
6283392
6284393
6287138
6290017
6293023
6293332
6296823
6297532
6302010
6308768
6310103
6314590
6314898
6315544
6316285
6320887
6322458
6322486
6324222
6326035
6327428
6327497
6329335
6330166
6331816
6333612
6338445
6339231
6340317
6341290
6341548
6350973
6353251
6356221
6360203
6361767
6365210
6366756
6368964
6374148
6377108
6379848
6380106
6385663
6389489
6398769
6398943
6400059
6403501
6405988
6408480
6409489
6410872
6411679
6415746
6415921
6417764
6420643
6421352
6421802
6424084
6424404
6424513
6425449
6427188
6429060
6429630
6431307
6431905
6432177
6433429
6436543
6438881
6441377
6444347
6444616
6445488
6447247
6449684
6450973
6451646
6452022
6452739
6454671
6455063
6461101
6464555
6469454
6470585
6471287
6474015
6483873
6486019
6486437
6489073
6493007
6495003
6495399
6496333
6497421
6497795
6501099
6509183
6510241
6510422
6510646
6514688
6520397
6521301
6525700
6525748
6528357
6529282
6529365
6530476
6531952
6533892
6535874
6537185
6538539
6539402
6540842
6542400
6543992
6545352
6547367
6550260
6551670
6557939
6560884
6561397
6566223
6566405
6569516
6572994
6573442
6575228
6575527
6577552
6578124
6580300
6581118
6585334
6601237
6601587
