47
683
4235
5105
5331
6411
6457
6823
7008
9302
9480
9670
9848
9912
10020
10167
11290
11542
11560
12376
12840
13175
13444
14204
14476
14572
18730
18950
19699
20431
22915
23021
24730
25607
25633
25642
27123
27380
28066
29381
30558
31666
33300
35075
35283
36113
36218
36481
37711
37826
38001
38182
40556
41018
41854
42694
43505
43788
43898
44065
44258
44399
44607
45830
46232
47016
47043
47838
48024
48357
48934
49519
49789
49903
50027
50042
50393
50919
51133
51597
51637
51723
53629
53915
53980
54937
56966
57686
57988
58085
59464
61091
61257
61637
61664
62000
62046
62060
62182
62342
62873
63323
63534
63781
63880
63889
63894
65338
65644
65890
66437
66516
67870
68266
68283
68440
68460
68617
68756
68811
68831
69133
69399
69401
69881
69963
70258
70811
71345
71765
72001
72900
72909
73182
73522
73687
73912
74023
74736
75019
75202
75683
75769
75986
76266
76538
76902
77133
77589
77604
77721
77870
77934
77956
78315
78517
78825
79084
79309
79333
79372
80927
81573
81636
82397
82697
83120
84426
85696
85726
85756
86810
86938
87922
88197
89140
89224
89406
89636
89915
91024
91102
91613
91741
92203
92294
92548
92959
93270
93277
93467
94437
95555
95612
95972
96344
97461
97563
97625
98229
98662
100032
100051
100407
101063
101184
101400
101511
101545
101565
101948
102257
102416
103266
103562
104123
104409
104476
104488
104601
105308
106382
106823
107196
107599
108767
109229
109466
109592
109765
110409
110712
110928
111485
111549
111591
111606
111651
112105
112333
113033
113150
113206
113353
113378
113532
114221
115002
115428
115467
115479
115589
115885
116511
117514
117831
117971
118220
118306
118629
119077
119291
119340
119374
119472
119858
120383
120835
120914
121372
121717
122905
123744
123754
123813
124623
124729
124804
124928
125053
125065
125089
125095
125274
126022
126247
126406
127455
127780
127813
127909
127957
128397
129432
129688
130323
130431
130668
131512
131688
132083
132114
132156
133112
133378
133656
133717
134019
134194
134550
134777
135482
135598
135638
135895
136632
137177
137575
137587
137792
138712
138714
139628
140061
140371
140494
141464
142158
142345
142979
143146
143662
143935
144025
144322
144815
144834
144880
144964
145312
145501
145647
145814
145968
147222
147317
147937
148094
148655
148715
149002
149095
150373
150588
151010
151032
151229
152235
153279
153311
153446
154380
154445
155431
156280
156429
158972
159060
159754
161887
161966
162185
162951
163100
163399
163470
163803
163954
164382
164871
165131
165581
165685
165946
166281
166417
166526
168648
168893
169434
170323
170415
170534
171617
171914
172213
172442
172642
172959
173067
173315
173687
174973
175022
175085
175792
176399
176755
176757
178336
179340
179506
179763
180939
183361
184182
184760
184785
185891
186438
186845
186888
187894
188161
188389
189440
189820
190172
191018
191603
191851
191869
191980
192218
192762
195403
195431
196093
196129
196455
197218
197353
197377
197866
198034
199344
199807
201242
204248
205873
206085
206393
206701
206819
207380
208492
208526
209111
209209
210404
210613
210743
211010
211495
212674
213328
213717
213749
213839
213905
214812
215387
216859
216888
217196
217732
217864
217974
218627
221355
221959
222100
222499
223198
223517
225203
225301
225310
225773
225816
226434
226876
227855
227979
228021
229414
229440
230101
230125
231647
231730
231732
232136
232489
232823
232981
233042
233741
233879
235224
235846
235856
235878
236004
236149
236749
237171
237980
238646
239054
239498
239803
241676
241754
241995
242303
242563
242861
243071
243597
244431
244867
244910
245876
246011
246174
247046
248261
248490
251475
252490
253087
253565
253989
254470
254699
255517
256237
257397
258508
258647
259941
260257
260614
264362
264563
265593
266312
266345
267264
267431
267689
271253
271362
271627
271669
272027
273800
275251
275942
277038
277320
277399
278312
278470
278505
278577
279343
279456
280100
281101
281592
281602
282427
282913
284363
284746
284885
285048
285485
286192
286393
286477
287026
287507
287595
287814
288201
288391
288649
289100
290448
291502
291970
292480
292710
294899
295996
296437
296757
298531
299179
300161
301227
301553
302318
303798
304341
304563
304678
305053
305951
307363
307410
307808
308838
311450
312263
312605
312905
315819
316224
317082
317133
317840
320366
320735
322004
322487
326247
326263
326532
326775
327266
328461
330160
331948
333117
333416
333501
333762
334114
335698
336641
338076
338150
340437
340867
341060
342288
342443
342620
342937
343896
344965
345737
346393
346777
347494
347591
347902
348511
348821
351226
352832
353201
353238
353431
362793
363383
365442
365580
366436
369507
370430
370674
372768
373404
373648
374334
374695
374713
377655
384366
384533
386362
386442
386804
387127
389988
390111
390278
391064
392490
392779
394866
394973
395125
395570
396698
397673
397962
398470
399029
399424
400082
400255
400415
400494
400636
401067
401265
401683
402009
402288
402530
402654
402691
403716
403868
404387
405397
405568
406466
406759
406917
407128
408204
408886
410123
410326
410647
411842
413835
415538
415816
415891
416736
416781
417012
417065
417481
417811
418159
419542
421969
422448
422452
424560
424823
425351
426186
428579
428843
430367
432810
434289
435505
437376
437409
439079
441543
441925
442853
443420
444126
445006
446213
448202
448998
454611
456613
458705
459911
461613
462855
467083
468000
468248
472399
473089
475532
476053
476169
479961
480872
482709
488185
488515
489516
489609
491916
493993
494507
494669
497652
501824
502785
506588
508683
509384
509399
510319
510694
513043
514477
517183
517972
517975
519047
520981
522340
522366
522391
522885
523705
525432
525486
525680
526473
527704
528495
530464
530504
530825
531726
532785
533313
534854
535013
535832
536253
537374
538316
538440
538973
539684
540295
540467
542137
544794
545984
547484
547865
548554
549236
549360
552155
553100
555538
556503
556517
557750
557756
559671
559754
560164
560177
565470
565903
566845
566893
566919
568417
568495
569386
571084
572147
572332
573490
576672
576829
577688
580338
580586
582654
583355
584719
585655
585730
588421
590017
590617
591012
593052
595785
597699
598274
599246
599291
600911
602939
605420
605487
605988
606266
607241
607273
607428
607476
609005
610047
610270
611995
612117
613170
616117
617251
618931
619308
622292
625139
627547
627583
627920
628650
629819
630359
631856
632674
635288
635520
638840
639037
641603
641852
643871
646358
646763
648847
651227
652551
655153
655831
656196
657396
659139
659357
660647
660760
660933
663636
664927
667161
667246
667936
669391
669857
671365
671938
672026
672985
674676
675899
676846
678927
680084
681612
684720
684752
686278
687699
688444
692778
696353
696371
697113
697392
697442
697825
698167
699130
700040
703629
703797
705116
707137
709060
709320
709804
709967
710578
710950
711382
711587
712741
713883
714950
715972
720296
720758
721040
724386
725196
726239
726340
728343
729487
730291
730730
731058
731377
731590
732556
733201
734540
735442
735822
737154
737257
737717
738044
741170
741608
742572
742802
743163
743500
744013
744160
744440
745437
746237
747334
747855
748635
749290
750341
750626
750897
750982
751064
751944
752453
752921
753868
754069
754077
754085
754367
754711
756191
756617
756653
756716
756863
757171
757643
757775
757912
758572
758834
758856
759495
759636
759921
760327
760359
760821
761900
762646
762768
762963
763202
764575
764823
765446
768753
769355
769520
769903
771421
776438
776909
779931
780138
780631
781951
782226
782560
783197
783282
783494
784394
784996
785368
785924
786694
788917
789764
790203
790991
793019
793146
793726
793844
794629
795239
795531
796217
797027
797106
797958
798243
799794
799884
799993
800262
800392
800874
801083
801428
801802
801824
801889
803501
803787
803897
804107
804130
804172
804179
804465
804488
804516
805515
805575
805915
805941
806272
806490
806502
806801
807825
808275
809934
809981
810346
812400
812623
812686
813190
813349
813737
813998
814723
814789
814953
815314
815496
815549
815676
815827
816223
817720
817946
818729
818793
819527
820499
821330
822063
822117
823662
823683
824019
824839
826135
826717
826881
826909
827276
827434
829058
829102
829954
831817
832029
833554
833974
834059
834615
835237
836679
837209
838050
838962
842021
843343
843358
843640
843782
844128
844779
845428
845464
846815
847127
847153
847276
847326
848068
848845
849110
851485
852558
852746
855078
855362
856048
856662
857043
858028
858269
858291
859051
859483
860217
860331
862243
862311
862525
862591
863075
863572
863992
864316
864576
864897
864954
865346
865822
866303
866829
866919
867359
868428
869465
870226
871303
871419
871586
871689
871794
872303
873648
873656
874294
874380
874653
874864
875477
875537
875566
875670
875719
875790
878101
878887
879649
879984
880961
881512
881741
881821
883088
883451
883663
883855
884024
884102
885251
885639
886040
887156
887201
887576
887660
888254
888542
888722
889552
890621
890731
890752
891371
892272
892983
893553
893942
893998
894424
895630
895806
896401
897276
897286
898434
899675
900302
900575
901011
901393
901677
901921
901983
902401
903605
903682
903995
904739
905365
905438
906079
906234
906473
906978
907311
908399
908722
909076
909592
909599
909624
909787
909947
910682
910695
911154
913006
913376
914195
914634
915008
915088
916061
916089
916658
916695
917116
917421
917430
918071
918692
919789
919849
920719
920848
921007
921424
921890
922315
922403
922698
923490
924156
924271
924313
925514
925543
925883
926437
926561
929039
929132
931994
932156
933783
934095
934282
934398
935003
935859
936860
937018
938014
938561
939153
939291
939410
939640
939686
940849
941228
941629
942059
942208
942269
943091
943142
943363
943417
943909
943972
944095
944641
944794
944972
945015
945215
945905
946073
946277
946366
946942
947403
947801
948147
948755
949028
949367
949904
950382
950645
951084
951162
951588
951675
951764
951900
951986
952028
952133
953175
953266
953300
954634
954804
955767
956077
956156
956178
956248
956708
957340
957681
957833
957998
960535
961397
961819
962519
963130
966355
966492
968326
968985
969347
969482
970426
970647
970845
971119
971161
971680
971697
971762
972217
973058
973426
974409
974670
978014
978507
978540
979120
980462
980474
983786
986573
987023
988051
988079
988796
991145
991629
993144
993581
996732
998875
999269
999710
999741
999896
1001168
1001503
1001505
1002413
1003781
1004165
1004339
1005604
1006798
1007095
1007563
1009428
1009947
1010233
1011392
1012049
1014793
1016290
1017999
1019229
1019959
1021166
1021981
1022512
1023248
1023615
1024090
1024276
1024438
1024750
1025356
1025531
1026845
1026924
1027452
1028494
1028887
1029469
1029563
1031829
1031848
1032920
1033120
1036531
1037520
1037527
1038621
1038837
1038852
1041244
1042257
1042370
1043070
1044101
1044331
1045260
1045281
1046293
1048692
1049227
1049924
1052299
1053517
1056349
1056389
1056775
1058442
1059650
1060270
1060276
1060848
1060946
1061711
1063742
1064452
1064808
1065406
1066074
1066262
1066424
1066443
1067122
1067617
1068260
1068420
1068610
1068674
1070263
1070307
1071405
1071454
1071463
1071655
1071669
1071702
1071938
1072058
1072068
1072258
1072259
1072382
1072572
1073420
1074592
1074839
1075909
1075975
1076295
1076647
1077325
1078523
1079574
1080048
1080464
1082033
1082873
1083732
1083889
1084010
1084244
1085239
1085267
1086077
1086247
1086410
1087529
1087660
1088340
1088827
1089041
1089132
1089629
1090410
1090545
1090874
1090935
1091140
1094474
1094475
1094838
1095044
1095045
1095152
1095748
1095857
1097852
1098083
1098309
1098554
1098918
1098950
1099486
1099669
1099994
1100681
1101246
1102663
1102854
1103628
1103678
1103756
1104416
1104874
1106099
1106304
1106797
1107621
1108318
1108599
1109093
1109576
1109666
1110217
1110398
1111041
1111072
1112413
1113514
1114878
1115004
1115469
1116542
1118364
1119224
1119699
1119895
1122159
1123992
1124380
1124528
1126233
1126416
1126928
1127600
1128736
1129290
1129456
1129893
1130013
1130516
1130993
1131337
1131586
1131747
1131756
1131926
1132059
1132728
1133791
1134555
1134746
1135352
1136133
1137476
1138454
1139952
1140342
1141677
1142052
1143129
1144280
1145190
1145715
1146043
1146419
1146730
1147958
1148441
1149139
1149645
1149979
1151170
1151218
1151227
1151318
1152603
1152950
1153731
1153879
1155031
1158014
1158289
1158884
1159292
1160268
1160355
1161511
1161687
1163358
1166325
1166932
1168734
1169279
1171810
1173044
1175598
1177607
1178141
1180794
1180975
1181171
1181344
1181882
1186028
1186101
1187343
1187346
1188568
1190275
1191359
1191549
1192162
1193109
1194133
1195824
1196266
1196457
1197090
1197288
1198516
1200522
1201298
1201304
1203197
1203297
1203846
1203995
1205927
1206156
1206523
1209660
1209803
1210039
1210078
1215304
1215761
1218839
1219607
1219658
1221376
1222175
1222378
1228157
1229364
1230557
1232922
1233836
1237208
1237353
1237394
1241349
1243439
1244158
1246053
1251803
1254460
1254760
1256196
1256456
1256649
1257467
1257900
1258367
1258767
1259119
1259143
1260561
1260617
1261203
1261786
1262598
1263031
1263494
1264201
1265792
1266987
1267333
1268876
1269009
1269396
1270036
1270469
1270861
1271831
1271857
1274105
1274464
1274543
1275269
1275743
1276357
1276634
1277878
1278092
1278350
1278671
1279525
1282188
1282524
1283359
1283713
1284539
1284715
1284717
1284990
1285081
1285270
1285297
1285787
1290941
1293623
1295120
1296897
1298153
1298316
1298325
1300013
1302423
1302505
1302581
1303444
1304721
1305192
1305531
1305753
1307454
1307575
1308872
1309673
1311361
1311530
1312121
1312260
1313154
1313616
1314918
1315181
1315329
1315532
1315574
1315739
1316051
1316091
1316554
1317322
1317608
1319411
1320521
1321520
1322615
1324729
1324814
1325056
1325156
1325692
1326503
1327516
1328148
1328245
1328702
1329103
1329630
1331759
1332389
1335638
1337472
1340008
1340448
1341029
1341743
1342586
1346768
1347030
1348573
1348812
1349718
1350311
1350620
1350659
1352028
1353097
1354407
1354554
1355429
1355766
1356833
1357175
1357220
1358170
1358253
1359160
1359851
1361535
1362172
1362687
1362773
1365297
1365774
1366330
1368605
1368808
1368833
1369230
1369746
1369864
1369909
1371260
1372861
1373479
1374577
1375914
1377694
1377893
1379974
1380213
1380479
1380514
1381222
1381951
1382718
1384797
1385195
1386220
1386522
1388300
1388423
1390162
1390488
1390805
1393358
1394070
1395750
1397294
1399432
1406206
1408712
1409874
1410706
1411373
1411423
1411709
1411877
1413268
1413422
1415036
1415401
1416975
1417080
1418087
1419954
1420008
1420045
1421389
1423757
1424610
1424930
1425976
1426309
1426798
1426970
1427295
1427585
1428988
1429154
1430544
1430708
1430888
1431285
1431313
1431394
1431640
1432142
1432336
1432583
1433204
1433707
1434498
1435178
1435875
1436534
1438207
1439001
1439221
1439499
1440687
1440728
1441519
1441799
1442120
1442606
1443709
1444042
1445773
1446398
1446669
1449145
1449657
1450235
1450693
1451021
1451391
1453740
1454595
1454712
1455110
1455574
1455813
1456750
1457262
1459131
1459450
1459478
1459976
1460313
1461980
1463138
1463162
1464785
1466266
1467227
1468853
1469373
1469756
1472642
1472890
1473270
1473540
1475027
1475600
1476152
1479501
1479729
1479745
1479809
1481106
1482010
1482986
1483018
1483296
1483782
1484192
1484543
1484718
1485208
1485722
1486186
1487065
1487989
1488924
1489148
1489652
1489720
1490142
1490296
1490319
1490531
1490890
1491625
1491659
1492273
1492543
1493178
1493297
1493644
1493773
1494213
1495558
1497587
1497678
1499838
1499910
1500246
1500344
1504013
1504067
1504272
1504728
1506144
1509136
1509834
1515080
1516696
1517457
1518482
1518495
1519562
1519989
1520075
1520297
1521303
1521483
1521535
1522134
1522749
1523875
1524322
1526430
1526739
1528597
1530839
1531647
1531955
1532011
1532608
1533298
1534557
1538597
1540750
1543140
1543961
1545888
1547545
1548354
1548655
1549820
1549919
1550610
1551190
1551389
1552793
1555484
1556150
1556865
1558070
1559875
1560082
1561827
1563449
1564387
1564537
1564841
1565674
1566079
1567619
1567736
1568000
1569368
1571613
1572205
1572815
1573058
1574219
1574305
1574899
1575940
1576153
1576394
1578618
1579140
1580224
1580310
1580468
1581713
1583129
1583501
1584139
1584705
1584784
1584852
1585142
1585923
1586871
1587090
1587116
1587509
1587773
1589988
1590054
1590220
1590437
1590544
1591019
1592217
1592403
1592460
1593081
1593174
1596541
1597659
1599816
1601754
1602755
1604498
1605821
1605876
1607072
1607595
1608550
1609476
1610300
1610690
1611871
1612627
1613031
1613259
1613412
1614407
1614823
1615487
1616643
1616819
1617247
1617646
1618006
1620283
1620878
1621240
1621382
1621702
1622168
1622181
1622411
1622752
1623364
1623964
1625355
1626302
1626507
1628157
1628206
1628786
1629503
1629801
1630282
1632899
1632956
1633162
1633658
1633707
1634205
1635549
1638262
1639008
1639131
1639230
1640597
1640933
1641493
1641762
1641808
1641920
1642002
1642045
1642673
1642897
1642983
1643563
1643816
1643915
1645232
1646005
1646445
1646459
1648282
1648688
1649144
1649776
1650072
1650416
1650850
1651412
1652183
1652761
1652992
1653330
1654883
1655087
1655547
1656610
1657253
1657647
1658012
1658164
1658231
1660675
1661029
1661308
1661559
1661872
1662334
1663048
1663189
1664118
1664413
1664477
1664582
1665112
1666713
1666800
1667560
1671749
1671985
1672498
1672918
1673772
1673830
1673831
1673956
1673963
1674470
1675157
1675469
1675743
1675840
1676648
1676678
1676781
1677265
1677840
1677895
1677972
1678252
1679041
1679297
1679484
1679655
1680214
1681043
1681503
1682996
1683419
1684110
1684543
1684628
1686021
1686765
1686786
1686889
1686932
1687238
1687248
1687275
1687404
1687609
1688045
1688263
1688462
1689376
1689504
1689992
1691640
1692520
1693631
1693738
1694609
1694653
1694910
1694967
1695783
1696194
1696350
1697120
1697463
1697479
1699236
1700121
1701599
1702369
1702468
1702524
1702622
1702735
1702860
1702954
1703820
1703880
1705344
1705354
1705508
1705917
1706588
1707085
1707142
1708263
1708881
1710357
1710674
1710705
1711493
1712380
1712677
1712947
1714168
1714311
1715975
1716974
1717729
1718046
1718939
1720393
1721603
1721984
1722385
1722574
1722614
1724507
1724615
1725083
1725890
1727757
1728666
1729410
1730219
1730483
1732032
1733008
1733163
1734278
1735461
1736061
1736465
1737852
1738330
1738336
1738479
1738585
1739231
1739377
1740196
1742508
1742606
1747271
1747388
1747562
1747837
1749457
1749486
1750325
1750507
1750717
1751225
1754413
1754476
1754672
1755115
1756457
1757857
1758486
1758961
1759465
1759684
1759693
1759858
1759869
1761572
1761798
1763045
1763075
1763616
1765065
1765255
1765279
1766254
1766285
1766377
1767082
1768697
1769313
1770544
1770665
1771327
1771495
1771904
1772594
1772691
1772844
1773657
1774145
1774702
1775073
1775301
1775467
1775542
1775704
1775794
1775948
1776094
1776245
1776440
1777540
1777849
1781777
1782459
1782925
1785010
1785092
1786067
1786261
1786893
1792212
1792908
1793276
1793502
1795460
1795819
1796300
1796413
1796483
1796608
1797573
1798367
1798561
1799261
1799588
1800836
1800996
1801148
1801627
1801984
1802558
1802812
1802931
1805502
1805672
1806610
1806834
1807181
1807814
1807822
1808115
1808601
1808904
1809759
1810495
1810630
1810978
1811625
1813070
1814986
1815410
1815689
1817204
1818108
1818344
1820355
1820663
1821384
1821886
1822062
1823627
1823675
1824199
1826478
1827457
1827590
1827950
1828250
1828592
1829153
1829252
1829842
1830368
1831236
1831307
1831973
1833148
1833197
1833263
1833541
1833606
1833952
1834053
1834612
1834660
1835172
1835710
1836455
1836884
1837467
1837702
1837850
1839039
1840446
1840679
1840710
1841209
1841733
1842368
1842452
1842907
1843325
1843384
1843923
1844418
1845074
1845247
1845977
1846247
1846316
1846643
1847213
1848466
1848501
1850246
1850980
1851464
1853290
1853707
1853724
1853953
1854101
1854387
1855125
1856697
1859296
1859967
1860742
1860818
1861489
1862113
1862677
1863041
1865428
1865457
1865758
1868960
1871156
1871476
1873206
1874786
1874994
1876721
1876791
1877112
1878227
1878543
1880536
1882534
1883370
1883869
1885199
1885703
1886774
1886812
1887037
1889547
1890685
1890802
1890926
1891380
1891854
1892108
1892670
1892722
1894205
1894710
1896474
1896621
1896632
1896690
1896970
1898878
1899161
1899434
1901011
1904015
1904205
1904713
1904870
1907323
1909792
1911007
1913072
1913432
1914377
1915614
1915709
1916658
1916696
1921776
1924011
1925087
1926100
1927215
1927238
1931473
1931496
1934462
1936684
1936851
1937153
1937315
1941352
1942476
1943341
1943906
1945324
1946568
1946609
1947507
1950227
1950476
1952697
1955083
1955239
1955320
1955358
1956418
1956538
1958545
1958799
1959375
1959798
1960608
1960833
1962515
1962888
1963451
1964317
1964850
1964889
1965831
1965834
1965955
1966143
1966695
1966833
1967249
1967323
1967350
1969714
1970322
1970724
1971006
1971586
1972491
1973945
1974855
1974901
1975075
1975385
1975591
1976259
1976417
1976851
1977276
1977721
1977798
1977836
1977849
1978036
1978068
1978434
1978858
1978917
1979278
1979643
1979815
1979962
1980939
1981073
1981333
1981904
1982548
1983133
1983551
1983629
1983957
1984347
1984370
1985260
1985315
1985382
1985662
1986789
1987379
1988460
1989908
1990897
1991056
1991407
1992036
1992691
1992747
1992844
1993358
1993952
1994199
1994672
1995015
1996763
1997370
1997784
1997972
1999286
1999864
2001156
2001514
2002455
2003313
2003770
2004351
2004725
2004870
2007519
2007634
2007931
2008370
2008778
2008952
2009364
2009599
2009922
2010183
2011232
2011235
2012345
2012845
2013579
2013916
2013985
2014084
2014319
2015669
2016250
2017551
2017896
2018750
2019027
2019466
2022313
2022411
2022577
2022962
2023591
2025818
2027085
2027160
2027516
2028225
2028741
2029074
2029273
2029383
2029771
2030839
2031148
2031595
2033038
2033605
2033643
2033782
2034818
2034943
2035002
2035358
2036574
2036842
2037789
2038993
2039029
2039705
2040154
2041584
2041752
2042029
2042372
2043236
2044822
2045298
2045625
2045735
2045819
2046695
2046976
2047644
2047681
2048392
2048748
2049457
2049538
2050578
2051103
2051318
2052078
2052789
2052916
2052923
2053202
2053251
2053799
2053966
2054265
2055083
2056522
2058067
2058876
2059436
2060063
2060112
2060463
2060525
2060616
2061408
2061611
2062113
2063295
2063894
2064358
2065352
2065696
2066248
2066453
2066794
2066933
2066984
2067374
2067877
2069294
2069489
2070285
2070395
2070728
2071899
2072943
2073502
2073792
2074109
2074630
2075411
2075570
2075633
2078290
2078725
2080609
2081551
2082234
2083499
2084124
2084309
2085441
2085695
2085742
2086432
2088216
2090136
2090819
2090935
2090939
2091130
2092184
2092456
2093047
2093952
2094705
2094815
2095309
2095483
2095583
2096409
2096955
2097370
2097972
2098213
2098683
2098693
2099036
2100253
2100802
2101992
2102778
2104459
2106370
2106555
2106700
2108619
2108787
2108820
2109011
2110951
2111654
2111898
2113141
2114435
2114813
2114830
2114905
2115529
2115670
2115865
2116360
2116926
2117269
2118674
2119084
2119812
2123198
2123491
2123515
2123816
2124968
2125282
2125530
2125574
2125640
2126696
2126883
2127655
2127772
2128841
2129325
2129911
2129951
2130267
2130753
2131084
2132255
2132395
2133385
2133482
2133653
2133872
2133965
2135122
2136195
2136690
2137733
2137799
2138131
2139545
2141161
2141925
2141968
2142212
2142656
2142883
2143804
2145938
2145957
2147021
2147034
2147101
2147614
2148954
2149098
2149386
2149647
2149696
2150402
2150431
2150701
2150863
2151206
2151865
2152569
2153865
2153921
2154031
2154139
2154821
2157040
2158165
2158285
2158309
2158381
2158922
2159045
2159091
2159109
2160376
2160408
2160779
2161238
2161439
2161886
2162264
2163042
2164404
2164605
2164789
2166386
2166488
2166584
2167044
2167618
2168674
2169235
2169261
2169343
2169771
2170374
2170821
2171107
2171605
2171935
2172504
2173072
2173285
2173537
2173581
2173688
2173932
2174022
2174187
2174704
2174824
2175035
2175267
2175534
2176994
2177385
2177490
2177615
2177793
2178072
2178463
2179346
2179798
2179855
2180030
2180081
2180174
2180245
2180440
2180442
2180880
2181236
2181400
2181757
2182170
2182205
2183187
2184393
2184701
2185346
2185954
2186452
2186454
2187537
2187616
2187774
2187955
2188029
2188031
2188987
2189555
2189788
2190310
2191090
2191184
2192633
2192759
2193884
2194301
2194982
2195199
2195613
2195743
2195840
2195966
2196400
2196402
2196458
2197337
2197435
2197473
2197969
2199914
2200340
2200464
2201982
2202077
2202591
2202815
2203425
2203803
2204167
2204665
2205205
2205944
2206969
2207095
2207165
2208488
2208568
2208588
2208654
2208704
2209794
2210022
2210044
2210282
2210333
2210341
2210861
2211517
2212118
2212395
2212562
2212650
2212656
2212727
2212848
2213657
2213853
2213887
2214230
2214288
2215305
2215916
2215931
2216546
2216943
2217178
2217321
2218479
2218800
2218867
2219676
2219842
2220077
2221161
2221190
2221315
2221527
2221641
2221696
2221812
2222264
2223395
2223547
2223677
2224253
2224482
2224749
2224943
2225085
2225748
2225769
2225823
2225849
2226661
2226735
2226888
2227154
2227323
2227424
2227511
2227582
2229427
2229647
2229939
2230125
2230451
2230500
2230768
2231447
2232453
2232584
2234881
2235371
2235497
2235518
2237239
2237278
2237294
2238025
2238513
2238860
2239078
2239539
2239942
2240580
2241403
2242575
2243098
2243847
2245272
2245453
2246413
2249228
2249531
2249690
2250318
2250656
2250709
2251361
2253211
2253856
2254051
2254422
2254942
2254970
2256631
2259466
2260679
2261140
2261825
2262107
2262121
2263849
2265826
2266313
2266597
2267350
2267550
2268546
2268553
2269519
2271010
2271116
2271443
2271473
2273443
2273900
2276345
2277984
2278167
2279055
2279156
2279272
2279640
2280271
2281519
2281657
2281711
2281817
2281858
2282192
2282540
2282571
2282705
2283019
2283911
2283930
2284705
2284883
2285302
2285346
2285529
2285531
2285865
2286463
2287311
2287866
2287914
2288163
2288752
2288877
2289021
2289096
2289328
2289331
2289417
2289797
2290525
2290657
2290794
2290876
2291310
2291488
2291663
2291949
2291979
2292002
2292119
2292143
2292213
2292481
2292660
2292876
2292941
2293467
2293624
2293708
2294252
2294257
2294543
2294726
2295419
2295581
2295852
2296289
2296847
2297258
2298542
2298569
2298937
2298971
2299006
2299032
2299176
2299232
2299234
2299275
2299904
2299938
2300308
2300459
2300496
2300788
2300872
2301038
2301343
2301396
2301486
2301862
2302050
2302437
2302460
2302491
2302789
2303087
2303205
2303340
2303545
2303667
2303875
2303910
2303998
2305116
2305497
2305688
2306099
2306162
2306206
2306448
2306577
2306651
2306970
2307092
2307328
2307362
2307482
2307576
2308223
2308509
2308940
2309138
2309745
2309764
2309931
2310557
2310717
2310760
2310798
2310985
2311027
2311294
2311515
2311773
2312078
2312109
2312302
2312341
2312501
2312699
2312758
2312953
2313368
2313776
2313955
2313979
2314075
2314320
2314445
2314656
2314979
2314983
2314996
2315211
2315488
2315702
2315740
2315918
2316190
2316259
2316268
2316318
2316340
2316462
2316482
2317163
2317873
2317995
2318336
2318450
2318641
2318763
2319027
2319160
2319276
2319390
2319797
2320130
2320203
2320297
2320501
2321100
2321374
2321390
2321577
2321742
2321831
2321877
2322275
2322341
2323275
2323334
2323681
2323765
2323800
2323993
2324027
2324564
2324906
2325040
2325234
2325445
2325648
2325857
2326598
2326670
2327030
2327098
2327424
2328144
2328170
2328293
2329485
2330624
2331017
2331302
2331437
2331782
2331784
2332080
2332166
2332501
2333060
2333621
2333696
2333769
2333849
2334387
2334420
2334628
2334663
2334675
2334994
2335111
2335207
2335240
2335322
2335557
2335979
2336247
2336372
2336869
2337117
2337254
2337311
2337646
2337691
2337990
2338102
2338394
2338457
2338596
2338800
2338858
2338977
2339486
2339600
2339826
2339869
2339933
2340145
2340315
2340388
2340401
2340484
2340550
2340567
2340892
2341058
2341119
2341148
2341198
2341298
2341342
2341714
2341747
2342029
2342520
2342530
2343032
2343238
2343421
2343548
2343555
2343559
2343764
2344298
2344317
2344795
2344882
2345312
2345453
2345675
2345838
2346253
2346684
2346718
2346865
2346915
2346995
2347204
2347913
2348072
2348233
2348665
2350092
2350206
2350363
2350435
2351359
2351474
2351708
2351782
2352098
2352111
2352287
2352673
2352872
2353137
2353252
2353255
2353491
2353575
2353580
2354166
2354399
2354923
2355024
2355437
2355701
2355726
2356157
2356275
2356398
2356528
2356592
2356866
2357211
2357532
2357585
2357683
2358844
2358850
2359253
2359433
2359642
2359690
2359852
2360013
2360033
2360049
2360897
2361047
2361582
2361768
2362146
2363150
2363805
2363985
2364025
2364821
2364849
2364874
2365256
2365624
2365853
2366411
2366434
2366488
2366583
2366649
2366928
2367007
2367449
2367635
2367933
2368029
2368053
2368116
2368195
2368301
2368388
2368550
2369156
2369642
2369940
2370438
2370500
2370608
2370783
2371461
2371520
2371703
2372073
2372078
2372329
2372421
2372436
2372795
2372813
2372903
2373225
2374143
2374396
2374419
2374549
2375630
2375841
2375991
2376179
2376261
2376863
2378271
2378559
2378659
2379159
2380507
2381034
2381124
2382139
2382518
2382715
2383011
2383373
2383579
2383585
2383662
2383823
2383847
2383923
2383932
2384258
2385002
2385025
2385063
2385086
2385210
2386099
2387332
2387432
2387460
2387604
2387858
2387997
2388560
2388671
2388972
2389015
2389871
2390280
2390300
2390396
2390476
2390884
2390974
2391201
2391254
2391272
2391430
2391545
2391961
2392584
2392655
2393503
2394557
2395124
2395236
2395254
2395431
2396211
2396859
2396934
2397335
2398169
2398262
2398406
2398496
2398645
2398833
2399319
2399391
2399423
2399759
2400651
2400903
2401213
2401230
2401326
2401455
2401885
2402037
2402214
2402455
2402550
2403040
2403209
2404543
2404622
2404847
2404853
2404854
2405161
2405416
2405695
2406193
2406212
2407273
2408807
2408823
2409097
2410099
2410278
2410842
2410924
2411078
2411766
2411948
2412146
2412186
2412255
2412470
2412962
2414370
2414624
2415078
2415120
2415657
2416770
2417647
2418503
2418608
2418698
2419176
2419379
2419445
2419502
2420855
2421051
2421191
2421232
2421852
2421961
2422512
2422596
2423133
2423568
2423647
2423685
2423756
2423952
2424014
2424025
2424079
2424096
2424417
2424837
2425114
2425347
2425449
2425466
2425688
2426369
2426736
2426807
2426860
2427030
2427423
2427663
2427771
2428009
2428559
2429086
2429319
2429372
2429575
2429595
2430150
2430212
2430478
2430550
2430643
2430654
2431143
2431281
2431348
2431471
2431859
2432085
2432086
2432213
2432420
2433003
2433478
2433534
2433606
2433631
2433732
2434050
2434097
2434308
2434360
2434590
2434683
2435269
2435475
2435644
2435858
2435944
2435945
2436079
2436239
2436702
2437127
2437379
2437384
2437639
2437738
2437842
2438073
2438283
2438390
2438480
2438488
2438823
2438948
2439099
2439515
2441108
2441331
2441372
2441559
2442233
2443245
2443855
2443862
2444135
2444240
2445297
2445354
2445362
2445925
2446451
2446501
2446693
2446864
2447243
2447500
2447554
2447776
2447871
2448697
2448736
2448987
2448996
2449080
2449502
2449522
2450902
2451629
2451648
2452192
2453214
2453271
2453612
2453660
2453697
2455372
2455655
2455920
2457444
2457614
2457815
2458274
2458850
2458925
2459079
2459342
2459502
2459997
2460033
2460211
2460221
2460265
2460689
2461002
2461344
2461505
2462230
2462449
2462479
2462523
2463096
2463224
2464673
2464934
2465238
2465583
2465968
2465978
2466212
2466475
2466774
2466965
2467610
2467805
2469745
2470078
2470272
2471527
2472141
2472204
2472520
2472763
2472797
2473349
2473679
2474578
2474581
2475845
2476227
2476314
2479348
2479702
2480321
2480956
2481807
2483594
2484011
2484166
2484194
2484269
2484442
2484523
2484847
2485035
2485864
2486187
2487050
2487082
2487570
2487692
2487835
2488634
2488754
2490696
2490952
2491243
2491422
2491917
2492033
2492127
2492689
2493121
2493122
2493666
2494801
2496275
2496443
2496919
2498266
2498293
2499753
2500796
2500910
2501619
2501656
2502003
2502859
2502942
2503442
2503725
2504428
2504932
2505147
2506586
2507593
2507595
2508063
2508138
2508859
2510082
2510213
2511904
2512212
2512590
2512610
2512777
2513476
2513717
2513789
2514137
2514412
2514448
2514595
2514887
2515792
2515842
2516720
2517154
2517287
2517864
2517929
2518340
2518888
2519056
2520279
2520864
2521432
2521433
2521915
2523030
2523655
2523702
2526942
2527804
2530257
2530436
2530477
2530551
2531071
2531250
2531322
2531500
2532170
2533276
2533782
2534131
2534533
2535194
2535318
2537103
2537612
2538371
2538612
2539527
2540099
2540495
2540895
2541232
2541313
2542709
2543054
2543292
2543629
2543775
2543809
2543822
2543847
2544206
2544417
2544785
2545014
2545961
2546097
2546566
2546961
2547508
2547549
2549111
2549208
2549216
2549429
2549627
2549853
2550043
2550063
2550200
2550208
2550388
2550435
2551257
2551448
2551610
2552569
2552956
2552970
2553150
2553803
2553866
2554311
2554335
2554813
2554902
2555428
2555651
2555705
2555857
2556701
2556993
2557334
2557870
2558578
2559136
2559709
2560041
2560197
2561518
2561621
2561772
2561807
2561863
2562160
2562580
2562714
2563040
2563276
2564084
2564094
2564703
2565650
2565793
2565993
2566379
2566782
2566857
2567984
2568177
2568226
2569093
2570166
2570344
2570595
2571896
2571900
2572648
2573405
2573662
2575049
2575767
2575800
2577960
2578342
2578652
2579247
2579248
2579378
2579429
2579866
2582469
2583600
2583860
2584256
2584318
2584751
2584881
2585115
2585553
2585609
2585844
2586345
2586352
2586658
2586795
2587634
2588502
2588589
2588747
2589006
2589070
2589214
2590710
2591406
2592615
2593705
2593764
2594221
2594661
2595145
2595393
2595499
2595590
2595912
2596200
2596496
2597820
2598550
2600043
2600185
2600329
2600930
2601911
2602193
2606624
2606763
2607450
2607553
2607618
2608797
2609403
2610633
2611174
2613693
2614064
2614190
2614521
2614795
2614917
2615045
2615495
2615911
2616465
2616791
2618525
2621033
2621155
2623403
2623856
2625361
2625712
2626013
2626386
2626977
2629455
2630917
2632954
2633369
2635108
2637112
2637212
2637629
2638288
2638480
2639489
2640561
2641494
2641816
2641827
2642198
2643456
2643885
2644690
2644812
2647831
2651468
2651563
2652388
2653733
2654460
2655294
2655354
2655406
2655508
2655906
2656382
2657439
2658014
2658763
2660941
2661133
2664278
2665189
2666783
2666865
2667185
2667803
2667889
2671332
2671844
2672297
2673981
2674074
2674476
2674899
2675843
2676164
2676649
2677045
2677138
2678731
2679311
2679590
2681786
2682061
2682297
2682954
2684535
2684608
2684779
2684977
2685168
2686190
2687181
2687590
2688689
2689149
2689246
2689632
2689739
2691115
2691275
2691807
2691852
2692229
2692317
2692533
2692615
2693660
2694008
2694472
2695844
2696133
2697495
2697534
2697544
2697754
2698255
2698267
2700682
2700960
2701798
2702319
2703353
2704141
2704351
2705141
2705270
2705315
2705731
2705868
2706644
2706678
2707937
2708079
2708432
2708729
2708969
2709190
2709920
2710691
2711699
2712291
2712439
2712531
2712952
2712975
2713159
2713340
2714422
2714490
2714609
2714740
2714937
2714962
2715097
2716021
2716091
2716711
2717950
2718581
2718789
2718869
2718872
2719316
2719328
2719519
2719883
2719963
2720319
2721119
2721451
2721661
2721741
2723291
2723360
2723383
2723609
2724066
2724193
2725310
2725929
2725932
2726155
2726236
2726422
2726515
2726724
2727257
2727476
2727892
2728023
2728453
2728941
2729109
2729595
2729599
2729798
2730047
2730205
2731874
2732487
2732498
2732532
2732656
2733219
2733329
2733470
2733604
2733612
2733843
2734433
2734581
2734832
2735215
2735406
2735822
2736025
2736092
2736369
2736462
2736476
2736546
2736754
2736886
2737042
2737094
2737262
2737803
2737931
2738092
2738440
2739022
2739402
2739416
2739707
2740108
2740235
2740340
2740345
2740356
2740585
2740692
2741045
2741051
2741186
2741340
2742774
2742783
2742907
2743222
2743436
2743806
2744088
2744113
2744766
2745213
2745668
2746089
2746322
2747022
2747252
2747469
2747688
2747768
2747794
2747930
2749439
2750137
2750232
2750280
2751768
2751787
2752518
2752761
2752930
2752955
2753336
2753791
2754172
2754322
2754759
2755225
2755599
2755784
2756139
2756232
2756418
2757075
2757934
2758015
2758139
2759152
2759209
2759240
2759459
2759521
2759585
2759868
2760310
2760463
2760978
2761105
2761519
2761522
2761986
2762231
2762298
2762475
2762630
2762651
2762810
2763566
2763621
2763710
2764292
2764754
2765482
2766294
2767338
2767517
2768074
2768299
2768332
2768822
2768858
2769089
2769273
2770078
2770081
2770132
2770307
2771831
2771899
2772794
2773250
2774769
2774826
2775170
2775748
2775816
2776026
2776690
2777358
2777364
2777664
2778288
2779522
2780493
2780586
2781588
2783467
2783845
2783933
2783983
2784971
2785221
2785559
2785708
2785823
2786744
2786964
2787073
2787976
2788024
2788540
2789778
2790193
2790512
2790589
2791058
2791359
2791767
2791938
2793129
2793213
2794156
2795825
2796143
2797235
2797863
2798181
2798487
2798661
2799586
2799749
2799779
2800050
2800234
2800751
2800804
2801519
2802259
2802436
2803476
2804007
2804184
2804485
2804517
2806536
2806837
2807451
2807591
2808007
2812061
2812115
2812146
2812154
2812747
2813388
2813761
2814032
2814979
2816225
2817391
2817409
2817803
2817946
2818512
2819922
2820486
2820665
2823081
2824226
2824419
2824820
2826590
2828518
2829169
2829389
2829556
2831103
2831142
2831434
2831910
2832361
2832762
2832945
2833038
2835620
2835780
2835879
2837583
2837945
2841596
2841614
2842495
2842821
2844160
2845177
2845623
2846539
2847586
2847829
2848840
2850467
2850644
2852084
2853614
2854800
2856958
2857768
2858103
2858331
2858594
2858817
2860038
2860848
2860929
2861122
2862010
2862578
2864812
2864959
2865276
2865853
2867389
2868322
2868803
2869084
2869091
2869441
2869711
2869885
2872301
2873081
2873655
2876378
2877234
2880916
2881492
2881528
2881597
2881966
2882007
2882906
2883191
2883838
2884169
2884416
2886265
2888846
2889651
2889814
2889899
2889992
2890045
2890296
2890308
2890694
2890905
2891525
2891553
2892851
2893207
2894425
2894473
2894578
2894685
2895192
2895288
2895344
2895434
2896069
2896213
2896443
2896749
2897059
2897673
2897679
2898796
2899506
2899753
2899835
2901671
2901987
2902087
2902236
2902582
2903835
2904210
2904892
2906551
2906735
2907408
2907779
2908002
2908003
2908078
2908490
2908583
2908759
2909051
2909525
2909564
2909687
2909799
2909833
2910609
2911012
2911079
2911618
2911988
2912058
2912066
2912073
2912590
2913045
2913505
2913627
2913742
2914050
2914081
2914203
2914367
2914379
2914518
2915382
2915732
2915825
2916585
2916638
2916659
2917732
2917834
2918058
2918253
2918399
2918839
2919570
2919903
2920592
2920960
2922090
2922175
2922327
2922559
2922704
2922959
2923330
2923958
2924084
2924342
2925340
2925506
2926191
2926378
2926814
2926847
2926889
2927280
2927290
2927476
2927550
2927607
2927745
2927945
2928695
2928711
2928887
2928917
2929259
2929542
2929758
2929802
2930200
2930307
2930759
2930954
2931001
2931107
2931421
2931492
2932033
2932608
2932871
2933042
2933163
2933326
2933382
2933720
2934470
2934538
2934818
2934828
2935310
2936217
2936566
2936861
2937149
2937318
2937891
2938888
2939408
2939436
2940360
2940502
2940903
2941157
2941205
2941360
2942360
2942402
2942654
2943891
2944232
2944805
2945116
2945312
2945667
2946259
2946313
2947162
2947186
2947436
2947439
2947449
2947956
2947990
2948124
2948495
2948545
2948760
2949540
2949546
2950736
2950795
2951326
2951841
2951960
2951965
2952101
2952381
2952830
2953865
2954589
2954638
2955258
2955539
2956220
2956560
2956730
2956841
2957431
2957732
2957930
2958124
2958326
2958931
2959238
2959657
2960009
2960046
2960792
2960928
2962746
2963677
2965932
2966763
2966834
2967192
2967307
2967599
2967806
2967839
2967973
2968081
2968795
2970060
2970140
2970596
2970864
2971585
2971830
2973088
2974422
2974638
2974858
2975262
2975277
2975297
2975880
2976220
2976783
2977225
2977642
2977693
2977969
2978334
2978548
2978731
2980028
2982213
2983044
2983203
2985104
2985402
2986345
2986733
2986916
2987427
2987632
2987938
2988103
2988173
2988231
2989188
2990029
2990572
2990733
2991017
2991153
2991219
2992090
2992216
2992512
2992810
2993055
2993187
2993659
2995529
2995645
2995932
2996042
2996920
2996935
3000292
3000393
3000851
3001649
3001696
3001981
3002116
3005406
3005474
3005897
3006794
3007413
3007702
3008343
3008850
3009779
3009990
3010530
3011072
3011133
3011980
3012810
3013275
3014552
3017671
3018001
3019695
3019985
3020417
3022074
3022356
3022566
3022805
3022810
3023345
3024034
3025029
3025105
3025175
3027912
3028063
3028569
3028926
3029812
3031662
3031954
3032276
3032583
3033082
3033345
3033738
3035774
3037724
3038324
3039133
3040323
3040387
3040564
3040710
3040841
3040947
3043449
3044729
3045996
3046095
3047785
3048749
3051361
3053578
3053683
3055161
3056497
3057366
3057849
3058179
3059248
3059596
3060133
3061492
3061665
3062111
3062121
3062392
3062539
3063235
3065230
3065578
3067043
3067388
3067468
3068423
3070413
3070526
3071553
3072514
3072735
3074362
3075444
3075458
3075495
3076400
3077680
3079040
3079491
3079670
3081699
3082145
3082181
3082593
3084109
3084110
3086018
3086780
3086870
3087265
3088683
3090644
3091991
3093254
3093342
3094097
3095165
3095280
3096380
3096394
3098010
3098715
3098985
3099001
3099160
3100887
3101136
3101261
3101411
3101499
3102310
3102604
3104272
3104447
3105292
3105923
3106487
3106726
3107181
3107681
3107827
3108104
3108281
3108923
3108930
3109667
3109788
3110133
3111643
3112047
3112282
3112549
3112631
3113563
3113646
3113742
3113928
3115532
3115548
3115807
3116425
3116434
3116616
3116769
3119228
3121245
3121739
3122471
3122472
3123038
3124531
3124895
3124913
3124974
3125067
3125928
3126021
3126335
3126469
3126938
3127207
3127586
3128510
3128705
3128873
3129493
3130459
3130819
3131065
3131368
3131922
3132329
3133407
3134307
3134559
3135263
3136322
3138887
3139098
3139228
3140072
3140693
3143033
3143950
3144106
3144480
3145490
3146854
3147277
3147532
3148336
3148753
3149111
3149605
3150918
3151311
3151320
3151681
3152194
3152292
3153360
3153659
3155250
3156175
3156628
3157593
3158463
3159796
3160012
3161548
3162336
3162994
3163446
3163996
3165770
3166809
3167245
3169054
3169315
3169460
3170519
3171036
3171141
3171401
3171710
3173939
3175009
3175833
3176574
3178115
3180246
3180590
3180646
3180847
3181634
3182143
3182473
3183739
3183761
3184305
3184921
3186119
3187266
3188244
3188700
3189140
3189253
3189314
3189689
3189757
3190699
3190701
3191013
3191502
3192993
3194090
3194251
3195173
3195349
3196686
3196764
3199169
3199262
3202599
3203239
3203246
3203285
3203399
3203524
3203653
3203764
3203858
3204591
3204592
3204693
3204985
3205204
3205357
3206367
3206551
3206647
3207720
3207743
3209070
3209516
3209912
3210066
3210378
3210631
3210769
3211142
3211216
3212147
3212148
3212524
3212706
3212731
3213386
3214123
3214134
3214479
3215454
3216292
3216450
3217166
3217455
3218667
3219327
3219335
3219596
3219727
3221981
3222133
3222261
3222952
3223325
3223365
3223532
3224104
3224146
3225547
3226153
3226278
3226986
3227862
3227875
3228051
3229683
3230380
3231060
3231348
3231600
3234205
3235029
3237196
3237306
3237653
3237702
3238440
3238879
3239201
3239291
3240646
3241894
3242117
3244100
3244575
3245222
3245902
3246542
3247928
3248607
3248856
3248948
3248950
3250157
3251246
3251499
3251811
3251971
3252350
3253745
3254381
3254521
3254874
3254969
3255324
3255821
3256460
3256671
3257864
3258786
3259127
3259927
3260318
3260669
3260754
3260773
3261629
3261868
3262155
3262735
3264985
3265757
3266796
3267466
3268239
3268366
3269373
3269572
3270008
3270537
3271068
3271383
3271789
3272091
3272198
3272491
3273065
3274223
3275050
3275629
3275994
3276199
3276479
3276692
3276696
3277167
3277271
3279066
3280377
3280553
3280613
3281075
3281963
3282079
3282198
3282914
3283049
3283360
3283437
3283881
3284589
3284596
3285156
3285646
3285969
3286314
3286679
3287780
3288488
3288605
3290574
3291786
3292058
3293134
3293564
3294012
3294685
3295339
3295405
3295471
3295534
3295585
3295760
3296169
3296288
3296463
3297157
3297215
3297523
3297877
3298083
3298264
3298425
3298978
3299249
3299348
3299453
3300075
3300173
3300345
3300549
3300915
3300955
3301018
3301232
3301400
3301524
3301849
3301917
3303070
3303146
3303561
3303868
3304577
3305758
3306013
3306126
3306472
3307225
3307262
3308246
3308472
3309357
3310516
3310666
3310799
3311140
3311164
3311681
3311778
3311790
3312165
3312468
3312905
3312924
3313113
3314834
3315421
3315692
3316016
3317272
3317527
3318307
3318364
3318708
3318770
3319208
3319582
3319856
3320302
3320955
3321255
3321310
3321362
3322104
3322598
3322776
3323972
3324584
3324585
3326041
3326367
3328392
3328717
3328975
3329079
3329535
3329766
3330948
3331283
3332012
3332571
3332869
3333180
3333202
3333805
3333819
3333933
3334128
3334253
3334258
3334825
3335218
3335255
3335389
3335698
3335783
3335806
3336704
3337165
3337435
3337524
3337593
3337685
3337933
3337985
3338357
3338382
3339244
3339438
3340065
3341660
3342058
3342462
3342655
3343312
3343365
3343747
3343760
3344376
3344731
3345704
3346378
3346392
3346412
3346630
3346793
3346850
3348138
3348731
3348890
3348980
3349106
3349247
3349725
3349952
3350075
3350209
3350414
3350489
3350522
3351316
3351453
3351487
3351582
3351877
3352225
3352247
3352252
3352261
3352330
3352523
3352682
3353017
3353695
3354567
3355381
3355396
3355856
3356090
3356675
3356731
3356886
3357412
3357621
3358602
3358799
3359497
3359632
3359755
3359861
3359959
3360263
3360409
3361403
3361423
3361659
3361829
3361913
3362302
3362456
3363107
3363641
3364004
3364319
3364831
3365349
3366428
3366438
3366759
3368525
3368809
3369741
3369796
3370308
3370544
3370931
3372621
3373180
3374415
3374688
3375386
3375445
3375838
3376219
3376316
3376614
3376671
3376711
3377969
3378030
3378370
3378541
3378655
3379152
3379671
3379687
3380048
3380385
3380961
3381749
3381998
3382152
3382370
3382595
3382810
3383314
3383569
3384090
3384107
3384409
3384552
3384742
3385011
3385342
3386192
3386450
3386803
3387338
3388505
3389257
3389717
3390407
3390408
3390993
3391189
3391379
3391386
3391773
3391812
3391857
3392649
3392678
3393800
3394637
3396226
3397129
3397170
3397467
3397481
3398557
3398570
3398975
3399202
3399445
3400003
3402796
3403191
3403632
3404729
3405771
3405803
3405902
3406347
3406499
3406560
3407405
3408011
3408509
3408737
3408785
3409825
3410952
3411453
3412088
3412268
3412645
3413329
3414010
3414012
3414400
3414569
3414889
3415165
3415722
3417080
3417424
3417498
3417568
3417944
3419443
3419579
3419650
3420996
3421479
3421492
3422555
3422562
3422900
3423293
3424645
3424953
3425162
3425482
3426302
3426403
3428340
3428358
3428772
3429171
3430483
3430559
3430719
3430907
3431585
3431693
3431788
3432091
3432352
3432422
3432592
3433420
3433558
3433952
3434757
3435325
3436159
3436187
3436514
3437065
3437952
3438525
3438706
3440409
3440622
3440694
3440970
3441178
3441639
3441713
3442354
3442889
3443168
3443727
3443895
3444039
3444184
3444234
3444363
3445033
3445145
3445243
3445510
3446125
3446466
3447252
3448152
3448564
3448576
3449118
3449459
3449964
3451501
3451999
3453201
3453429
3453463
3453466
3453481
3453598
3453676
3454554
3454591
3455356
3456573
3458104
3459147
3460449
3460846
3461365
3461420
3461847
3462196
3462269
3463060
3463739
3465137
3467000
3467070
3467241
3467547
3468933
3469898
3469992
3470434
3470538
3471468
3471648
3472168
3472919
3473726
3473920
3474078
3474094
3474144
3474558
3474625
3474973
3475227
3475252
3475285
3476054
3476522
3476623
3476935
3477107
3477375
3477783
3477978
3478250
3480163
3480408
3480566
3480698
3480973
3482767
3483373
3483839
3483858
3484054
3485636
3488274
3489498
3489564
3491861
3492013
3492542
3493745
3494087
3495520
3495728
3495963
3496502
3497572
3497767
3498606
3498607
3499312
3500330
3501618
3501902
3502075
3502115
3503159
3503697
3504503
3505097
3505740
3505779
3505930
3506081
3506099
3508700
3510018
3510263
3511508
3512276
3513405
3513549
3514567
3515083
3515754
3517241
3517355
3517376
3518980
3519147
3519833
3521506
3522178
3522268
3522490
3522937
3523672
3523921
3524838
3525348
3525993
3526126
3526603
3530065
3530082
3530185
3530487
3532925
3533471
3534238
3535041
3535600
3537681
3538221
3538928
3539002
3539031
3540098
3541280
3541519
3544131
3544262
3546275
3547478
3547545
3547759
3548756
3550071
3550344
3550949
3552451
3553460
3555387
3555505
3556153
3557109
3557440
3558910
3560940
3561239
3561852
3562120
3562147
3562656
3562948
3563022
3563338
3563503
3564587
3565734
3565957
3567116
3570623
3570651
3570768
3570929
3570965
3571258
3572733
3573569
3573905
3575003
3575033
3575843
3576149
3576239
3576555
3576843
3578495
3578961
3579107
3580053
3580090
3580470
3580647
3581387
3581435
3581523
3581648
3583479
3584001
3584492
3584967
3584972
3586705
3587389
3587806
3591142
3594817
3595345
3597457
3597809
3600695
3602038
3602424
3605097
3605410
3605735
3606589
3607505
3612357
3612782
3612848
3612880
3613019
3613166
3613859
3617561
3617598
3618206
3619514
3620296
3620709
3624924
3625780
3625841
3626153
3626497
3626835
3632882
3632938
3633248
3633322
3633532
3633779
3634587
3634867
3635110
3635184
3635197
3635198
3635529
3636533
3637517
3637583
3638050
3639377
3640138
3640414
3640468
3640512
3640541
3640650
3642070
3642271
3645129
3645159
3645970
3645972
3646125
3647233
3647252
3649088
3649185
3649349
3649970
3650649
3651010
3651265
3651283
3651847
3652146
3652861
3653109
3653773
3653988
3654454
3654526
3654687
3654750
3654866
3654983
3655469
3655722
3655724
3656058
3656132
3656472
3656946
3657186
3657458
3657611
3658938
3659582
3659621
3659818
3660742
3661488
3661497
3662676
3663403
3663680
3664236
3665519
3665620
3665967
3666281
3666633
3666941
3667292
3668212
3668771
3669182
3669959
3670698
3672818
3673986
3673995
3674370
3675102
3675251
3675468
3675779
3678307
3678480
3678834
3679137
3679138
3679169
3679387
3679549
3680311
3680614
3682292
3682373
3682607
3682856
3683744
3685580
3687080
3689454
3689765
3689895
3690104
3690671
3692448
3692907
3693024
3697970
3698720
3699608
3699879
3700719
3700888
3701498
3702143
3702164
3702182
3702285
3702399
3702945
3703048
3703227
3704270
3704875
3704955
3706967
3707137
3707655
3707747
3707796
3708684
3708785
3708934
3708997
3710662
3711081
3712207
3712391
3712680
3712812
3713158
3713395
3713439
3713518
3713575
3713813
3715495
3716441
3716450
3716660
3716837
3718070
3718672
3719217
3719423
3722015
3723881
3724602
3725444
3726179
3726673
3726994
3727066
3731710
3733058
3733746
3734700
3734732
3734781
3739209
3739235
3739906
3741577
3741734
3741874
3743282
3744290
3744693
3745566
3745665
3745698
3745792
3746188
3746768
3746984
3748545
3748681
3748771
3749380
3749391
3750884
3751204
3753161
3754218
3754472
3754770
3755190
3755251
3755531
3756001
3757490
3759019
3759384
3760354
3761048
3761237
3761800
3762353
3762638
3762787
3762970
3763295
3763371
3764753
3765009
3765416
3767668
3768847
3768949
3769199
3769359
3770178
3770646
3772051
3772240
3774270
3774359
3774429
3774722
3775393
3777062
3778175
3779395
3780327
3780594
3781014
3781850
3784131
3788925
3790080
3791846
3792126
3792472
3793310
3794659
3796260
3796417
3796422
3798767
3799040
3800150
3800422
3801064
3802071
3803851
3804355
3804670
3805803
3806447
3806449
3806552
3807299
3808050
3808507
3808562
3808851
3809184
3809429
3810770
3810810
3811340
3811903
3812796
3815912
3818467
3818797
3818806
3819459
3819578
3819902
3820369
3820793
3821532
3822310
3822578
3822698
3823523
3823677
3824030
3824860
3824974
3826579
3826831
3827051
3828224
3828505
3828535
3828556
3830560
3831413
3831911
3832256
3832659
3832916
3832932
3833195
3833209
3833276
3834184
3834416
3834668
3834941
3836071
3837406
3839814
3840163
3842880
3843504
3843611
3843733
3844291
3845137
3845279
3845366
3846036
3847737
3848253
3848933
3848990
3849221
3849857
3849874
3850473
3851366
3851449
3852214
3852555
3853296
3854566
3856561
3856925
3857179
3857213
3857749
3859653
3860781
3862038
3863088
3863723
3863955
3865062
3865486
3865850
3867126
3868269
3869116
3869313
3870299
3870433
3870778
3873736
3875194
3875203
3876044
3876877
3877360
3877873
3877977
3878061
3879178
3879906
3880211
3880656
3882681
3883013
3883652
3884371
3884406
3884687
3884872
3885327
3886316
3889111
3890138
3890717
3893369
3896491
3896501
3897690
3898025
3899867
3899878
3899909
3899913
3900120
3900839
3903496
3905634
3906344
3907388
3907846
3908469
3908874
3910203
3912020
3912593
3912616
3912882
3913979
3913994
3916456
3919487
3919621
3921512
3922177
3922439
3923048
3923323
3924515
3926073
3926601
3927051
3927967
3928359
3929498
3929621
3937224
3937353
3938291
3938781
3941006
3941065
3944139
3944728
3945185
3946334
3946633
3946865
3948819
3949677
3949754
3949983
3950636
3950895
3952519
3952883
3953128
3953401
3955661
3956009
3956079
3957239
3957793
3958154
3958328
3958331
3961868
3962813
3963515
3963581
3963707
3964088
3964189
3964269
3966555
3966608
3967783
3968220
3968537
3970308
3970524
3970750
3971949
3971954
3973604
3973859
3974221
3974282
3974599
3974811
3975287
3976603
3977323
3979894
3980931
3982163
3982833
3983351
3984059
3984247
3984575
3985503
3985686
3986730
3988489
3990104
3992503
3992570
3993011
3993643
3994133
3995918
3996118
3996120
3996151
3996419
3996940
3997356
3997691
3998865
3998922
3998995
3999963
4000036
4000464
4001239
4003879
4004169
4004251
4004283
4004892
4005998
4006344
4007895
4008770
4009902
4009950
4010761
4011039
4011406
4012314
4012370
4013024
4013511
4013984
4014476
4015142
4015989
4016209
4016765
4017901
4018089
4018281
4018783
4018899
4019295
4022000
4022398
4022479
4023036
4023746
4024213
4024990
4025187
4025376
4025592
4026555
4026879
4027298
4027760
4027807
4028140
4028201
4028308
4028512
4028924
4028979
4029144
4031034
4031587
4032136
4033164
4033762
4033925
4034366
4034837
4035175
4035406
4036978
4037301
4037576
4039815
4039963
4040889
4040933
4041540
4042031
4042427
4042460
4043321
4043926
4044631
4044842
4044931
4045298
4045325
4045342
4045522
4045947
4046895
4047240
4047617
4047679
4047743
4048159
4049204
4049319
4050755
4051893
4052046
4052275
4052380
4052471
4052802
4053194
4053767
4054055
4055078
4055151
4055428
4056973
4057506
4057802
4057806
4059395
4063648
4063817
4064221
4065939
4066647
4067714
4068045
4068443
4070085
4070291
4072307
4072939
4072957
4072970
4079214
4081132
4081567
4083015
4083085
4084179
4085227
4087949
4088782
4092701
4093043
4093282
4093834
4094052
4094509
4095347
4096837
4098238
4098410
4098588
4099142
4099244
4099811
4099856
4101743
4104949
4106286
4107504
4108122
4109903
4110281
4110585
4111287
4111367
4112803
4113242
4113297
4115453
4118752
4120175
4120778
4120954
4121643
4122260
4123517
4123523
4124354
4124463
4125405
4125833
4127229
4128053
4128726
4130004
4131481
4131569
4131997
4133205
4134369
4137110
4137497
4137703
4139931
4140116
4140451
4140462
4140946
4140947
4141677
4141734
4142374
4142426
4142476
4142599
4145052
4145131
4145525
4146837
4147887
4148638
4151236
4152407
4152855
4153087
4153126
4153128
4153742
4153820
4154708
4155880
4157275
4157899
4158331
4158961
4161653
4162880
4162914
4165953
4166913
4169385
4169971
4170783
4172178
4173623
4174621
4174651
4174864
4175395
4178105
4179033
4179201
4181905
4182358
4182555
4182563
4182861
4183162
4184777
4185180
4187260
4190463
4191235
4191327
4191617
4191741
4191801
4192829
4194886
4198687
4201004
4201717
4202537
4203864
4204490
4204846
4206855
4207069
4207561
4208335
4209173
4209588
4210029
4210378
4210393
4213137
4213344
4214204
4214479
4214920
4215202
4215203
4216043
4216098
4218048
4218666
4218811
4219203
4219278
4220201
4220208
4220754
4221816
4222283
4222647
4222938
4224619
4224664
4225998
4226956
4228118
4228498
4228898
4230315
4230951
4231132
4231364
4231775
4232132
4232618
4232636
4233930
4234976
4236271
4236940
4237291
4237746
4238177
4238270
4239769
4239966
4240258
4240328
4241754
4241845
4243692
4244255
4244691
4245061
4245534
4246315
4246945
4247037
4248204
4248278
4248902
4249467
4249669
4250165
4250173
4250745
4251469
4252804
4253202
4253615
4253714
4253722
4254500
4254602
4255702
4257912
4258181
4259635
4259818
4260099
4260454
4260904
4261282
4261505
4262096
4262976
4263527
4264155
4264873
4265887
4266263
4267242
4267619
4267853
4268058
4269264
4269642
4269683
4270614
4271436
4273157
4273444
4277632
4278739
4278934
4279222
4280630
4281268
4281552
4282448
4284975
4285330
4286694
4288217
4289245
4289412
4290042
4293966
4294231
4294380
4294858
4296399
4297069
4297085
4298859
4299098
4299458
4299783
4299880
4300124
4301019
4301134
4301213
4303734
4303892
4304396
4304947
4305986
4306180
4306487
4308205
4308727
4309132
4309241
4309521
4310569
4310732
4314851
4315197
4315444
4315567
4315891
4316207
4316813
4316840
4317957
4318055
4318628
4320014
4322226
4322921
4323210
4324140
4324461
4325514
4325628
4326019
4326499
4326573
4326609
4326841
4327755
4328000
4328186
4328883
4329506
4330149
4330234
4330465
4330488
4330502
4330536
4330694
4331283
4331286
4331314
4332253
4332352
4333041
4333346
4333851
4333870
4333933
4334163
4334399
4334417
4334748
4334945
4335041
4335213
4335445
4337626
4337675
4338076
4338784
4339279
4339359
4339715
4339874
4341136
4341298
4341552
4341990
4342393
4343376
4343768
4343828
4344566
4344753
4345247
4345432
4345449
4346095
4346130
4346548
4347304
4347466
4347891
4349038
4349492
4349493
4350083
4350099
4350130
4350160
4350902
4350969
4351084
4351160
4351239
4351272
4351275
4351309
4351619
4351632
4351697
4352154
4352158
4352219
4352460
4353235
4354030
4354260
4354382
4354579
4354598
4354830
4355093
4355219
4355697
4356175
4356654
4356665
4356699
4357122
4357133
4357268
4357379
4357452
4357687
4357830
4358173
4358257
4358336
4358366
4358493
4358612
4358778
4358848
4359086
4359279
4359825
4359994
4360089
4360262
4360304
4360322
4360359
4360362
4360474
4360761
4360792
4361242
4361319
4361401
4362198
4362463
4362501
4362698
4362915
4363035
4363061
4363139
4363424
4363719
4363972
4364148
4364216
4364264
4364343
4364358
4364488
4364567
4364686
4364836
4365431
4365857
4366359
4366560
4366637
4366713
4366867
4367458
4367615
4367662
4367758
4368238
4368996
4369048
4369069
4369075
4369561
4370107
4370154
4370442
4370450
4370645
4370788
4372130
4372324
4372531
4372711
4373159
4373253
4373268
4374206
4374291
4375011
4375014
4375204
4375411
4375459
4375494
4375720
4375779
4375903
4376579
4376989
4377354
4377389
4377714
4379052
4379209
4379389
4379443
4379573
4379688
4379934
4380006
4380275
4380328
4380383
4380426
4380808
4381139
4381400
4381556
4381688
4381933
4382022
4383269
4383424
4383426
4383949
4384076
4384268
4384606
4384760
4384802
4384821
4384878
4385151
4385228
4385432
4385677
4385959
4386131
4386348
4386410
4386436
4387071
4387179
4387466
4387622
4388062
4388118
4388362
4388491
4389014
4389153
4389447
4389730
4389857
4390255
4390349
4390521
4390684
4390956
4391005
4391493
4391726
4391972
4392036
4392695
4393007
4393055
4393588
4393755
4393782
4393800
4393895
4394065
4394395
4394420
4394559
4394617
4395294
4395744
4395998
4396004
4396168
4396242
4396858
4396959
4397150
4397773
4397780
4398020
4398219
4398604
4398668
4399248
4399437
4399477
4399537
4399785
4400202
4400453
4400551
4400574
4400737
4401268
4401482
4401862
4401956
4401985
4402048
4402493
4402504
4402912
4403038
4403050
4403076
4403200
4403201
4403279
4403655
4404182
4404418
4404908
4405392
4405580
4405768
4406191
4406242
4406490
4406500
4406630
4407344
4408147
4408334
4408659
4408723
4408859
4408931
4409506
4409508
4410169
4410254
4410310
4410489
4410709
4410831
4410855
4411082
4411168
4412986
4413010
4413181
4413203
4413789
4414081
4414093
4414239
4414356
4414513
4414862
4415165
4415559
4415719
4415783
4416168
4416227
4417059
4418018
4418085
4418279
4418308
4418797
4418812
4418976
4419051
4419324
4419355
4419717
4419991
4420088
4421241
4421794
4422902
4422950
4423097
4423307
4423320
4423532
4423945
4424644
4424860
4425080
4425491
4425662
4426141
4426489
4427087
4427142
4427636
4427831
4427988
4428688
4428692
4429336
4429829
4430606
4430704
4431235
4431266
4431437
4431620
4433111
4433652
4434113
4434308
4434543
4434696
4435284
4435563
4436333
4436737
4436762
4437001
4437060
4437149
4437403
4437533
4437555
4437910
4437941
4438673
4439532
4439579
4439950
4442375
4443080
4443127
4443465
4443495
4444346
4444368
4444443
4444460
4444485
4444709
4444759
4444809
4445201
4446111
4447069
4447078
4447915
4447990
4448275
4448919
4450070
4452153
4452508
4452933
4454299
4454669
4454763
4454783
4455071
4455222
4455425
4455655
4455839
4456159
4456160
4456245
4456571
4456981
4457140
4457323
4457674
4458418
4458597
4458828
4458925
4459481
4460228
4460366
4460423
4461293
4462930
4463425
4465118
4465768
4466226
4466570
4467092
4467666
4468040
4468168
4468321
4468637
4469386
4469541
4470202
4470231
4470979
4471500
4472245
4473665
4473873
4474529
4474821
4475353
4476285
4477271
4477612
4477634
4478126
4480244
4481047
4481488
4481750
4481875
4482440
4483308
4483914
4483997
4484682
4484785
4485103
4485745
4486248
4487569
4488725
4489749
4489840
4489860
4491182
4491358
4492453
4493282
4493581
4493627
4494244
4495351
4495449
4496612
4496829
4497458
4498462
4498570
4498595
4498866
4499294
4499328
4499452
4499903
4500323
4500824
4501368
4501472
4501647
4501870
4502056
4502606
4502978
4503117
4503298
4504015
4504156
4504581
4504681
4506974
4508411
4508431
4508682
4508744
4509768
4509826
4510399
4510832
4511339
4513019
4513128
4514024
4514819
4514916
4515076
4515512
4516518
4516798
4517086
4517618
4518089
4519967
4520804
4521255
4522306
4523934
4524177
4524288
4524440
4525902
4526151
4526716
4527260
4527690
4528096
4528617
4529165
4529340
4529352
4530000
4530081
4530297
4530385
4531770
4532856
4534484
4535778
4535823
4535942
4536866
4537027
4537154
4537580
4538967
4539016
4539292
4539918
4540389
4540651
4540687
4540794
4540911
4541411
4541587
4541637
4541857
4542055
4543310
4543509
4545110
4545601
4546287
4546360
4546544
4548195
4548737
4549369
4550053
4551187
4551482
4553092
4554258
4554531
4554848
4554991
4555531
4556914
4557029
4557371
4559258
4559366
4559640
4560639
4561371
4561611
4561659
4561885
4562112
4562224
4562244
4564187
4565297
4565968
4565985
4566113
4566568
4566780
4567768
4568022
4568354
4569198
4570402
4570675
4571442
4573470
4573713
4574219
4574383
4575019
4575809
4577136
4577285
4578442
4578586
4579517
4580894
4581200
4581553
4581895
4583270
4583870
4583943
4584358
4584360
4585075
4585378
4586137
4586315
4586854
4587183
4587195
4587210
4587664
4587870
4589062
4589129
4589232
4590042
4590373
4591072
4591494
4591845
4592411
4593234
4593434
4594867
4595267
4595347
4596075
4596455
4596608
4598010
4598661
4598811
4598828
4598830
4599173
4599554
4601077
4602369
4603168
4603869
4604968
4605011
4605232
4605700
4605885
4606110
4606457
4607105
4607190
4607339
4607603
4608039
4608133
4609601
4610571
4610743
4611292
4611682
4612013
4612252
4612826
4612886
4613390
4614376
4614543
4614918
4615670
4615884
4615911
4616428
4616677
4617227
4617372
4617420
4618521
4618555
4619253
4621400
4621569
4621658
4621721
4622158
4622338
4624161
4624261
4624603
4625788
4626190
4626583
4626857
4627449
4628420
4631215
4632317
4633039
4633763
4633935
4634114
4634326
4636459
4636485
4636652
4637099
4637368
4637683
4638311
4638334
4638452
4638673
4640416
4641033
4641162
4647957
4648566
4648590
4649121
4649315
4650972
4651474
4653346
4653733
4654556
4654813
4655481
4657524
4657702
4659068
4659555
4662645
4662766
4663356
4663408
4665932
4669190
4671584
4671755
4672188
4675776
4676151
4676561
4676633
4676760
4677584
4681676
4683453
4684143
4686882
4687442
4688409
4688881
4689139
4689389
4690978
4692318
4693159
4696340
4696900
4697290
4697483
4698762
4699969
4699974
4700199
4703373
4703465
4703640
4703675
4704597
4705424
4706463
4707839
4708032
4708648
4708954
4709219
4710356
4712036
4712899
4712954
4713399
4713618
4715250
4715301
4715952
4716229
4716738
4717086
4717354
4719376
4720060
4720788
4722879
4723173
4723534
4723699
4723719
4724345
4725913
4726245
4726517
4727112
4727950
4728081
4728137
4729425
4729981
4730761
4730968
4731664
4732377
4732723
4732870
4733022
4733658
4734076
4735577
4736552
4736736
4736757
4736812
4737581
4738435
4738614
4739232
4739469
4739811
4740375
4740771
4741241
4742501
4743105
4743889
4744286
4744353
4744857
4745153
4745668
4746110
4746165
4746365
4746801
4746850
4747083
4748718
4749343
4750650
4750653
4751815
4752893
4753243
4754050
4754506
4754682
4754853
4754969
4755909
4758319
4758546
4758960
4759050
4760032
4760276
4760388
4761066
4761230
4761797
4761882
4761892
4762784
4763041
4763548
4764107
4764749
4765815
4766368
4766682
4767166
4768120
4768413
4768563
4769247
4769872
4769966
4772823
4773254
4773787
4773889
4774172
4775057
4775381
4776322
4776481
4776527
4777055
4777181
4777895
4778331
4778695
4778734
4780469
4781152
4781341
4781379
4782974
4783845
4783917
4784078
4785022
4785188
4786374
4786851
4788570
4789643
4791370
4791711
4792034
4793657
4794917
4795135
4795718
4796626
4797902
4799433
4800251
4800367
4800500
4801262
4801299
4801351
4801368
4801502
4802127
4803117
4803952
4805413
4805540
4806085
4806678
4806813
4806843
4807362
4807604
4808089
4808502
4808521
4809087
4809319
4809641
4809758
4809999
4811140
4811208
4813006
4813358
4813655
4814953
4815785
4815889
4816442
4816622
4817456
4817913
4819648
4820046
4820130
4820660
4821090
4821743
4823605
4824579
4824930
4825604
4825883
4826256
4828080
4828292
4828499
4829515
4829609
4829801
4830226
4830380
4830390
4830960
4831695
4831725
4832093
4832117
4832126
4832912
4833103
4833340
4833496
4833514
4834205
4835214
4835761
4836060
4836210
4836399
4837727
4837754
4838926
4839017
4839635
4839712
4840937
4841341
4841548
4841575
4841895
4841930
4842139
4843082
4843228
4843820
4844113
4844208
4844532
4844625
4845128
4845826
4846104
4847556
4848039
4848080
4848113
4848637
4849956
4850113
4850155
4850530
4851402
4851607
4851674
4851699
4851816
4851859
4852970
4853045
4853116
4854223
4854586
4854648
4854668
4855088
4855320
4857046
4857072
4857308
4857716
4857992
4858230
4858672
4858971
4859054
4859374
4860002
4861245
4861647
4861779
4862718
4862871
4863539
4864001
4864383
4864462
4864504
4865016
4865208
4865736
4865831
4865889
4865922
4866196
4866569
4866863
4867069
4867271
4867570
4867664
4868486
4868683
4868712
4869864
4869893
4869967
4870345
4871198
4871209
4871403
4871745
4871826
4872728
4873846
4874117
4874488
4874836
4875057
4875298
4876714
4876958
4876969
4879275
4880576
4881348
4881526
4882193
4882217
4882291
4882493
4883424
4886411
4886625
4886700
4887350
4887739
4888972
4889743
4889774
4890119
4890185
4890813
4891440
4892689
4892734
4893034
4894052
4894125
4894910
4897369
4898450
4899959
4899983
4900217
4900257
4900687
4900805
4900917
4901057
4901732
4901854
4901961
4903393
4903453
4904022
4907550
4908460
4908484
4908528
4908713
4908743
4909177
4910568
4911680
4911890
4912858
4913027
4913181
4913352
4914303
4915120
4915181
4915237
4915350
4916333
4916356
4916642
4916680
4917061
4917077
4917126
4917688
4918989
4919161
4919487
4920035
4920077
4921207
4921221
4922144
4922289
4923454
4923726
4923799
4924186
4925123
4925141
4925861
4926029
4926189
4926488
4927245
4928346
4928475
4928565
4928650
4929330
4930310
4930603
4930636
4930711
4930935
4931006
4931342
4931826
4932028
4932122
4932136
4933307
4934155
4934196
4934681
4934869
4935135
4937512
4938587
4938690
4939215
4939238
4941654
4942104
4942613
4943229
4943906
4945334
4946085
4946826
4947628
4948416
4948507
4948661
4948884
4949017
4949559
4949981
4950315
4950339
4951173
4951410
4951525
4959715
4960267
4961261
4963528
4964217
4964732
4965812
4966065
4966076
4968350
4968583
4970576
4970918
4973707
4974435
4975184
4978890
4979415
4979933
4980548
4982576
4983640
4983925
4984479
4984773
4986255
4986603
4986970
4987575
4987623
4987806
4987840
4991116
4991309
4991389
4991938
4994377
4996213
4997514
4998805
4999007
5000794
5002813
5004321
5005032
5005502
5006031
5006403
5006681
5007296
5007431
5008158
5009037
5009662
5010906
5010989
5011312
5012664
5012719
5014254
5014263
5015065
5015240
5015401
5016271
5017962
5019154
5019758
5019862
5020128
5020536
5022746
5023330
5024185
5025208
5025546
5025772
5025845
5026655
5026658
5030137
5030630
5031383
5031776
5031817
