2060
2586
2807
13340
18148
18977
26900
29665
29825
31760
34241
35621
35818
43655
44845
46687
51129
58203
62877
63579
63969
65239
70343
73976
78230
78756
78977
89510
94318
95147
103070
105835
105995
107930
110411
111791
111988
119825
121015
122857
127299
134373
139047
139749
140139
141409
146513
150146
154395
154920
155141
165667
170471
171300
179219
181983
182142
184075
186553
187933
188130
195961
197151
198990
203430
210503
215177
215878
216267
217536
222639
226272
228528
228952
233548
237436
237544
242743
243623
244521
245209
259545
261673
266003
269994
275699
279539
279662
281469
282070
285234
286017
290149
300140
303078
308212
316115
320171
322126
329925
333486
338430
343265
350544
357219
357712
359794
360050
363542
364578
364832
366119
368359
368719
371761
372946
375912
376405
377390
386479
387346
387660
389119
389464
393668
403761
406960
407163
415409
417538
418012
419727
420316
424007
427733
428220
430215
447578
448006
450935
463035
464247
475083
475608
476070
478592
483004
485929
488446
492393
496879
499327
499411
499539
516255
520430
520924
529642
532482
539360
540737
540985
541580
543058
553031
553039
560629
562815
565481
565532
571397
577059
577367
580957
581241
583312
586462
591824
592131
593655
597522
602257
602891
607769
607967
609790
611807
618927
624656
624713
626103
627295
635042
641336
641570
647676
647739
651893
655677
657572
661237
663722
666369
667051
668006
670154
672264
673652
676696
679979
682860
684325
693251
698693
699598
700820
709335
709406
711664
720712
724044
734818
736279
741884
742654
743808
744908
754654
757536
761339
762849
781361
781480
781965
782728
789216
789662
791246
795563
795710
796845
798676
802120
807417
810231
810928
813486
815935
817578
824912
827356
834725
845492
847991
857575
859364
865840
869063
875272
881024
882934
889530
890968
892687
895370
895386
899782
900846
901912
909088
914173
915624
918270
920266
925688
927246
929195
935109
939262
940384
941514
944541
951127
956582
962241
963472
965557
967646
968499
970752
974965
976514
986179
987743
990037
991178
1000428
1008397
1009088
1014524
1022887
1025530
1026788
1027843
1030279
1030646
1032396
1038134
1042851
1046379
1054995
1055077
1056072
1061613
1062354
1064524
1075451
1076739
1086690
1087180
1088936
1089522
1090007
1096085
1104694
1107021
1109926
1112133
1118136
1119710
1125284
1125892
1127478
1128286
1132692
1145295
1147809
1157111
1161199
1161904
1167970
1168800
1170516
1170841
1176429
1180582
1180773
1181713
1185082
1197878
1198575
1199736
1209092
1209801
1231146
1233842
1241689
1247910
1251400
1254415
1260198
1269436
1280160
1284378
1287778
1291649
1291936
1299906
1301984
1303236
1308339
1313398
1313629
1315505
1326022
1326676
1328107
1335315
1339279
1339751
1339977
1348121
1351467
1351604
1357695
1361306
1363069
1370669
1372304
1372496
1377403
1378157
1380769
1384744
1385804
1386636
1386839
1387068
1387274
1387568
1389806
1398419
1401560
1405319
1405913
1408837
1422202
1424703
1426099
1433796
1449156
1451083
1452024
1453281
1453869
1457298
1458420
1462157
1465112
1465319
1465941
1470586
1471361
1474744
1475478
1478007
1478269
1480962
1486024
1486140
1487405
1497191
1499106
1499850
1522903
1523789
1529713
1533193
1534630
1536966
1544631
1545167
1545271
1554089
1561951
1562848
1563272
1568895
1571149
1583065
1584807
1585015
1585460
1592533
1593964
1594661
1595013
1595581
1596000
1598084
1598101
1599387
1611218
1613644
1618277
1621652
1625057
1626878
1627039
1632183
1632308
1633552
1634627
1635166
1644477
1644507
1644637
1646935
1655873
1662769
1667446
1672934
1677498
1679677
1684938
1693094
1695852
1697452
1702329
1703169
1713350
1715685
1722433
1722907
1724017
1725005
1730022
1735333
1736062
1736818
1739278
1741791
1743694
1748321
1749977
1750140
1752661
1756276
1758844
1759326
1761152
1762970
1763064
1766054
1767580
1767837
1767973
1772489
1777394
1782907
1785840
1787211
1787653
1787818
1788017
1788450
1788508
1789338
1791235
1793497
1797878
1799231
1800557
1801457
1802961
1807123
1811217
1814465
1815142
1815423
1818937
1818946
1822685
1827102
1829902
1831384
1835381
1836905
1839440
1842257
1844253
1847886
1848812
1850814
1853342
1853520
1853533
1853815
1871706
1873800
1879858
1880262
1880956
1881930
1885945
1886983
1889189
1890726
1891155
1894828
1899160
1901988
1902753
1906441
1910741
1915454
1917001
1919410
1920560
1925935
1928374
1929213
1931075
1933870
1934330
1936863
1940704
1945853
1946079
1949388
1949760
1950593
1954229
1955490
1963682
1970652
1971736
1976002
1979004
1982539
1985754
1987689
1991039
1993665
1999308
2002875
2003935
2007236
2008659
2008730
2010326
2013682
2013757
2014318
2015143
2019215
2024581
2025767
2028845
2030257
2034881
2036295
2037641
2041336
2042609
2044218
2050356
2055319
2055620
2056766
2058912
2061519
2062434
2062537
2068179
2069127
2070719
2076497
2078095
2079040
2080516
2081894
2082809
2089544
2097561
2097801
2098307
2099096
2103858
2104563
2104573
2104731
2107479
2111174
2111416
2113616
2114652
2115755
2123265
2125148
2126563
2127299
2132188
2136285
2137000
2137691
2141667
2142568
2143478
2146267
2147313
2149389
2152072
2152358
2154407
2154790
2157853
2159515
2159890
2160267
2170875
2171224
2173838
2180663
2184971
2186168
2189829
2192012
2192688
2197041
2199494
2199495
2200956
2206332
2206509
2209049
2210664
2215731
2215757
2216019
2216505
2219640
2228654
2229948
2231329
2236190
2236614
2237341
2237372
2241418
2245874
2247072
2247469
2248819
2250361
2257331
2264654
2266364
2267321
2278281
2278905
2280890
2286000
2289083
2299780
2307055
2307186
2307434
2313696
2317778
2318865
2324948
2327485
2330250
2335005
2338478
2341328
2343572
2345966
2346234
2352314
2361256
2364687
2367313
2367811
2371137
2372326
2373194
2374951
2378605
2379748
2382206
2382343
2383045
2384361
2384689
2387639
2391086
2392560
2398278
2400855
2401326
2405458
2408366
2408749
2413044
2416136
2420103
2423533
2425250
2427412
2429775
2436153
2438673
2440254
2442691
2447424
2461024
2466409
2469074
2473915
2476693
2477854
2477976
2487756
2488950
2490472
2496359
2504657
2506240
2506818
2525078
2528766
2529579
2535039
2536518
2539022
2540577
2545480
2552704
2553015
2557041
2557129
2557340
2558519
2560201
2560455
2562238
2563426
2567890
2568093
2579194
2584685
2586079
2586495
2587125
2588312
2591355
2594425
2595427
2601790
2602744
2603015
2605503
2609854
2610467
2614137
2618165
2618800
2622182
2623291
2631837
2632470
2634893
2635090
2636629
2641663
2642001
2642119
2647677
2649500
2659007
2664702
2665969
2666574
2677942
2682758
2687143
2699613
2700765
2701772
2704211
2705852
2714379
2723360
2724718
2729520
2732989
2735432
2737115
2739132
2741866
2745106
2745914
2746829
2749351
2754715
2762359
2764459
2765624
2766664
2769178
2771583
2772428
2783464
2784153
2784775
2787343
2789986
2792355
2794840
2797616
2798519
2805019
2805041
2806099
2806313
2806376
2807978
2835093
2842380
2844061
2848210
2850606
2862596
2867575
2878336
2882473
2883420
2883501
2883957
2888513
2896620
2898421
2899072
2901620
2905933
2906401
2906530
2907836
2913137
2913735
2914297
2925280
2934347
2937788
2939948
2949718
2955056
2955314
2960946
2963939
2966978
2976765
2982270
2988371
2990399
2992952
3002298
3007004
3019544
3024991
3027880
3028042
3032193
3034702
3045700
3054794
3057201
3060004
3062113
3062844
3066834
3066839
3068690
3070123
3076292
3077366
3081804
3084647
3090239
3095852
3100888
3102959
3104407
3104952
3114609
3122916
3123609
3139003
3146427
3155226
3161679
3178337
3186752
3191868
3196495
3200479
3224018
3230185
3233546
3234602
3235981
3236044
3261582
3264658
3271065
3273349
3274183
3276326
3282803
3295508
3298421
3301283
3304217
3307983
3320526
3321945
3323439
3326924
3327031
3349738
3352378
3353096
3353635
3353837
3357324
3357487
3359030
3359773
3360134
3362338
3363421
3365547
3367078
3374573
3376219
3389544
3397455
3402309
3429644
3433585
3435887
3441557
3445605
3447551
3450520
3450815
3452911
3464632
3469608
3469892
3470980
3472282
3477515
3482601
3482866
3490126
3493327
3494405
3494768
3498023
3502772
3503989
3505237
3509591
3516603
3516746
3523683
3530169
3531954
3533983
3538562
3544442
3545814
3551922
3554582
3555602
3556130
3556532
3562259
3562430
3562611
3562730
3564438
3569397
3570183
3570550
3571375
3571377
3574504
3579053
3582839
3591133
3593251
3596736
3599150
3603416
3607831
3609456
3631648
3634732
3643002
3645781
3646481
3648102
3653772
3653896
3654932
3656259
3657308
3658465
3667671
3668965
3672212
3673641
3678216
3682280
3685741
3687545
3688266
3695102
3697571
3697722
3698431
3698785
3699384
3699819
3721058
3724056
3724883
3725133
3727259
3728092
3729190
3735396
3740058
3750098
3750182
3764401
3771668
3776598
3778585
3783505
3784324
3788657
3798357
3801798
3802682
3803910
3805714
3808921
3809024
3809717
3824726
3827352
3829792
3833124
3834457
3837034
3841025
3842317
3843953
3844480
3847594
3853571
3857917
3864850
3865979
3868972
3874419
3880356
3883810
3890894
3895818
3900511
3906245
3918702
3921048
3928068
3932073
3938868
3943762
3952707
3955602
3964559
3973190
3974380
3985084
3987623
3988950
3992580
3995109
3996080
3999527
3999687
4000197
4002919
4004674
4008090
4009703
4011630
4012331
4013954
4014367
4014631
4016053
4020913
4024911
4025533
4031866
4033006
4041331
4045133
4058135
4064608
4075016
4082009
4085036
4085560
4091314
4092821
4099900
4102381
4103845
4104890
4105935
4114320
4114776
4117465
4120038
4120716
4121006
4124950
4125902
4128022
4129290
4137551
4142713
4142940
4145406
4145523
4147231
4153904
4157601
4158403
4159253
4163034
4166953
4172164
4183871
4186526
4186609
4188921
4192871
4194404
4194617
4200929
4209529
4213004
4213356
4217182
4227920
4237051
4240693
4241680
4246617
4247851
4260791
4262851
4263354
4263448
4267350
4274010
4277243
4278396
4287533
4296486
4301367
4306183
4307405
4308017
4311830
4313220
4320984
4339210
4342009
4343100
4343435
4350976
4351070
4357355
4361775
4363557
4366785
4367788
4367792
4368959
4385963
4385968
4387835
4391200
4391496
4392346
4397671
4399483
4420898
4424525
4424904
4425017
4428048
4428137
4430576
4430878
4433033
4435371
4443405
4447251
4450665
4451723
4454672
4456324
4461461
4472240
4472865
4476466
4483254
4484133
4484769
4490891
4495324
4500690
4502844
4506551
4507255
4509612
4510185
4514092
4515434
4516928
4517327
4523475
4523831
4526581
4527928
4530255
4534625
4535153
4535617
4543411
4543944
4544775
4555006
4558517
4562695
4563908
4568668
4574399
4577557
4584574
4585855
4586565
4586675
4589611
4590925
4595571
4599718
4602483
4605442
4606276
4606350
4608195
4609980
4611377
4614503
4615775
4619894
4626934
4631157
4632726
4641225
4655229
4655974
4658591
4659364
4661839
4665740
4674386
4676506
4686184
4687486
4691264
4694047
4705248
4707566
4709988
4712408
4714182
4714380
4714853
4719004
4722486
4730398
4741183
4741184
4742142
4747499
4758445
4762223
4762928
4763467
4764729
4764988
4772229
4777740
4783654
4796567
4797257
4803429
4803455
4811045
4812470
4826315
4830277
4835969
4839879
4846032
4861554
4862866
4867475
4871580
4874150
4881083
4881900
4885085
4894001
4896353
4899104
4901836
4912843
4919023
4924993
4925835
4926122
4927827
4932732
4933830
4945691
4948154
4949002
4952271
4958315
4959643
4970500
4973511
4975487
4987372
4989628
4991253
4994701
4995388
5000407
5008804
5014010
5018449
5019992
5026111
5026694
5026811
5038439
5045052
5047426
5049504
5049960
5054714
5058012
5062053
5065415
5066672
5069860
5082293
5087943
5096924
5098445
5102569
5103746
5104827
5104867
5117562
5125996
5125998
5126182
5129870
5134326
5138181
5141403
5141649
5142518
5145531
5146472
5147599
5155508
5173799
5176359
5179862
5182250
5184076
5185734
5189613
5197630
5208223
5212486
5213275
5219738
5230179
5239480
5251227
5251506
5254778
5260914
5261424
5264561
5270750
5277399
5283115
5288546
5291299
5300824
5303422
5308029
5314449
5317054
5319155
5319717
5320117
5320584
5322649
5323207
5326542
5329150
5329254
5329344
5329421
5329453
5329559
5329694
5329783
5329819
5331320
5331359
5336093
5337232
5338035
5339596
5339641
5339732
5339752
5339773
5347117
5351524
5354550
5354974
5355174
5355385
5361451
5362178
5364215
5366854
5370351
5374752
5375181
5375629
5379262
5388125
5400459
5406478
5412190
5413626
5420820
5427607
5437806
5441706
5443027
5449341
5449564
5453668
5453774
5454483
5454922
5462109
5466330
5471516
5474667
5480727
5480946
5487373
5489119
5490615
5491934
5496726
5499868
5500541
5504048
5507288
5507860
5507928
5508673
5522323
5525723
5528696
5532203
5542425
5549847
5558649
5578704
5579314
5582048
5584533
5584782
5586641
5588044
5588319
5591888
5592208
5593164
5595730
5598262
5599977
5600293
5610643
5614324
5619105
5620184
5632555
5636496
5637471
5642155
5646626
5647532
5663417
5672790
5675191
5676023
5676917
5679689
5684386
5689764
5694755
5701934
5701981
5705266
5709935
5711142
5712928
5716748
5717932
5721762
5729943
5733071
5742149
5748025
5751594
5757986
5763830
5766796
5770815
5771056
5778403
5787122
5790883
5795994
5797092
5798601
5800326
5807505
5809142
5815033
5816542
5831657
5838009
5857503
5869601
5876928
5879364
5882262
5885076
5885576
5892097
5892664
5894614
5896698
5899063
5904313
5906358
5906442
5908738
5908747
5912270
5913786
5923598
5923963
5923974
5925063
5931979
5936973
5937853
5945564
5947719
5948573
5950784
5950923
5952997
5957178
5959419
5961742
5962032
5968497
5973617
5984206
5987964
5992845
5995670
5997636
6000180
6003001
6004779
6005781
6008153
6012107
6012522
6013694
6020564
6026233
6026974
6034274
6053099
6066093
6066340
6067677
6075504
6077577
6090016
6091069
6091878
6095215
6099075
6104228
6109196
6119087
6120662
6121861
6130690
6132573
6140808
6143528
6146085
6148745
6149566
6172880
6174150
6183910
6195187
6195407
6201787
6208105
6208380
6210221
6212289
6215938
6222375
6223285
6223366
6228699
6228967
6232189
6242933
6245982
6250595
6258290
6258858
6271278
6271330
6271494
6272678
6274414
6274595
6274976
6278467
6284320
6287677
6288857
6306786
6309114
6313701
6319184
6325191
6333078
6338869
6339598
6341298
6341714
6344823
6351231
6352946
6357325
6359342
6371112
6377819
6378087
6378864
6380373
6385558
6387811
6394215
6400767
6407792
6411050
6411633
6415682
6416605
6423068
6424688
6425583
6427168
6436292
6437841
6438653
6442053
6450650
6455771
6456454
6459225
6475596
6481521
6484592
6488954
6495489
6496953
6498357
6500128
6508541
6508927
6519565
6522020
6523532
6524561
6526393
6530555
6531352
6538216
6538659
6539814
6542560
6548066
6548825
6567042
6570948
6572921
6574441
6581116
6586311
6587294
6599537
6612571
6614805
6628933
6629793
6630439
6632810
6633389
6638608
6639622
6643861
6652846
6657991
6661559
6668142
6672144
6677916
6683668
6696968
6697716
6697971
6704291
6705013
6708864
6713862
6715486
6716343
6717070
6722358
6727487
6727671
6730432
6731368
6732488
6734664
6736956
6737123
6743406
6744643
6750192
6758465
6761090
6767280
6768463
6768817
6769198
6772830
6778901
6779902
6783192
6783353
6785706
6798612
6798617
6804833
6806918
6808448
6810062
6813362
6814005
6819613
6825466
6833942
6835241
6838120
6838414
6843455
6846171
6847825
6851166
6852517
6855281
6865899
6868136
6872385
6876898
6878537
6879209
6881248
6883257
6885469
6888094
6890553
6898225
6898491
6902029
6904898
6906244
6911627
6911766
6912582
6913254
6917793
6919049
6922294
6930327
6936137
6939198
6939242
6942520
6943354
6956982
6959030
6961632
6966603
6970580
6970630
6971295
6985877
6996621
7000338
7001723
7001904
7003264
7006315
7012262
7014497
7023358
7023576
7024011
7027206
7027482
7028976
7032770
7034557
7035771
7038216
7051993
7056441
7057490
7062192
7063526
7064162
7066197
7077296
7078754
7079264
7080123
7090356
7090920
7092535
7098521
7104267
7104834
7105439
7108560
7113921
7115871
7123735
7126294
7126562
7127554
7135722
7146672
7150921
7156934
7161543
7171813
7177897
7180286
7188918
7191673
7198101
7207358
7208780
7209822
7213912
7214989
7220039
7229389
7239469
7244861
7244866
7252331
7255238
7255635
7258452
7260395
7261461
7268221
7272562
7280678
7285779
7293274
7296116
7307695
7315016
7318104
7318703
7323075
7324500
7327863
7338275
7339844
7342166
7349561
7356973
7357418
7361622
7364862
7365751
7372032
7372853
7373356
7377425
7378496
7381748
7382118
7383544
7387675
7387888
7390103
7407937
7408740
7417779
7420694
7421226
7422244
7428233
7428568
7428617
7429053
7430801
7442743
7445642
7450533
7450813
7451853
7459043
7459989
7467488
7470047
7472064
7480145
7481251
7481420
7482028
7485810
7495025
7495318
7505501
7510033
7511389
7512949
7515105
7516231
7524589
7527721
7527798
7528412
7534277
7534690
7538311
7539905
7545560
7550116
7561358
7565802
7568258
7570522
7573332
7573381
7577888
7578705
7585873
7588089
7601814
7604030
7614532
7615380
7619531
7622420
7628342
7631499
7634624
7635413
7663467
7666126
7668276
7670276
7670417
7671699
7673942
7692916
7700646
7707633
7713431
7714778
7717549
7720554
7739710
7744703
7751821
7755723
7763328
7763659
7764264
7767776
7770783
7779178
7779582
7783698
7783978
7789835
7799841
7804691
7804930
7806564
7807476
7807797
7808104
7812046
7815551
7817747
7818569
7819662
7825702
7826014
7826049
7834102
7836404
7840002
7841342
7841779
7844801
7849473
7857009
7858050
7862376
7864493
7873985
7880431
7881765
7882629
7896228
7898240
7901587
7901929
7903019
7911663
7913518
7940473
7944277
7944343
7946635
7951477
7953075
7953389
7958227
7959475
7970387
7982993
7985468
7985653
7990049
7992415
8004908
8014440
8020403
8025104
8025670
8027166
8028190
8030078
8032322
8034314
8039121
8059599
8082822
8083691
8097854
8102449
8103095
8109752
8110679
8112059
8113721
8114321
8118137
8118735
8129917
8141674
8142624
8153859
8155043
8158848
8162857
8166766
8168117
8168770
8172308
8175610
8177120
8177502
8180253
8180559
8181654
8186526
8187567
8189095
8196764
8200281
8201752
8206393
8209075
8212464
8214108
8215163
8215692
8217249
8217470
8222775
8225704
8225947
8233731
8234858
8239509
8240327
8242861
8244478
8249243
8251179
8253969
8258405
8258889
8260347
8262533
8262614
8265810
8268715
8271952
8277035
8281143
8284434
8287014
8295637
8298480
8305308
8309122
8310185
8311967
8315226
8320258
8324648
8326763
8327785
8328057
8336520
8338875
8344435
8347374
8352536
8356566
8360162
8380021
8382590
8393406
8397914
8401686
8402272
8405485
8409448
8410999
8423848
8426743
8429971
8430204
8437172
8438728
8439236
8441902
8443133
8448567
8450322
8450357
8458235
8458773
8469800
8469875
8475127
8476066
8482499
8482586
8485655
8488869
8489616
8492565
8495478
8499109
8517135
8518704
8523720
8523844
8527532
8533961
8539827
8540071
8544953
8546239
8549600
8555500
8555973
8558632
8560621
8562216
8562669
8569664
8571216
8574074
8575158
8585099
8594167
8594517
8596861
8597024
8597990
8600592
8610385
8613254
8617503
8617989
8618450
8629496
8632795
8640994
8641188
8650753
8652925
8655022
8659522
8659616
8663830
8667101
8667193
8671409
8674258
8676459
8690647
8695038
8696628
8697429
8702529
8702800
8705700
8712043
8718172
8720104
8727511
8727577
8728596
8740585
8744582
8746507
8756754
8760696
8760757
8766050
8766379
8772192
8778191
8791165
8796268
8798618
8801318
8804783
8806548
8806856
8812600
8814903
8825716
8830581
8832195
8838105
8839032
8842426
8844265
8851062
8860342
8861013
8863145
8867921
8872364
8874239
8875811
8876767
8880913
8890040
8896645
8902341
8903944
8913680
8914432
8915923
8918137
8918142
8918671
8921583
8925537
8942256
8942890
8943035
8945135
8945199
8946667
8948471
8953051
8955476
8956064
8961505
8961937
8962630
8965075
8965816
8967237
8970763
8984024
8987832
8988927
8989247
8990581
8999417
9003400
9003686
9005016
9008079
9010382
9011410
9012260
9012741
9014538
9015775
9020099
9024106
9025293
9027391
9039938
9042772
9047696
9055290
9058500
9059829
9060275
9061332
9063595
9067258
9070336
9072217
9074862
9076225
9085351
9092547
9098809
9100126
9101625
9102565
9103715
9103869
9104753
9105010
9105103
9113903
9114669
9118592
9121669
9124651
9128900
9134696
9140465
9140799
9141255
9149213
9152035
9154968
9158313
9161912
9162784
9167765
9172118
9172119
9173641
9176329
9180369
9180396
9181632
9183381
9186827
9190498
9191851
9194803
9196090
9203247
9203992
9204069
9205733
9210433
9213203
9214809
9218924
9219585
9219758
9222604
9225306
9225885
9226851
9229945
9235473
9244693
9249198
9251351
9255847
9268187
9270267
9270978
9275127
9291485
9292924
9295876
9299059
9300786
9304473
9308573
9310969
9317729
9318788
9320995
9321436
9326779
9326832
9330865
9332357
9333305
9333571
9336967
9337240
9338342
9343948
9348785
9348884
9349959
9351671
9353588
9355603
9356127
9358962
9359480
9360133
9367400
9367574
9371895
9372112
9378116
9382949
9383801
9389609
9390605
9392775
9396625
9400649
9402431
9415654
9420203
9421851
9424077
9424918
9426877
9430760
9433767
9433982
9438479
9443399
9444126
9449340
9450743
9456021
9460356
9460921
9462502
9464557
9466352
9474484
9485589
9486333
9487404
9487577
9494901
9505360
9509509
9515024
9519103
9523451
9532590
9533147
9535024
9537841
9540104
9540258
9546766
9550981
9551350
9554341
9559680
9565027
9566283
9575183
9581469
9583546
9586968
9588748
9594682
9599975
9601913
9608933
9609523
9615908
9616296
9621067
9623380
9623532
9623558
9624423
9633142
9636195
9637854
9638306
9645080
9645917
9651040
9654327
9654605
9658496
9658867
9663977
9674184
9676219
9680210
9681996
9683782
9685120
9685593
9687316
9690562
9695768
9700736
9704038
9704220
9707589
9709909
9717515
9718826
9722411
9722724
9724956
9736436
9736937
9740247
9742643
9748413
9753698
9757767
9762558
9769519
9770124
9792196
9799073
9802033
9803000
9803493
9804387
9810688
9823662
9829544
9836869
9838391
9843165
9846088
9855304
9856630
9859523
9859750
9861005
9861818
9863895
9865211
9867979
9868002
9870196
9870869
9883367
9885668
9889500
9890770
9895512
9900183
9907250
9911351
9913378
9924726
9925551
9925674
9925713
9926452
9927677
9935745
9939136
9939966
9942181
9942547
9948090
9949856
9950065
9954723
9957826
9967229
9967741
9968498
9975573
9977019
9983571
9985171
9987522
9994098
9997813
10008770
10020622
10020665
10023060
10023200
10024628
10035299
10037462
10039725
10044011
10045181
10045802
10049473
10051448
10054091
10058019
10061587
10068186
10070428
10079682
10086728
10089749
10090698
10093119
10098443
10099479
10107489
10113012
10118315
10123385
10126324
10129270
10131417
10131961
10133446
10137193
10139927
10141396
10143466
10145425
10152620
10162679
10162708
10163189
10164977
10169348
10173176
10176489
10180733
10182890
10191388
10193577
10195408
10197164
10204420
10207385
10207673
10210688
10211879
10215438
10217728
10226459
10232401
10236296
10246228
10249721
10250844
10256845
10256866
10258222
10263344
10269688
10273505
10283991
10292194
10292568
10294721
10297247
10299406
10307706
10308238
10312419
10312752
10319651
10323792
10323908
10331745
10332975
10336446
10338744
10339834
10349004
10349021
10350850
10357186
10359134
10362199
10363244
10364245
10370062
10379199
10381302
10390900
10400514
10402708
10411032
10417390
10422776
10422940
10430956
10437599
10441151
10442288
10442955
10443419
10444713
10444925
10445388
10450253
10454691
10455577
10464122
10465132
10466137
10466296
10467832
10474690
10475067
10476448
10480808
10482680
10484226
10485002
10485113
10487879
10488344
10493200
10502862
10503621
10505633
10511803
10519531
10520048
10523122
10529073
10534795
10539145
10542543
10558737
10565934
10566346
10570140
10573165
10575291
10579775
10585439
10585947
10588019
10595913
10604782
10605002
10606062
10607631
10625566
10628081
10629219
10635378
10636358
10637711
10648508
10649316
10656240
10658345
10662134
10667181
10667884
10670907
10671145
10674579
10681406
10686860
10688856
10689631
10702762
10710212
10710367
10711871
10717947
10718058
10720343
10727945
10728258
10729139
10729464
10730606
10732443
10732934
10733226
10740199
10743688
10750318
10750676
10763409
10767023
10767760
10776645
10778606
10778699
10778792
10779130
10779869
10785020
10788181
10789008
10790278
10795722
10795912
10796217
10800980
10803486
10804772
10804832
10806393
10808051
10809493
10809871
10811311
10811365
10814481
10817121
10822080
10823844
10825309
10825867
10826179
10826776
10827061
10829579
10829997
10830627
10832802
10833979
10835523
10835751
10836409
10840009
10845788
10847278
10849710
10855705
10861827
10867072
10869199
10869887
10871759
10879365
10881423
10883164
10885422
10885446
10892508
10895112
10896172
10898113
10898935
10899601
10902704
10903506
10907578
10907643
10908923
10912489
10915289
10918411
10920061
10920581
10934747
10937313
10941567
10941967
10947804
10952287
10952740
10953743
10964240
10965526
10968228
10968235
10971094
10972133
10973878
10977901
10991732
10992092
10995664
10998406
11000531
11014514
11018741
11019202
11021312
11021504
11026247
11028023
11028831
11035325
11036428
11037126
11037448
11038486
11038716
11039692
11042289
11044094
11054290
11055116
11058949
11063994
11064701
11068339
11070521
11070811
11070868
11075017
11075742
11076239
11077078
11079283
11083549
11084439
11087613
11089872
11092228
11094142
11094730
11095606
11098341
11105247
11105685
11111330
11130966
11131146
11139968
11140431
11145872
11146156
11151039
11153843
11159426
11162886
11162952
11165315
11168080
11174217
11179806
11179838
11181189
11183632
11194742
11203601
11211731
11212942
11213143
11217865
11217915
11218876
11220074
11220267
11230225
11232043
11233270
11234755
11235032
11238603
11246816
11247263
11250134
11255126
11261408
11263623
11264388
11266386
11272211
11279908
11282100
11282996
11286385
11288655
11299432
11307930
11321687
11326704
11327913
11330048
11335928
11335965
11336336
11338107
11342142
11345218
11349252
11351639
11355331
11355503
11359083
11360373
11364171
11373641
11373671
11375493
11381503
11383717
11384619
11388169
11391945
11393794
11393983
11394354
11394864
11398681
11399434
11410682
11412839
11413439
11422704
11426081
11427275
11427582
11429935
11431906
11434224
11435324
11444202
11445116
11449763
11454682
11457066
11460138
11461817
11463301
11469658
11475075
11480111
11490095
11491264
11491691
11493631
11499435
11511058
11512571
11515537
11522447
11524781
11534266
11540512
11545846
11547551
11550695
11552588
11556287
11569842
11570148
11570484
11573488
11577369
11580256
11587118
11588619
11592272
11614377
11626623
11629923
11649737
11651041
11653145
11653305
11672707
11674578
11677105
11678119
11678285
11681165
11688270
11689231
11689301
11689576
11690142
11699132
11699359
11700726
11706775
11707340
11710948
11716027
11717708
11719668
11722717
11730292
11736267
11738457
11739593
11746741
11756311
11759146
11762930
11775378
11775405
11782157
11793847
11794878
11804000
11804384
11806074
11809504
11809862
11810586
11815120
11819533
11824691
11831375
11832454
11836477
11838678
11858785
11858994
11861978
11862939
11863954
11875890
11876005
11883172
11884585
11888329
11894655
11896568
11899641
11902747
11903081
11903426
11904887
11906194
11906293
11911103
11917521
11917959
11927028
11927258
11927611
11933306
11934534
11937672
11948205
11951306
11954144
11956001
11956164
11958117
11960852
11961662
11993065
11993599
11995661
11996724
12017709
12017890
12025995
12030692
12031936
12036064
12036161
12039975
12041268
12042876
12047822
12050456
12051167
12052886
12055148
12063025
12064624
12065994
12068847
12069024
12069272
12072309
12072801
12077395
12082598
12083337
12087401
12097019
12097654
12102177
12105009
12107078
12114535
12115442
12117048
12119150
12122777
12123080
12130313
12131431
12134248
12135072
12135778
12137709
12142279
12143194
12143917
12150377
12157715
12158172
12161293
12162898
12173471
12174582
12174607
12177094
12191111
12192167
12201131
12201704
12205898
12207105
12215894
12216070
12218371
12222574
12227012
12230677
12230754
12230861
12231240
12233830
12237301
12238032
12238745
12244877
12244879
12248440
12248806
12251024
12251728
12251854
12253137
12256350
12260027
12263369
12267094
12275707
12276370
12281143
12281377
12287133
12303599
12304546
12307515
12309651
12311076
12312672
12317142
12321674
12324987
12327704
12328266
12333567
12334090
12335543
12339466
12339852
12340979
12343562
12349933
12352391
12352969
12358496
12363048
12366073
12375274
12379943
12385902
12386699
12386996
12395299
12398612
12399038
12400380
12404635
12405374
12406883
12407380
12409782
12412277
12417672
12422415
12424527
12431244
12431625
12433547
12438041
12442187
12445993
12447019
12447575
12447843
12452248
12456890
12460689
12462840
12463081
12463534
12468011
12470321
12473481
12478693
12479401
12482614
12484838
12489419
12491912
12493831
12495486
12496667
12503276
12506309
12512078
12516581
12517097
12519600
12522061
12523532
12531174
12533902
12534180
12537036
12538692
12540051
12540180
12541275
12542598
12542756
12544302
12544628
12544768
12547039
12547571
12549453
12549602
12549807
12551633
12551814
12558652
12560833
12563079
12565535
12567181
12568101
12572481
12574209
12574306
12579048
12580062
12581565
12585268
12585674
12587164
12593140
12593802
12604961
12614303
12616386
12619764
12621393
12623874
12624581
12632045
12632378
12632747
12639098
12640285
12645357
12646550
12649209
12649448
12651584
12655601
12656692
12659004
12661279
12666772
12676528
12679843
12683714
12685200
12686768
12688966
12693767
12694682
12698017
12704808
12707485
12709792
12713047
12713457
12716080
12720497
12723432
12731114
12732020
12737389
12743425
12744839
12746589
12747813
12748833
12749012
12750408
12752264
12753000
12753366
12758676
12759434
12762799
12766117
12772068
12778572
12781032
12783420
12785113
12789655
12790553
12798423
12806939
12807088
12808930
12815450
12815962
12816587
12816747
12817385
12818531
12822068
12823767
12827130
12829691
12830632
12841016
12842561
12844696
12852614
12866671
12867562
12870024
12872775
12874904
12875398
12878887
12881452
12889607
12897221
12897500
12900257
12907391
12911805
12914812
12927279
12932173
12933020
12935720
12938433
12939812
12943516
12949185
12951909
12953976
12954403
12958857
12963653
12966120
12966869
12969284
12971490
12972843
12978353
12979411
12983531
12984066
12984422
12986446
12989427
12990041
12993878
12993944
12994840
12995677
13002881
13006506
13008174
13008382
13019177
13023234
13030734
13031920
13039090
13042467
13047080
13047531
13052080
13056084
13057429
13058650
13058909
13061963
13063630
13072444
13073216
13076702
13079674
13081988
13083765
13088965
13096440
13104059
13115026
13124978
13125003
13131241
13131785
13136790
13142371
13142615
13146193
13147132
13148335
13151272
13152105
13154317
13154665
13158938
13160356
13167251
13169321
13170419
13171091
13173448
13177890
13180699
13182174
13182199
13182880
13185127
13194472
13194475
13195437
13206371
13209278
13214131
13216440
13216788
13224203
13229971
13231540
13236987
13249868
13260345
13264493
13275460
13275893
13277033
13277112
13294062
13294409
13294827
13309481
13312189
13316002
13317110
13318587
13324583
13326213
13333176
13337758
13339296
13341123
13341775
13349074
13359727
13361275
13368907
13369971
13370139
13371060
13372807
13374364
13388005
13388417
13389643
13400490
13414986
13417437
13424646
13425019
13425097
13436211
13437419
13440321
13440596
13441795
13441849
13442697
13442859
13446412
13446917
13451293
13451410
13451705
13453297
13458443
13465140
13467565
13467635
13468128
13470608
13473809
13474502
13477427
13483010
13486916
13496997
13503735
13506010
13506909
13508359
13509487
13512865
13512869
13517187
13523871
13526880
13533349
13545301
13545411
13548867
13552754
13555753
13556825
13561240
13565789
13566246
13570591
13572035
13578861
13578947
13579073
13589033
13591107
13594585
13595933
13596621
13601929
13620498
13621408
13621617
13623554
13630415
13641279
13644386
13645566
13648115
13656151
13657044
13658450
13665647
13666713
13669514
13670903
13681969
13684012
13689415
13689654
13692439
13694099
13695612
13695742
13700401
13704201
13705034
13724061
13745076
13747572
13752855
13755678
13758347
13759846
13761545
13762072
13762559
13765052
13769954
13773773
13776455
13780663
13790860
13794356
13795258
13796122
13796226
13800072
13806655
13810442
13810566
13818273
13821729
13824589
13831246
13832089
13838175
13839128
13848947
13849389
13853335
13855717
13856953
13858809
13864707
13867243
13870843
13876274
13882545
13896286
13899380
13901241
13901862
13907637
13926428
13927578
13940991
13942004
13943367
13951915
13966037
13967175
13967847
13968273
13971830
13977964
13988333
13988562
13992343
13993877
14005365
14005789
14010450
14015564
14022456
14024780
14026578
14028680
14044500
14046169
14047421
14080488
14091859
14095910
14096906
14100209
14101097
14109507
14115039
14120830
14123444
14124918
14125862
14127158
14133432
14137844
14141437
14144075
14146915
14156482
14158593
14175963
14178400
14180793
14183311
14187190
14189544
14193261
14196598
14204822
14206888
14207604
14208106
14209047
14209959
14214847
14217500
14222695
14228588
14231663
14242927
14243229
14247474
14249672
14251885
14252041
14255782
14265871
14266006
14269507
14279807
14282572
14287956
14288585
14289286
14290560
14291561
14291940
14292676
14295676
14302130
14305166
14305642
14310398
14320698
14321331
14321392
14331422
14334229
14336001
14337786
14340552
14344549
14344889
14345886
14352746
14356104
14356495
14358880
14359039
14359830
14367837
14369610
14377175
14379731
14387735
14389969
14392321
14398032
14411588
14413744
14415409
14416616
14420141
14423328
14423329
14423544
14426496
14430322
14436617
14439675
14441473
14441489
14444579
14450393
14452906
14453368
14454064
14458731
14460590
14466605
14467886
14476125
14476670
14476749
14481676
14484576
14488217
14493246
14496730
14498592
14506869
14507145
14510869
14510997
14511896
14512157
14514763
14516749
14518619
14520515
14524423
14524807
14530731
14531034
14532812
14534089
14534663
14544648
14545194
14548780
14551471
14557178
14558850
14560394
14569008
14569419
14572233
14577108
14580695
14581484
14585749
14585895
14588172
14592546
14593916
14595441
14595977
14600134
14601377
14625661
14628953
14632236
14633383
14636716
14638756
14639775
14643707
14643879
14644880
14645298
14645306
14645612
14647838
14648384
14654429
14655672
14658377
14658921
14662865
14664802
14666624
14667807
14671217
14676861
14678281
14683510
14688298
14693525
14693688
14700075
14702935
14703724
14707280
14707367
14709046
14713800
14713987
14716555
14718194
14721448
14721591
14722367
14724712
14726529
14727975
14728564
14733624
14745056
14747869
14749821
14750261
14750545
14760622
14764647
14767596
14771525
14771791
14771938
14777606
14784747
14790058
14790816
14794191
14796690
14797756
14798572
14804932
14809885
14810162
14810787
14813667
14814911
14815922
14820002
14821955
14822432
14826855
14828555
14832377
14833234
14833862
14834864
14836674
14841768
14851689
14852926
14853726
14865099
14865477
14871015
14871440
14879572
14883088
14883464
14898391
14905979
14906232
14917137
14920838
14922383
14926847
14929185
14934415
14935075
14937716
14940333
14943094
14949009
14951338
14955375
14966434
14968313
14972837
14973782
14977381
14980660
14982012
14982059
14982651
14982828
14983812
14987734
14988055
14994100
15003470
15006688
15008901
15009753
15017317
15018871
15021056
15023492
15027334
15027446
15027814
15036086
15036284
15037751
15039893
15041037
15041329
15042028
15044812
15045780
15055680
15058613
15061961
15065216
15067258
15067835
15073297
15073727
15075522
15079697
15082366
15086237
15087700
15099287
15102996
15103105
15106576
15109826
15111420
15112598
15112611
15114481
15117917
15123534
15124684
15126980
15127221
15129630
15129808
15130805
15133821
15134174
15142160
15143366
15144551
15148004
15148035
15152330
15159358
15159809
15162047
15162690
15164404
15166755
15166973
15167277
15168825
15172310
15174994
15176450
15177788
15177896
15181951
15184029
15186139
15186358
15186961
15193322
15196532
15200365
15200613
15202152
15207283
15207616
15207877
15215079
15215632
15219205
15223404
15225186
15233627
15235011
15235729
15235943
15238500
15240113
15245104
15252272
15255492
15255694
15258910
15262889
15263339
15268245
15268510
15278600
15280383
15282500
15284820
15292331
15294626
15297638
15303041
15303348
15306090
15314170
15328008
15330516
15330837
15334154
15340611
15340826
15346404
15347389
15348558
15351523
15355002
15359603
15365015
15367746
15382772
15382848
15388517
15388733
15391479
15391946
15392502
15393937
15399249
15399542
15399734
15400883
15401240
15403190
15405018
15406538
15407419
15409695
15409863
15413389
15414082
15416034
15416567
15416849
15418683
15421365
15422365
15424744
15425863
15426062
15426433
15427058
15427971
15444699
15446530
15449214
15450606
15454055
15454763
15459976
15474608
15475221
15479194
15479424
15481438
15482969
15491669
15496684
15498516
15500020
15500066
15501476
15501751
15503537
15503552
15506663
15509216
15509349
15510712
15513579
15540796
15544964
15545886
15551710
15552108
15560830
15562341
15565601
15566439
15570665
15570757
15574705
15580657
15581193
15583450
15588311
15589143
15589866
15596074
15596133
15598163
15598464
15599805
15603001
15603180
15605838
15611415
15614931
15624139
15630455
15631660
15634595
15635699
15637484
15640453
15642058
15642318
15642674
15643576
15656878
15660979
15664764
15666612
15667926
15669732
15669754
15672196
15679006
15680965
15687673
15688769
15690992
15693731
15694793
15695007
15697723
15697748
15698393
15698587
15698696
15698818
15700226
15703580
15704576
15708095
15710557
15715010
15715596
15716071
15729629
15735718
15735935
15740260
15741749
15743111
15744449
15748443
15754813
15759048
15762954
15766060
15768957
15778165
15782826
15783305
15797394
15798411
15800345
15800601
15802615
15807057
15809141
15810995
15811008
15814797
15826058
15836698
15840998
15847952
15855087
15856987
15857631
15867076
15868358
15872650
15874667
15877422
15877727
15878178
15885298
15886578
15888709
15898214
15898466
15920833
15920870
15921330
15921566
15922214
15922271
15924265
15925051
15925473
15927575
15941641
15941844
15943710
15949234
15952040
15952283
15955237
15955455
15956060
15958002
15962225
15963215
15964790
15965799
15967396
15970765
15971253
15971960
15972850
15973637
15979814
15994871
16002164
16007089
16009077
16009620
16012859
16013544
16015611
16016019
16017792
16020092
16027512
16027886
16029338
16040225
16041040
16048212
16050826
16052858
16056215
16072443
16075474
16076155
16085647
16087332
16090139
16097071
16098228
16101711
16109749
16110835
16110922
16116154
16117363
16123343
16139054
16146168
16150261
16171793
16174063
16176101
16178077
16184950
16187554
16190390
16204038
16211751
16216024
16216935
16222493
16223733
16228038
16236459
16239112
16240882
16240930
16243165
16247222
16252188
16257227
16258356
16259928
16268669
16271389
16271669
16272746
16276954
16277860
16278490
16281976
16285846
16286771
16289197
16305967
16310224
16310993
16312685
16316853
16319937
16321760
16330110
16330910
16333768
16333959
16335268
16335650
16344217
16350139
16350527
16354802
16355447
16355860
16356690
16360489
16363831
16367121
16368434
16368563
16369293
16369692
16370325
16372431
16373557
16377289
16379498
16386352
16398254
16401481
16407586
16408507
16410414
16413849
16425069
16434074
16434716
16436295
16436573
16441175
16449473
16455355
16455666
16456082
16469655
16469770
16471695
16473280
16474567
16484608
16484801
16487676
16489966
16490278
16491159
16493499
16494881
16495088
16495745
16496998
16499651
16504845
16514578
16516011
16519401
16526107
16526284
16530599
16535338
16541887
16541954
16553497
16553709
16554759
16558575
16564230
16579293
16583655
16584521
16587947
16593733
16594079
16597088
16599069
16600723
16602587
16603861
16609458
16610654
16621984
16629332
16635768
16639243
16652976
16653223
16661692
16672232
16672935
16678886
16689445
16693420
16693865
16696652
16702030
16705675
16713299
16722049
16722896
16727670
16730056
16731235
16741304
16743018
16747284
16756879
16757907
16758226
16762798
16763413
16764725
16772264
16776180
16782829
16783855
16789134
16796918
16798734
16798854
16800364
16802770
16815038
16829262
16830216
16831671
16833901
16835628
16839564
16843441
16843561
16852370
16858488
16866706
16867949
16870518
16870740
16871855
16877607
16878939
16880293
16882640
16887137
16896108
16897702
16898362
16901753
16904008
16905151
16908760
16909459
16912368
16923854
16927181
16929987
16932454
16932485
16932509
16940794
16942854
16948481
16951110
16955906
16958770
16962231
16967229
16968445
16968630
16975273
16979332
16983080
16984161
16987891
16995328
16995485
16996031
16997979
17006347
17007024
17017168
17017367
17020758
17024435
17031978
17032423
17034094
17038010
17041181
17044477
17045245
17078080
17080247
17086015
17086435
17089496
17091721
17093056
17093809
17097508
17098781
17099120
17099820
17100332
17100850
17108399
17109484
17110437
17111703
17112992
17119799
17127172
17128806
17138564
17139890
17141825
17147344
17149296
17155305
17156261
17164671
17171883
17171895
17175081
17182708
17186483
17188826
17191066
17197151
17206419
17208852
17212198
17215733
17216496
17219737
17219911
17225344
17232034
17240379
17242846
17246470
17247401
17247697
17259837
17260385
17266233
17270116
17271130
17278085
17280389
17283191
17283292
17289957
17297449
17299349
17303404
17306228
17309169
17309524
17309756
17310232
17311443
17320181
17323106
17325168
17329650
17330020
17332026
17334302
17337212
17337685
17343021
17348227
17349854
17353081
17354774
17356588
17357758
17359263
17359866
17360890
17363142
17363332
17364513
17364710
17367160
17369777
17372641
17375094
17376955
17381092
17381178
17381560
17383432
17384015
17384561
17394591
17396535
17400001
17402125
17403431
17407644
17409634
17411368
17416844
17422828
17431389
17434411
17438146
17440817
17443122
17443596
17443694
17446892
17448850
17452962
17454734
17461866
17464552
17465145
17467144
17471603
17472940
17473002
17473140
17473636
17477937
17480431
17486831
17487326
17496035
17496464
17497798
17498225
17504011
17504431
17507585
17515355
17516306
17517047
17517234
17518405
17519986
17524627
17525281
17525344
17529202
17536159
17542239
17543107
17548049
17548802
17550128
17552714
17553004
17553463
17555076
17556119
17559659
17560373
17563266
17563942
17564024
17564847
17565405
17567316
17571555
17573897
17574776
17575552
17580276
17583511
17585006
17585324
17585889
17586221
17589472
17594321
17594896
17594937
17599081
17599900
17601198
17602652
17603020
17603476
17604375
17605900
17606541
17607556
17610019
17611530
17613544
17617780
17625595
17629044
17635607
17636229
17642519
17643251
17647273
17651003
17656465
17656733
17662688
17665134
17665732
17670653
17675249
17675643
17676135
17676814
17678758
17679894
17680421
17684857
17693277
17693492
17693699
17694913
17698555
17698893
17700173
17701369
17706991
17714496
17718458
17722231
17724908
17727858
17730610
17731411
17742221
17742765
17745348
17752906
17752921
17755726
17758389
17758654
17761431
17763040
17763967
17764461
17765907
17769143
17770212
17772164
17772175
17776790
17786477
17786573
17787617
17788603
17788617
17789867
17790724
17792514
17793275
17794899
17795387
17797515
17797751
17798719
17798860
17801812
17803908
17805249
17806713
17806798
17808007
17811363
17813174
17813988
17816166
17818216
17818375
17823638
17825247
17825458
17830198
17830731
17835714
17836541
17836656
17836664
17842275
17853512
17856736
17857508
17859638
17860195
17868751
17871913
17877879
17881409
17888197
17888899
17892197
17892828
17895219
17899953
17900665
17904562
17906113
17908450
17908451
17910735
17910929
17915538
17921838
17922355
17926505
17927796
17928040
17928050
17928701
17928908
17930082
17933212
17935654
17942316
17945013
17945218
17947732
17950260
17952362
17953047
17953178
17961152
17966175
17968466
17969942
17973606
17973764
17974395
17977806
17981079
17983114
17983561
17984000
17984700
17993900
17994089
17996817
17997191
18003671
18009755
18023579
18024759
18025905
18026532
18028431
18031253
18033498
18034504
18034533
18035954
18035965
18037945
18044215
18045362
18048291
18049807
18050261
18052996
18053099
18053631
18054818
18056983
18061564
18063420
18065146
18069027
18071596
18072526
18073719
18074633
18075366
18076920
18077746
18080265
18081497
18087256
18087826
18088363
18090522
18090555
18091433
18094032
18096796
18097083
18097233
18099168
18102250
18102892
18105841
18107324
18107902
18111748
18112953
18114976
18115910
18116127
18117222
18120454
18122951
18122983
18125565
18126308
18136716
18137343
18140609
18140930
18142717
18147758
18147972
18149274
18154294
18155863
18156081
18156924
18158338
18158465
18160236
18160688
18164934
18166510
18167358
18168332
18170166
18170195
18174702
18174730
18176822
18177290
18177633
18178542
18179410
18180337
18180379
18180452
18181733
18182622
18183127
18185368
18185619
18186004
18187526
18188199
18188545
18189323
18190126
18191066
18192998
18193172
18196212
18197524
18198427
18199692
18201666
18202057
18202894
18204216
18205296
18207253
18207728
18209063
18211509
18213586
18213944
18214096
18214303
18214726
18216036
18221025
18222688
18223386
18228537
18231740
18233806
18234199
18234221
18234665
18235774
18235990
18236948
18238563
18238760
18239085
18240361
18242705
18242860
18245037
18245121
18245357
18247687
18252343
18252979
18253361
18257719
18258857
18261687
18262058
18262554
18262700
18263228
18263605
18264504
18265412
18266622
18267031
18270095
18271312
18271537
18271987
18273222
18275398
18277035
18278103
18279706
18281533
18282810
18284484
18284661
18284884
18285396
18285742
18285762
18286040
18286799
18286962
18289008
18289553
18290011
18290831
18291597
18292551
18294372
18296216
18299343
18299516
18300823
18301513
18301684
18301964
18302981
18304833
18305737
18306834
18307305
18307589
18307836
18309738
18309852
18311249
18311494
18312372
18312583
18313312
18313315
18315030
18316050
18316641
18316891
18321443
18323443
18325597
18325992
18326357
18327744
18329538
18330956
18332025
18334168
18334432
18334914
18335296
18338059
18340436
18340889
18340890
18342649
18344654
18345019
18345129
18349574
18350522
18353487
18356638
18360004
18364020
18365532
18367916
18371741
18372285
18372302
18374221
18375086
18375279
18375286
18376756
18378138
18378636
18379204
18379964
18380657
18381903
18383110
18385049
18385130
18389951
18390974
18391426
18393740
18394720
18396396
18396453
18396632
18399134
18399491
18401407
18402339
18402798
18404110
18404522
18404836
18405278
18411222
18414024
18414638
18416749
18423549
18424172
18424486
18425758
18428851
18429745
18430676
18431323
18432968
18434297
18434401
18436359
18437176
18437481
18439222
18440204
18443033
18443241
18443735
18447327
18447502
18447521
18448990
18449567
18449811
18451279
18451547
18452797
18453134
18455063
18455689
18456151
18457897
18458694
18459225
18459537
18463280
18463569
18466446
18467091
18468392
18468527
18468682
18471062
18472153
18472374
18472722
18473211
18474808
18476305
18476823
18477269
18477442
18477962
18480090
18481699
18484713
18488599
18489051
18491461
18491910
18492195
18492622
18496212
18498343
18498514
18499181
18500547
18501789
18502386
18502523
18506008
18510855
18513286
18513397
18513522
18514275
18517008
18517142
18517799
18519650
18519682
18521250
18523801
18523893
18524663
18524762
18525428
18526163
18527651
18528039
18528700
18531118
18531414
18532079
18535465
18535686
18538049
18538082
18539357
18545888
18547287
18547778
18547981
18550838
18552061
18554081
18563254
18563707
18564337
18568271
18568636
18570138
18570445
18572782
18576213
18578364
18578939
18580745
18582896
18584597
18585098
18590643
18593702
18596735
18597167
18599501
18601112
18606484
18607206
18607602
18608737
18612552
18612812
18613379
18615241
18615730
18617557
18622465
18622473
18623134
18623982
18627535
18630918
18631909
18632667
18639228
18640911
18641868
18643020
18647893
18648192
18649144
18649751
18651599
18652609
18653329
18655691
18656270
18659840
18660836
18661630
18668026
18671669
18672726
18673465
18673548
18673824
18673912
18676408
18676423
18683708
18684176
18684815
18687388
18690364
18691816
18692182
18694030
18696107
18697143
18698846
18706516
18707563
18708825
18710191
18712424
18713392
18714335
18714380
18718189
18718687
18720007
18720852
18725329
18726873
18730035
18730876
18731876
18732295
18734329
18735764
18736487
18737090
18739836
18747699
18750579
18753368
18757152
18757267
18758090
18758335
18760486
18767094
18770995
18771317
18774416
18779132
18780151
18782625
18782822
18782972
18785186
18788109
18789763
18790463
18792079
18794291
18794340
18795630
18796439
18801340
18806891
18808582
18810540
18812389
18815893
18819249
18823404
18828807
18829726
18832640
18835298
18837150
18837298
18838167
18845258
18846548
18847207
18849807
18851140
18852180
18856767
18857410
18862306
18863240
18863539
18870022
18872618
18872716
18873037
18873946
18875724
18877099
18878032
18881621
18883119
18883230
18883383
18889517
18893072
18893384
18895988
18898941
18899044
18902692
18904156
18905521
18906974
18907719
18907967
18917029
18917537
18920349
18925645
18928165
18932321
18935826
18938766
18951129
18955011
18955338
18956508
18958909
18961413
18965525
18970579
18979751
18984351
18985888
18988643
18989027
18991579
18992049
18993540
18994005
18994628
18997439
19001512
19003104
19004575
19005390
19007898
19009048
19009860
19013820
19018787
19019416
19019481
19021749
19022066
19023115
19025942
19027791
19029426
19034042
19035495
19038909
19041772
19044159
19046841
19054469
19055336
19058447
19058951
19060121
19061591
19065693
19066544
19067372
19070015
19076528
19078517
19081054
19082394
19083901
19084105
19085871
19089766
19092895
19094350
19094689
19098505
19100806
19101836
19104264
19104623
19107854
19108971
19110356
19112433
19112598
19113196
19114475
19115007
19117132
19118205
19118726
19122662
19122770
19124808
19124813
19125672
19127029
19129543
19129790
19131536
19135838
19136234
19138130
19138208
19141672
19142122
19142597
19143421
19144428
19144706
19148646
19152692
19154137
19154306
19156329
19160171
19160622
19161083
19161109
19162426
19164011
19164344
19166068
19167160
19168268
19170640
19171563
19171701
19173814
19174005
19177583
19179836
19183717
19183763
19185687
19186701
19188456
19190267
19192540
19192621
19193261
19195590
19199023
19200130
19206186
19211682
19212450
19212587
19213423
19215915
19220097
19220099
19226676
19230334
19231458
19231700
19232393
19234020
19234895
19236909
19249835
19252364
19253437
19256829
19257538
19257899
19261248
19263104
19263435
19270244
19273851
19276426
19278179
19280632
19280891
19284787
19285280
19288946
19291211
19294288
19295538
19298911
19301735
19303292
19304849
19307523
19308845
19309178
19310485
19311549
19312756
19319647
19320897
19323731
19324660
19325825
19330852
19331524
19331546
19331730
19338118
19338750
19339264
19342948
19343480
19345202
19346114
19351422
19352683
19354364
19358845
19360731
19361336
19364623
19366324
19368332
19371347
19371531
19375911
19382716
19385514
19390506
19397607
19402605
19405516
19420602
19426548
19426695
19428438
19429808
19430450
19435409
19436099
19437646
19442038
19454033
19455221
19460158
19465542
19468175
19468514
19473171
19476743
19476959
19482263
19482762
19492210
19495638
19495722
19501274
19501571
19503287
19504809
19505836
19511139
19517593
19530735
19532638
19538756
19539172
19539546
19539969
19540396
19542872
19548706
19550957
19551053
19551161
19552907
19558080
19558675
19560022
19566740
19566875
19567500
19571271
19571511
19571649
19571791
19571921
19572036
19572280
19572405
19573608
19575705
19575774
19576898
19577958
19578769
19583820
19586005
19587581
19590133
19590745
19591902
19596038
19597649
19599317
19599651
19603876
19609803
19610623
19611050
19614385
19615695
19616635
19619115
19622092
19622863
19623708
19625393
19626056
19630846
19639118
19648004
19648799
19649691
19652095
19654392
19659501
19660028
19665402
19670078
19672633
19679994
19680659
19681485
19685348
19689112
19693430
19694435
19694939
19695432
19702276
19702815
19710815
19711046
19711179
19711860
19711962
19713621
19713808
19713820
19715068
19719097
19720626
19721945
19724343
19724901
19724984
19726283
19728520
19730985
19731333
19733633
19734004
19735174
19737290
19738406
19741864
19744582
19745244
19746300
19750595
19751498
19752101
19752827
19754738
19756684
19760175
19762710
19764812
19770196
19771941
19772780
19778433
19778797
19779071
19780735
19783142
19784895
19788538
19790971
19792878
19798846
19799322
19799407
19801000
19806698
19810617
19810720
19811975
19815012
19816870
19818634
19819738
19820545
19824301
19825255
19825367
19825685
19828175
19829361
19829678
19834618
19835510
19837567
19838847
19840562
19840626
19842553
19842657
19843676
19844290
19846340
19849496
19849554
19849678
19849802
19852070
19854780
19854955
19855036
19855340
19856378
19856503
19858635
19861352
19865885
19867965
19868538
19869438
19871828
19876654
19878871
19879181
19880304
19880471
19882225
19883498
19885851
19888035
19888328
19889201
19889966
19895462
19897170
19898583
19899467
19899755
19902262
19903901
19904280
19909091
19909616
19911366
19913612
19917385
19919065
19921607
19921661
19927468
19933369
19934886
19937811
19941399
19941559
19944859
19945108
19949025
19956476
19956946
19957199
19960997
19963535
19964584
19964624
19964669
19967256
19967678
19968850
19970070
19970398
19977014
19979577
19982432
19982707
19982759
19982854
19985394
19987359
19988278
19990203
19991333
19992643
19995474
19995713
19997011
19999085
20006168
20006844
20007938
20008149
20009307
20010011
20010044
20012325
20012714
20013846
20013866
20017785
20019686
20019803
20028080
20030174
20031180
20031554
20036238
20036256
20041335
20042768
20043462
20048972
20050428
20052413
20052894
20053103
20053296
20054524
20058078
20062056
20065983
20067721
20068120
20068175
20071875
20073371
20074536
20075504
20077644
20078005
20081751
20082789
20086502
20090957
20091019
20091335
20091802
20092261
20094929
20095791
20099645
20101028
20102415
20104143
20104236
20104870
20113275
20118451
20119888
20125063
20126964
20132002
20134527
20135591
20135605
20136470
20136974
20137543
20138321
20140323
20140817
20141511
20141644
20144901
20145253
20146920
20157831
20158759
20162900
20163350
20163736
20164499
20165148
20165158
20166858
20167172
20167944
20169184
20170819
20171936
20171952
20174337
20175516
20176234
20178812
20179081
20179269
20182777
20184916
20186597
20186811
20186825
20187679
20188004
20188390
20189203
20189572
20192184
20192221
20192667
20194028
20194178
20195119
20197448
20198148
20199569
20200027
20200158
20201127
20202707
20202897
20203469
20204655
20205884
20206202
20207167
20207348
20208786
20210270
20210711
20213466
20216165
20217822
20220796
20221707
20226871
20227591
20228591
20229262
20230583
20231266
20232706
20232759
20234011
20234784
20235299
20237544
20238675
20239655
20241253
20241440
20241535
20242634
20242911
20244259
20246964
20247204
20247454
20247692
20248457
20248607
20248727
20249007
20249217
20249223
20249454
20249693
20250125
20250685
20250708
20251971
20252498
20255798
20257836
20257975
20261766
20262174
20263642
20263772
20263878
20263929
20267397
20268336
20268449
20269429
20269847
20271152
20271313
20273929
20274245
20274397
20278702
20279363
20282146
20282639
20283287
20283678
20285372
20285566
20285923
20286689
20286711
20289903
20290849
20291345
20293316
20294579
20295621
20296040
20298438
20301767
20302107
20302890
20305724
20305856
20310251
20310712
20314020
20314778
20315309
20315459
20315950
20316084
20316899
20318664
20319730
20323462
20325421
20329798
20331965
20332316
20332731
20333357
20333364
20336991
20337138
20337143
20337600
20338251
20339259
20340182
20340689
20341031
20341789
20342513
20345120
20346188
20347792
20348429
20349015
20349228
20350371
20352758
20352849
20355355
20356576
20356896
20357928
20359275
20359683
20361628
20362535
20362644
20365430
20369479
20375040
20375551
20377721
20379149
20379161
20379910
20384117
20387633
20388089
20389836
20389968
20395124
20400889
20401864
20402679
20404724
20407556
20409572
20415142
20417259
20418201
20418325
20420473
20420702
20423046
20423111
20423933
20424429
20424573
20425625
20427753
20428133
20428662
20429828
20430178
20433113
20434435
20436391
20438392
20439370
20440283
20440882
20442302
20442570
20444540
20446362
20452270
20452910
20454297
20455342
20455605
20460759
20461071
20461625
20466723
20466881
20467682
20468048
20468821
20470131
20472268
20477004
20483057
20484591
20485761
20490211
20493000
20493205
20493386
20493593
20494060
20496163
20500613
20504228
20504325
20505120
20510639
20510702
20512263
20513149
20513644
20513792
20513895
20515307
20516024
20517207
20521532
20522443
20523750
20525180
20526690
20528091
20530453
20533913
20535998
20536709
20538173
20539758
20540867
20542223
20542291
20545941
20548565
20549243
20551968
20552117
20553457
20553469
20554007
20554711
20558994
20559578
20559631
20560520
20563841
20564593
20565294
20566024
20566644
20567735
20569099
20569649
20573481
20576771
20577169
20580917
20582739
20584689
20584942
20586900
20588555
20589117
20590059
20593213
20593999
20594497
20595008
20596328
20598796
20601343
20603020
20603182
20603481
20604990
20605230
20609836
20610205
20612639
20614852
20615694
20619698
20619879
20622946
20623798
20627485
20628680
20630328
20631523
20635015
20637715
20638758
20639655
20642341
20642528
20644326
20646984
20648031
20649267
20650226
20651114
20651256
20651465
20653878
20658126
20659290
20664653
20666425
20666978
20668857
20677870
20678856
20683397
20683620
20687572
20691600
20693142
20694724
20694792
20695683
20695771
20697661
20699104
20701168
20701545
20702280
20702476
20702949
20703467
20706304
20709162
20718093
20719192
20724173
20724562
20727969
20730345
20732545
20732622
20732972
20734677
20734862
20738846
20740363
20748632
20749060
20750276
20751530
20757688
20760674
20761256
20765625
20767337
20769111
20771110
20771366
20771746
20778422
20780146
20781382
20783601
20787061
20787579
20793810
20795251
20795623
20796693
20799695
20808895
20809329
20817315
20819638
20820074
20822224
20823684
20828384
20831449
20833776
20834444
20836095
20836131
20836370
20836554
20836750
20838451
20839249
20841659
20842609
20846737
20849788
20850974
20852601
20853073
20853392
20855555
20857859
20859876
20860747
20869478
20871033
20872408
20874350
20879436
20881802
20884974
20886204
20886226
20886878
20887703
20892607
20892794
20893878
20894261
20895262
20897077
20901506
20902553
20903567
20904763
20907316
20908232
20910314
20911615
20913861
20913895
20920396
20922507
20928583
20929316
20929993
20930311
20931544
20931848
20933534
20936919
20937469
20942192
20942343
20942651
20944597
20945071
20945272
20947531
20947984
20948101
20952877
20954938
20955191
20955250
20956501
20956692
20956781
20956893
20959715
20963581
20965710
20965943
20967693
20968836
20973352
20975692
20977439
20978413
20980503
20982970
20984153
20984524
20988913
20992733
20995501
20996465
20996892
20997100
20997431
20998244
20998783
21004528
21004881
21006922
21010214
21011542
21021605
21021672
21022005
21022301
21028952
21029449
21029857
21030146
21034892
21035889
21037411
21038081
21038374
21041911
21042919
21043177
21045489
21045499
21046724
21051880
21056176
21059351
21060043
21061000
21061311
21062572
21063418
21064171
21070217
21074453
21077173
21077778
21078837
21087543
21089106
21091702
21096835
21097349
21097994
21097995
21098873
21100154
21100255
21101717
21102841
21103521
21103747
21105803
21108857
21110890
21114076
21114464
21117388
21128068
21128556
21129231
21130229
21131539
21136421
21137519
21137638
21141341
21147652
21148723
21149351
21153057
21154178
21154821
21155145
21155445
21156441
21159982
21161364
21164463
21169393
21169419
21170158
21171665
21173554
21174316
21176474
21178216
21178671
21179537
21180017
21180134
21180231
21181136
21185013
21186097
21187713
21190646
21190820
21192259
21197859
21199652
21209482
21210785
21216016
21216324
21217029
21218779
21220431
21222452
21224220
21225895
21225988
21228418
21228428
21228999
21230873
21232386
21234296
21236165
21246383
21246804
21246943
21247261
21247496
21251726
21252462
21253136
21255483
21258712
21261132
21261929
21264223
21264669
21268089
21268608
21268631
21268860
21273190
21273315
21276598
21276849
21277798
21289496
21292883
21293493
21296744
21298977
21299244
21305344
21309800
21314263
21316040
21317504
21320334
21321134
21322253
21322908
21323209
21323664
21325802
21327743
21332542
21335638
21336065
21336310
21338401
21341394
21345305
21351631
21354360
21355421
21363402
21364785
21367201
21373956
21379697
21380652
21387077
21387298
21398064
21402465
21402981
21406010
21406411
21406935
21408579
21412112
21416028
21417432
21418369
21418662
21420207
21420544
21420649
21420975
21421068
21421105
21422394
21424064
21424220
21424964
21428789
21429923
21434654
21435119
21437986
21440009
21441240
21441834
21454965
21456187
21459643
21462398
21462980
21467650
21472632
21473589
21473732
21475715
21476289
21477335
21478078
21478149
21479883
21482102
21482114
21482873
21485336
21487679
21489714
21490374
21490790
21491824
21492001
21493681
21494263
21494302
21494899
21496478
21498748
21506034
21513995
21515766
21516751
21530065
21530461
21531101
21531249
21532874
21534605
21537736
21540097
21544307
21544741
21545133
21548971
21554838
21556477
21558901
21563912
21565713
21566520
21574955
21575964
21576081
21580503
21582338
21583267
21583555
21585050
21587135
21589540
21590022
21590757
21591507
21595474
21598263
21598558
21602764
21603152
21604133
21604706
21604938
21610756
21614278
21615511
21615635
21615826
21618778
21619649
21623041
21623425
21624837
21626710
21630915
21632042
21632136
21637726
21642461
21642897
21644088
21646610
21646718
21649726
21650463
21652726
21655340
21656747
21657155
21657391
21659751
21660440
21670135
21670935
21672500
21674275
21675712
21682107
21685269
21686462
21686673
21687703
21687776
21691477
21692747
21693241
21697368
21697950
21705285
21705400
21706712
21710159
21714005
21716573
21719976
21720140
21720173
21720611
21722711
21725514
21727759
21729542
21729591
21733786
21750532
21751753
21751772
21753569
21758487
21759849
21762263
21764810
21765782
21771263
21777176
21782332
21783789
21784069
21788903
21789914
21795147
21795431
21795509
21796115
21798013
21800289
21800595
21803628
21804689
21805231
21806391
21810078
21813550
21819845
21823753
21826285
21828554
21833678
21834238
21835119
21835385
21838342
21842749
21843469
21843600
21846516
21853649
21858339
21860346
21863481
21866413
21866687
21868378
21868641
21868948
21881645
21889581
21890206
21892788
21893065
21898407
21899098
21899191
21899384
21900962
21903368
21904993
21905389
21907750
21914752
21916199
21917484
21918973
21920467
21924473
21925521
21925859
21929720
21930405
21931259
21931796
21933241
21935417
21936746
21936845
21939365
21940301
21945548
21952529
21953318
21955813
21967158
21967210
21971327
21974111
21975372
21982903
21986612
21987307
21988135
21988238
21989542
21992001
21993212
21995013
21996532
21997694
21999836
22004097
22011439
22017566
22025549
22032486
22045817
22053656
22054874
22058754
22061149
22065201
22073909
22079332
22081865
22082882
22084831
22090576
22112186
22115187
22117696
22122800
22128662
22130304
22133803
22140272
22141904
22144455
22151949
22153916
22156050
22156963
22158235
22163310
22167518
22175683
22179986
22188681
22194077
22195197
22202515
22204087
22205335
22205410
22206267
22208394
22209735
22211802
22215837
22220542
22225134
22226518
22227803
22229337
22232532
22241452
22241654
22242626
22245389
22247735
22251207
22251733
22255025
22256597
22258298
22258737
22259280
22261530
22262422
22262615
22265590
22269237
22271224
22271321
22272437
22272775
22278599
22283379
22290998
22292189
22298808
22299488
22300011
22304297
22307461
22308799
22310272
22311539
22314959
22319848
22320492
22320539
22322560
22326380
22330319
22332504
22332920
22333854
22334533
22337468
22339676
22342020
22343109
22345472
22346255
22347658
22348413
22350508
22350764
22352296
22354836
22356919
22357400
22358509
22368665
22369195
22371886
22372994
22375961
22392542
22394064
22394109
22395019
22395907
22400329
22407909
22408899
22411375
22411450
22411767
22415785
22415941
22422627
22423537
22426275
22434747
22436024
22436121
22436905
22438989
22439200
22442355
22446154
22448214
22450251
22450647
22452249
22454883
22455814
22456639
22457493
22457838
22461738
22462492
22463077
22463295
22469697
22478294
22480341
22481543
22485373
22489802
22490284
22496432
22496782
22502838
22505478
22508130
22509340
22512451
22516055
22516309
22516935
22518854
22519498
22526133
22526896
22528752
22534897
22536191
22545206
22546706
22548171
22548809
22551664
22553442
22554383
22556310
22563589
22563798
22564996
22565846
22569225
22573379
22575002
22577407
22580593
22580638
22583658
22586083
22588347
22592093
22592186
22595171
22595951
22597020
22606085
22606770
22608257
22610151
22613947
22614847
22617055
22618766
22624074
22625307
22626443
22629047
22629668
22629871
22631835
22633262
22633937
22634981
22636975
22638792
22639026
22645262
22645979
22647674
22657882
22658388
22665311
22665846
22667647
22668807
22670555
22671834
22675003
22676910
22678486
22682977
22684656
22685552
22687141
22687648
22688679
22693429
22699182
22705048
22706280
22707441
22711518
22713013
22717254
22717633
22719895
22720756
22723641
22727039
22728711
22729498
22731465
22733777
22739631
22741224
22741851
22743450
22746792
22747261
22747923
22748195
22751706
22751771
22753728
22754208
22754761
22760557
22761452
22764663
22765370
22771004
22771196
22772214
22787380
22801731
22804805
22805422
22807064
22811456
22811531
22815835
22816028
22816403
22818722
22822285
22823750
22824771
22830065
22831156
22831307
22836416
22838795
22839088
22841930
22844324
22845213
22846370
22846385
22849324
22855112
22860860
22868046
22871050
22871765
22872456
22872819
22876964
22878077
22880927
22888600
22891376
22891601
22892685
22892974
22893859
22894055
22897579
22900507
22901333
22901598
22904641
22908534
22909658
22911867
22912785
22913925
22921326
22925372
22926143
22926606
22928146
22930543
22931038
22933002
22935069
22935355
22935627
22938581
22942681
22943775
22944599
22945876
22948012
22951304
22951850
22953671
22954215
22956451
22959136
22959926
22961428
22964824
22969954
22973058
22973733
22975792
22975973
22977982
22984916
22986504
22987301
22987840
22989284
22992954
22995196
22997133
23002962
23003455
23005751
23005905
23007193
23008721
23008791
23012184
23013255
23019364
23023621
23024421
23026131
23030989
23031099
23036402
23036967
23038359
23038486
23042851
23043132
23055020
23056027
23056645
23059863
23061381
23067179
23067503
23068802
23072233
23073470
23075242
23081833
23083104
23083729
23084179
23086201
23086733
23096076
23096721
23098336
23098421
23108010
23110862
23111241
23115757
23119718
23122362
23130359
23132222
23136415
23145511
23145714
23145874
23146554
23146810
23147491
23147614
23147678
23150228
23152861
23155585
23157429
23158758
23160683
23163010
23165423
23166418
23167997
23168550
23169950
23175731
23177354
23177911
23181361
23181531
23182765
23182786
23185762
23195453
23197121
23198623
23200645
23204878
23206910
23206968
23207650
23209782
23212972
23218943
23220268
23223947
23224312
23226113
23226513
23228266
23229403
23235303
23240610
23242564
23245933
23252647
23254393
23256854
23258699
23258842
23259316
23265634
23266082
23267035
23267800
23270361
23273735
23279595
23289014
23289283
23298364
23301391
23303014
23304914
23307472
23309845
23313486
23313842
23321194
23321797
23323440
23323702
23325722
23328768
23330352
23330405
23332467
23333573
23333760
23334240
23334439
23335988
23337658
23337934
23340017
23342113
23343596
23344865
23346238
23347992
23349888
23350827
23352661
23354072
23356606
23357029
23357785
23359455
23359617
23361769
23361845
23366529
23366793
23367625
23369263
23369740
23372727
23377890
23377957
23383299
23388385
23388682
23389142
23392536
23394444
23396017
23396540
23397235
23397744
23400742
23404479
23407670
23412690
23412902
23414367
23415265
23417590
23420340
23423003
23426154
23426824
23426923
23431112
23431739
23435356
23435884
23436544
23438637
23438648
23447837
23448167
23450974
23451777
23451947
23454880
23457307
23457951
23462780
23463196
23472939
23474936
23480437
23481002
23483759
23484310
23484821
23484993
23495424
23501666
23505242
23506826
23506982
23507894
23508653
23511213
23511432
23513944
23514062
23515631
23517447
23518206
23530641
23530922
23532552
23540658
23543066
23545831
23546906
23548029
23551872
23554280
23557381
23558109
23560533
23560894
23561462
23562460
23567949
23572819
23574965
23578358
23583669
23587750
23594755
23594805
23595677
23597956
23598726
23599013
23603690
23607373
23610075
23612452
23621262
23625151
23625536
23625577
23629207
23632278
23640219
23643043
23645482
23646107
23646388
23646915
23647011
23647016
23648189
23658297
23659929
23661183
23661882
23662564
23679730
23681707
23681864
23682573
23691040
23694557
23697956
23701197
23704343
23712260
23714285
23715907
23722578
23723905
23743891
23746317
23752361
23756265
23756847
23757365
23765866
23766075
23770938
23772462
23773948
23780892
23784443
23787007
23800017
23800207
23812840
23820006
23822629
23828820
23829259
23833817
23838417
23838660
23842332
23844949
23846213
23847803
23850903
23852519
23853127
23856736
23863586
23868104
23868252
23868431
23871994
23874912
23881704
23888373
23893430
23898594
23901009
23902543
23908455
23927645
23931422
23936388
23940020
23941420
23944372
23944581
23945392
23951414
23957058
23960128
23960160
23968966
23970767
23974454
23975491
23976432
23981514
23990922
23991882
23993703
23993848
23999897
24005904
24006471
24014558
24015527
24016648
24023795
24025337
24031578
24033674
24038081
24040924
24041916
24047664
24051369
24053607
24055409
24060870
24061480
24062141
24067308
24070018
24074082
24080992
24085562
24088164
24088938
24090271
24100704
24102465
24109978
24112125
24112837
24115179
24118147
24120247
24124413
24126029
24130915
24131521
24139026
24147551
24148124
24149541
24152524
24154085
24164996
24168647
24170171
24173004
24174695
24189660
24195390
24196675
24200730
24220183
24225156
24234719
24238369
24245908
24246629
24247805
24254191
24257159
24260453
24266769
24272572
24272594
24272617
24274589
24281104
24296735
24296992
24298303
24303190
24309720
24314063
24355738
24365680
24366244
24367016
24367203
24372215
24378188
