132
357
686
924
1011
1018
1040
2104
2495
2606
3748
3832
4354
5671
5842
6466
6655
6750
7673
9217
14952
15155
18366
18867
19395
19451
19577
19820
19864
21987
23408
23592
23860
23939
24025
24316
24985
25030
25386
25482
26505
26960
27134
27162
27439
27544
27684
27834
28357
28818
28966
28991
29013
29034
29149
29221
29527
29572
29945
30160
30631
30751
30858
31657
31902
32133
32256
32310
33153
33291
33298
33796
34538
36197
36555
36602
36878
36900
36939
37077
37169
37500
37554
37589
37593
37912
38026
38106
38399
38498
38737
38776
38876
38929
39163
39283
39380
39485
39713
39839
39847
39892
39896
40337
40513
40539
40555
40556
40834
41964
42932
43287
44206
44880
45359
46424
47054
48484
48878
49022
49276
49380
50071
50323
50998
51627
55259
55599
56068
56241
56386
56392
57312
57656
57968
58146
58787
59996
60185
60401
60466
60742
60761
60842
61010
61158
61698
62116
62173
62289
62455
62517
62717
63093
63146
63235
63811
64279
64904
65426
65537
65840
66994
68671
69758
69966
71332
80142
80284
81408
83179
84614
84627
87147
88675
89551
90249
91176
91673
97471
97723
98760
99679
103045
103184
103555
103803
104404
104420
104726
105796
106084
106787
106886
107008
107360
107393
107753
108256
108383
108519
109785
109831
110272
110323
110345
110892
110969
111032
111033
111178
111331
111373
111492
111514
111532
111726
111924
112227
112284
112409
112551
112571
112578
112789
112976
113004
113436
113567
113631
113840
114800
115207
115367
115540
115601
115691
115842
115869
116097
116469
116742
117941
118068
118076
118931
119779
120551
122410
122662
122999
124258
124550
125060
125537
125926
126126
127739
127868
128976
130756
134743
135839
135917
136026
136264
136849
137189
139177
140588
141478
142430
142663
143337
143402
143663
143803
143886
143983
144187
144800
145540
147720
148898
149335
149772
149807
150413
151550
151715
153259
153670
153891
154021
154503
155389
156189
156734
156811
157870
158137
158550
159626
160165
160231
160458
160536
160730
160960
160986
161616
161872
162047
162140
162233
162497
163849
165575
165811
165845
166770
166867
172497
173941
175294
175452
176371
177957
177994
178577
180937
181355
181378
181381
181522
181647
181683
182081
182798
182914
183184
183617
183753
184616
185920
186137
187277
188062
188372
192050
192386
194100
194283
195344
195555
196910
197773
198128
198210
200870
201210
202450
202985
205471
207660
209047
209189
210292
210298
210597
210912
211386
212894
214436
215638
216039
217540
217700
218664
219489
219689
221026
221135
221472
223312
223449
224918
225280
226918
226970
235327
236202
236339
238200
238573
240573
243248
244164
244491
244707
245222
245392
246270
246483
246589
246727
246972
247274
247386
248570
249038
249284
249371
249534
249790
250710
250898
251620
251709
252581
252637
253027
253822
254354
255602
255732
255787
256065
259388
260795
261366
263872
265398
265559
266230
267613
269855
270304
270668
270815
271661
272237
272562
272794
273286
273652
273828
273931
274252
274289
274376
274784
275087
275102
275657
275683
276069
276140
276305
276427
276587
277332
277850
278657
278722
278783
279538
279577
280754
280771
281035
281053
281377
283118
283175
284536
286285
287066
287984
289925
290580
291576
295549
298124
299304
299396
300458
301994
304057
309213
310827
311085
314137
314798
315052
315398
315702
317040
317049
317278
317494
321240
323776
323825
324596
325388
326436
326883
327217
327432
328830
330208
330616
331464
331765
332722
334643
336065
336601
337189
339443
340066
341411
341732
341759
341980
342208
343814
344976
345293
346161
346267
346808
346877
347040
348995
351095
355555
355685
355807
355879
356423
356431
356881
357028
357105
357453
357459
357795
358513
358567
358591
358740
358788
358953
359121
359239
359271
359415
360238
360477
360910
360941
361127
361281
361621
361663
361746
361749
361768
362075
362795
362856
363112
363579
364216
364303
364373
364786
365008
365090
365131
365441
366461
366898
367038
367046
367286
367536
367733
368948
369350
369490
369546
369558
369781
369915
370117
370240
370377
370485
371277
371505
371923
372223
373219
373771
373848
374213
375224
375513
375732
375747
375789
375822
375933
375957
376222
376967
377329
377374
377753
377774
378153
378568
378811
378849
378882
379082
380228
381193
381911
382265
382491
382612
382645
382816
384559
387329
389991
392379
392719
393447
394086
395341
397960
398142
399850
400307
402534
403500
405151
405424
405642
406282
406618
406956
407150
407215
407421
407737
407986
408205
408246
408476
408513
408660
409444
409577
409804
409823
410669
410740
411673
411849
412646
412758
414291
414591
414667
415039
415311
416236
416239
416525
417628
417982
418369
419605
420399
421419
421530
422001
422769
423833
425125
425213
426345
427293
429354
429489
429564
429732
431174
431434
433607
434269
437891
437906
437914
442119
442682
444679
447544
449278
449709
449856
450342
450405
450923
451599
452728
454154
454363
454386
455823
456557
459404
459783
460888
462821
463737
464055
464179
464564
465518
465565
466017
466140
466496
468201
469560
470335
471644
473561
474800
475505
475872
476963
477072
477939
481131
481649
482436
482613
482947
483809
483915
483985
484221
487216
488003
488966
490373
494972
498570
499502
499541
502369
502503
505019
505276
506416
510133
511820
512133
513229
516115
518386
519312
520407
521124
521649
523125
523447
523980
524334
524392
524758
524898
526067
526092
526112
526506
526732
526737
526741
526992
527534
527836
528122
528352
528386
528551
528571
528576
528762
529341
530061
530289
530293
531229
532027
532051
532372
532871
533049
533092
533946
534820
536316
537592
537840
538895
539371
539658
540275
541457
541695
542595
544437
544747
547375
547486
550173
550417
550729
551567
552688
555110
557240
557341
558298
558765
559702
560328
560902
573802
578058
578262
578567
578581
584574
586151
586477
586938
589788
591010
592870
593174
595141
595419
