326
376
518
1287
1691
3178
3398
3874
4445
4818
4891
5555
6019
6066
6157
6368
6535
6600
6684
7375
7496
7501
7541
7633
8069
8146
8306
9224
9245
9481
9983
10082
10514
11706
11786
12067
12676
12988
13122
13417
13529
13908
13990
14423
14636
14811
14865
15117
15347
15650
15769
16239
16242
16245
16555
16648
17263
17500
17940
18009
18069
18168
18277
18457
19183
19327
19472
19752
20093
20320
20870
21303
21380
21763
22134
22470
22474
22829
23230
24459
25217
25639
25651
26085
26550
26910
27148
27382
27599
28060
28343
28350
28571
28674
28825
28846
29031
30271
30321
30552
30696
30726
30781
31081
31181
31367
31755
32351
32355
32438
32674
33097
33251
33890
33905
34233
34535
34630
34982
35146
35284
35339
35792
36010
36096
36127
36251
36823
36938
37079
37177
37642
38044
38244
38315
38492
39061
39145
39286
39287
39364
41676
41677
41754
43306
43366
44016
44293
45209
45527
45733
47377
47471
47554
48296
48924
49267
51287
51794
52024
52139
52833
53739
54456
55319
55562
55643
55670
58339
58361
59548
59746
59997
60370
60666
60956
60960
61058
61540
61775
62682
63162
64590
64706
65598
65925
66573
67234
67459
67464
67822
69445
69736
69742
69788
70240
71378
71518
71540
71777
72218
72346
72832
73044
74099
74431
75153
75387
75461
75631
75926
75985
76040
77251
77527
77654
78396
78599
78845
78942
79304
80303
80683
80892
81035
81111
81772
82109
82487
82528
82794
83131
83317
83446
83678
83856
83988
84331
84352
84919
85138
85440
86358
86546
86611
86792
87074
87094
87227
87333
87559
88157
88430
88461
88597
88638
88842
88846
88980
89024
89489
89741
90084
90146
90314
90415
90501
90680
91258
91321
91348
91458
91615
91832
91889
92121
92514
92759
93188
93452
93566
93573
93635
93661
93693
94083
94103
94211
94254
94267
94512
94560
94976
95024
95206
95287
95542
95600
95829
95950
95973
96012
96210
96374
96518
96668
97127
98189
98307
98558
98897
99158
99273
99427
99548
99733
100045
100099
100462
100475
101002
101036
101098
101439
102300
102752
103106
103122
103159
103187
103904
103970
104558
104992
105295
106369
106438
106907
107162
108117
108435
108578
109088
109591
111447
111480
112002
112305
113273
114325
114823
115240
116151
116344
118105
118199
121450
122754
123414
125700
126435
127364
128002
128726
128803
131232
131712
131780
132759
133947
134469
134630
134698
134899
136165
136752
137570
138277
139081
140081
141903
142448
143397
143859
145126
148013
148486
148569
151995
152487
153076
153689
156994
160295
160805
161007
163886
164475
165458
165673
168165
169914
170326
170538
171209
171491
172588
173417
173871
173996
175281
175886
175947
176438
176452
178082
179317
181309
181661
181810
181820
182323
182802
182845
183049
183198
183339
183814
186122
186627
186751
186779
186962
187006
187785
188336
188830
188909
189841
189916
190005
191190
191626
191639
191979
192282
192301
192340
193017
193497
193530
193977
194107
194335
195074
195192
197274
197943
198393
198453
198539
199147
199164
199230
199313
199440
199680
199840
200059
200190
200647
201402
201740
202533
202889
202916
203406
203710
204207
204987
205308
205374
205582
205804
206004
206034
206642
206782
207104
207194
207359
207852
207877
208429
208654
208702
208852
209178
209736
209982
210110
210294
210702
210833
210839
211131
211290
211581
211778
211835
211888
212116
212322
212395
212477
212574
212972
213203
213477
213988
214262
214988
215144
215977
216027
216247
216356
216390
216562
216698
216807
216879
216909
216939
216941
217006
217348
217356
217497
217671
217754
217959
217979
218209
218263
218340
218466
218502
218529
218539
218728
218820
218989
219048
219058
219148
219297
219400
219442
219475
219506
219521
219809
219892
220121
220406
220463
220595
220700
220739
220853
221451
221578
221793
221925
222023
222082
222112
222321
222438
222449
222529
223177
223455
223503
223727
224774
226217
226415
227725
227773
227799
227809
229585
230077
230346
231149
231687
232096
232270
232446
232469
232829
232989
233047
233336
233515
233733
233992
234328
234473
234538
235699
235811
236087
236294
236405
236542
239413
239603
239723
239805
240545
242135
242305
242657
242788
243152
243327
243352
243976
245438
245593
246348
246509
246516
246904
247033
247735
248138
249331
249818
252149
252229
254390
254392
254464
254773
255297
255516
255713
256025
257603
257705
258014
258884
259068
259772
259955
260373
260844
261123
262240
262744
262765
263162
263376
264371
264605
264816
264932
265145
265680
265995
266434
266678
266926
268472
268954
271259
271462
272232
273377
273952
274974
275749
277193
279817
280900
281293
281451
282176
282945
283208
283784
284775
285274
285469
288751
289151
290125
292797
293052
294106
294530
295103
296075
296411
296888
297427
297754
297885
298109
298800
299087
299531
299600
300088
300631
301203
301604
302953
306978
307350
308599
312449
312744
313319
314021
314030
314750
315193
315403
317121
317133
318409
319996
320406
320545
320621
320794
321351
321760
322207
322219
324627
325706
325864
326907
327525
327930
329645
329648
330199
330413
332384
332550
333990
335381
335542
336934
338145
338482
338999
339741
340460
341907
341986
342865
343736
343999
344177
344277
344577
346057
348914
354748
356413
356539
356767
357193
357423
359105
359836
360171
360204
360556
360736
361478
362755
363740
364173
364289
365630
365962
366575
367062
367648
368495
369095
369144
369373
369645
370267
371176
371371
371725
371839
372562
372903
374733
375329
376399
376594
376844
377945
378990
379098
379519
379654
382511
382689
383764
387621
388613
389266
389537
389733
390755
390943
392992
393271
395138
395546
396512
398134
398146
398443
398872
399772
401371
401704
402137
404724
404992
405715
408603
409154
409575
409660
409884
410040
410154
410530
410725
410735
411074
411635
411762
411904
412443
412714
413033
413232
413489
414583
414982
415418
415672
417372
417549
417748
417878
417890
417980
418193
418453
418937
419048
420326
422612
422807
423137
423263
424402
424718
424798
425096
425840
425898
426257
426747
427118
427443
427638
427679
427748
428338
429082
429152
429173
430337
430391
430739
431182
431300
431459
431480
432117
432340
432562
432765
433816
434113
434129
434204
434473
434660
434957
437121
438179
441773
442406
443467
444197
444546
446095
446310
447691
450363
450394
450997
451012
451123
451198
452318
452324
453076
453694
454505
455292
456799
457807
458010
458229
458809
459474
460127
460595
460976
461266
463196
463203
463333
463415
463686
463721
464220
464404
464467
464470
464542
464677
464852
465035
465077
465440
465460
465472
465768
465778
465941
466661
467045
468282
468771
469415
469592
469642
470217
470243
470354
470621
472258
473232
473679
473691
475684
475703
475921
476991
477672
477683
478008
478675
480099
481023
481484
481809
482897
482930
483673
483906
484226
484426
484541
484855
485032
485492
485549
486256
486568
486672
486741
487678
488731
489236
489456
489518
489690
491622
492447
493236
494863
494881
495142
495486
495577
496050
496572
497037
497426
497703
497948
498366
498648
498698
498759
498957
499039
499190
499373
500484
501339
501789
506285
506724
506976
507404
508601
511924
512965
517788
518105
518635
520007
522234
524189
524873
524979
526155
527096
527177
527554
527631
531566
533944
534223
536002
536188
540880
541746
542382
542632
542806
543348
544003
544179
544871
547536
549557
552189
552311
553863
557018
557146
558888
565450
565659
566230
567158
567175
568021
568932
569160
569448
571070
571214
571234
571535
572070
572352
573585
575323
576005
576194
577203
578408
579578
579668
582798
583020
583126
583871
584425
586522
587945
588541
589430
591757
592091
592250
592465
592495
594428
594918
595132
595193
595512
596035
596133
596484
596683
597042
598252
598457
599063
599410
599711
599861
603336
603345
603601
603767
604127
604134
604191
604626
606782
607068
607507
608188
608276
609162
609795
611560
612970
614488
614752
615405
615573
616110
616896
619081
621268
621792
622358
622891
623244
623500
623667
623688
623905
624627
625762
625780
625844
625956
626077
626117
626192
627136
627594
627694
627975
629460
630588
630739
630943
631401
632926
633850
634289
635782
636196
636307
636541
636693
637253
637910
638831
639215
639968
640481
643065
644470
645257
648801
649652
650719
651891
651977
652365
652936
653714
654115
655884
656462
656613
657765
657923
658316
659242
659807
659988
660143
663481
665624
666045
666518
666708
666721
667617
668126
668234
669139
670491
671223
671559
673517
673567
674795
674848
674909
675845
675856
675873
676079
676303
676501
676966
677298
677471
677502
677890
677992
678428
678445
678470
678590
678779
678951
679312
681768
682055
684184
684210
684565
684768
684969
685060
685220
685717
685874
688370
688415
688496
690435
692017
697936
699317
699940
704385
706592
707239
707623
711046
711328
713188
713258
714913
715149
718720
718775
719462
719952
722326
722935
723601
724277
724400
726515
727598
727945
728427
728780
729507
730151
730327
731429
737630
738523
738980
740450
742742
744417
746223
748081
749547
749968
753908
754190
754493
754979
756129
758253
758677
758818
759237
760347
760600
760926
765319
765379
765481
766072
766143
766731
766746
767220
767275
768148
768710
768846
769642
771121
773533
774029
774434
774552
774648
776043
776953
777223
777574
778839
779391
780652
782258
782938
785797
785817
785996
787845
788259
788285
789190
790413
790566
790719
791875
793369
794629
795314
796198
796403
796991
797208
797370
797591
797817
797888
798730
798853
799682
800457
800531
800821
800847
801061
801175
801330
801616
801882
802393
803105
803191
803297
803875
803962
804408
804465
804857
805290
806841
807798
807965
809831
809886
809938
810220
810268
810680
810858
811153
811398
811766
811912
812165
812245
813900
814543
815629
815824
815881
816311
816710
816782
816828
817372
818255
819453
819840
819960
820645
822327
823035
823402
823800
825880
826272
826290
826572
826755
826827
827336
827488
827702
827806
827942
828170
828425
828568
828788
829042
829053
829081
829262
829797
830222
830293
830481
830959
831123
831446
831964
832403
832424
832752
832899
833399
834742
835405
835586
836132
836485
836760
837162
837380
837840
837984
838071
838332
838993
839481
840193
840446
840608
840767
841682
841802
842131
842169
842951
843694
843927
844977
845138
845191
845828
846331
846580
846751
847572
847609
847685
848575
848613
848784
849238
849386
849466
849941
850234
850558
850901
851012
851076
851190
851245
851271
851359
851545
851671
851714
852080
852244
852266
853106
853108
853541
853564
853934
854260
854424
854426
855021
855202
855414
855534
855580
855630
855876
856321
856343
856684
856703
856894
856941
856957
857245
857310
857621
857625
857873
858044
858123
858238
858574
858720
859059
859071
859383
859420
859500
859717
859977
860053
860461
860608
860638
860758
860799
860809
860858
860860
860869
860878
860895
860982
861032
861104
861219
861368
861661
861728
861871
861882
861920
861957
862005
862031
862099
862138
862287
862335
862381
862530
862582
862678
862700
862713
862731
862740
863121
863243
863302
863449
863464
863485
863627
863713
863784
863832
863860
863908
863949
863956
863969
864008
864026
864102
864132
864143
864167
864243
864286
864379
864496
864664
864677
864731
864775
864803
864825
864829
864845
864861
864877
864883
864928
864957
865031
865054
865116
865183
865185
865216
865229
865269
865304
865349
865474
865529
865611
865740
865757
865797
865804
865812
865882
865917
866044
866142
866157
866298
866313
866361
866391
866537
866563
866582
866734
866852
866880
866884
866916
866955
866962
866998
867200
867203
867255
867389
867456
867468
867506
867576
867581
867602
867614
867660
867666
867723
867742
867761
867853
867935
867975
868059
868090
868155
868169
868193
868455
868476
868483
868484
868490
868648
868702
868770
868779
868784
868822
868975
869003
869102
869113
869205
869223
869280
869302
869312
869347
869348
869352
869353
869360
869389
869415
869423
869428
869449
869485
869520
869544
869546
869587
869588
869629
869664
869667
869685
869701
869731
869873
869938
869943
869975
870046
870084
870089
870110
870119
870150
870192
870204
870206
870215
870323
870359
870375
870387
870400
870404
870415
870451
870489
870605
870634
870636
870657
870775
870776
870777
870843
870865
870915
870917
870922
870965
870977
870985
871075
871076
871085
871259
871294
871324
871342
871343
871397
871417
871494
871506
871576
871697
871714
871747
871751
871817
871835
871858
871946
871956
871976
872003
872051
872095
872110
872203
872213
872244
872267
872291
872295
872321
872383
872418
872431
872455
872461
872505
872507
872675
872747
872825
872848
872850
872871
872893
873035
873101
873121
873130
873149
873180
873187
873246
873265
873266
873278
873284
873310
873407
873593
873609
873646
873840
873845
873926
874002
874003
874127
874167
874168
874270
874294
874365
874398
874420
874497
874506
874523
874525
874631
874640
874681
874708
874725
874739
874829
874840
874858
874903
875023
875047
875066
875104
875154
875171
875175
875226
875339
875346
875484
875518
875536
875559
875594
875596
875648
875670
875686
875810
875818
875867
875895
875935
875951
876045
876046
876087
876123
876249
876261
876277
876287
876333
876408
876446
876465
876486
876619
876638
876639
876659
876775
876867
877024
877042
877045
877139
877146
877179
877242
877303
877353
877360
877380
877395
877416
877419
877463
877470
877476
877501
877533
877564
877640
877675
877679
877681
877710
877781
877809
877896
877912
877947
877976
877984
878001
878002
878021
878061
878084
878112
878144
878217
878282
878338
878378
878395
878421
878437
878448
878457
878531
878554
878578
878710
878928
878940
879002
879043
879050
879074
879129
879180
879254
879344
879389
879428
879525
879552
879578
879614
879652
879802
879808
879894
879899
879951
879954
880169
880194
880219
880248
880309
880319
880346
880388
880434
880489
880516
880564
880568
880644
880679
880689
880692
880694
880743
880759
880808
880943
880947
881023
881110
881192
881200
881243
881286
881302
881326
881396
881515
881657
881675
881678
881728
881733
881743
881759
881832
881929
881948
881969
882019
882057
882096
882111
882147
882220
882288
882289
882337
882341
882382
882421
882650
882663
882696
882753
882854
882943
883017
883034
883057
883073
883088
883129
883186
883204
883211
883276
883286
883315
883356
883391
883431
883452
883465
883547
883576
883608
883640
883642
883746
883791
883840
883915
883962
884142
884237
884247
884261
884285
884306
884330
884342
884369
884513
884557
884647
884706
884726
884845
885049
885223
885233
885243
885612
885748
885842
885845
885853
886211
886234
886262
886371
886384
886408
886436
886487
886622
886773
886791
886811
886820
886856
886896
887015
887093
887161
887168
887374
887770
887792
888032
888061
888107
888163
888206
888261
888364
888431
888442
888446
888454
888824
888859
889028
889046
889087
889113
889167
889199
889212
889250
889252
889291
889300
889401
889519
889545
889624
889677
889726
889740
890147
890217
890512
890612
890635
890655
890659
890699
890846
890886
890908
891004
891169
891173
891360
891676
891680
891703
891749
891907
891966
892046
892098
892296
892412
892518
892547
892574
892586
892621
892681
892886
892890
892909
892922
892933
892955
893428
893816
893834
893882
893908
894050
894081
894099
894202
894289
894437
894495
894497
894505
894518
894606
894609
894661
894700
894818
894848
894912
894930
895048
895060
895081
895142
895162
895173
895184
895224
895310
895315
895319
895445
895451
895479
895700
895893
895934
895983
896153
896187
896215
896234
896254
896323
896344
896345
896383
896512
896660
896662
896717
896724
896775
896870
896872
897064
897090
897127
897151
897238
897291
897321
897335
897368
897385
897392
897549
897710
897940
897951
898019
898028
898052
898077
898085
898088
898141
898199
898201
898257
898296
898316
898339
898493
898524
898533
898540
898585
898600
898601
898623
898694
898747
898749
898759
898813
898991
899065
899114
899242
899263
899319
899339
899353
899367
899383
899423
899454
899516
899534
899601
899639
899640
899648
899660
899668
899674
899705
899751
899853
899915
899995
900069
900177
900200
900206
900209
900222
900305
900363
900386
900428
900468
900492
900536
900541
900588
900631
900634
900766
900770
900779
900815
900836
900865
900866
900879
900881
901095
901120
901156
901159
901169
901202
901215
901254
901345
901433
901487
901599
901701
901756
901790
902138
902194
902235
902280
902363
902398
902525
902526
902554
902563
902628
902661
902760
902769
902817
902831
902935
902988
903002
903059
903143
903228
903274
903279
903475
903485
903585
903617
903654
903676
903680
903692
903698
903712
903726
903750
903794
903853
903854
903973
903975
904020
904055
904066
904077
904122
904125
904136
904138
904139
904155
904247
904275
904279
904286
904327
904331
904384
904397
904509
904517
904601
904623
904630
904660
904670
904699
904798
904801
904808
904841
904849
904914
904936
905010
905012
905015
905050
905073
905131
905213
905218
905285
905296
905306
905327
905373
905390
905415
905436
905503
905565
905582
905586
905593
905614
905764
905789
905848
905855
905858
905942
905964
905992
906001
906022
906028
906056
906137
906192
906225
906344
906362
906410
906441
906588
906595
906631
906633
906643
906680
906708
906726
906734
906762
906763
906968
906986
907016
907069
907116
907155
907178
907291
907311
907360
907379
907388
907447
907480
907533
907564
907585
907635
907649
907756
907786
907863
907921
908032
908065
908141
908157
908172
908182
908192
908339
908349
908364
908373
908394
908501
908548
908663
908697
908749
908837
908965
908981
909116
909138
909206
909208
909359
909387
909674
909737
909762
909835
909842
909845
910139
910151
910251
910348
910477
910502
910656
910686
910720
910928
910951
910954
910992
911015
911112
911128
911219
911314
911378
911500
911543
911682
911693
911702
911703
912160
912193
912370
912393
912543
912728
912744
912856
912971
913034
913056
913082
913091
913189
913197
913280
913313
913433
913453
913622
913636
913773
914150
914154
914312
914326
914340
914375
914510
914523
914636
914637
914698
914699
914737
914780
914815
914918
914999
915030
915340
915362
915417
915433
915574
915636
915638
915888
915974
915999
916018
916212
916241
916250
916312
916407
916538
916603
916690
916773
916941
916969
916996
917010
917381
917415
917541
917558
917632
917731
917765
917785
917799
917833
917836
917939
917960
917971
917988
918064
918089
918096
918195
918265
918427
918449
918495
918654
918717
918768
918772
918902
918981
919190
919222
919284
919394
919444
919479
919541
919548
919584
919621
919629
919686
919726
919944
920249
920253
920275
920295
920435
920437
920554
920626
920669
920686
920823
920860
920864
920885
920906
921091
921144
921279
921322
921370
921435
921453
921525
921528
921549
921824
921925
921988
922214
922282
922389
922454
922597
922628
922680
922714
922773
922792
922793
922825
922830
923334
923385
923395
923505
923687
923712
923779
923817
923885
923950
923953
924410
924774
924807
924816
924836
925333
925446
925447
925457
925637
925664
925874
926022
926042
926410
926529
926672
926814
927009
927021
927098
927192
927216
927250
927673
927808
927865
927868
927886
927894
927905
928021
928058
928084
928088
928165
928258
928330
928404
928407
928433
928436
928439
928893
928928
928929
928931
928957
929296
929403
929418
929428
929561
929575
929587
929770
929838
929891
929976
929987
930101
930317
930406
930419
930452
930499
930527
930727
931095
931154
931195
931380
931490
931622
931806
931830
931849
931854
931947
931975
932526
933057
933102
933162
933269
934046
934750
934757
934839
935416
935450
935584
935875
936222
936242
936356
936475
936537
936912
937097
937114
937180
937655
937839
937912
938262
938453
938610
938952
939477
939767
939796
940717
941331
941643
941653
942125
942147
942166
942170
942280
942505
942520
942583
942858
942938
943237
943286
943566
944237
944323
945044
945468
945497
945669
945962
946107
946544
946635
946653
946686
946703
947025
947117
947306
948405
948408
948522
948677
949541
950450
950708
951399
951544
951828
951856
952011
952152
952736
953040
953249
953990
954022
954396
954841
954995
955278
955460
955919
956138
956273
956443
956540
956798
956907
957003
957405
957409
957584
957972
958043
958276
958292
958396
958408
958617
958637
958958
959953
960031
960205
960250
960314
960768
960804
960832
961384
961395
961452
961489
961516
961526
961733
961739
961966
962458
962483
962526
962658
962836
963323
963375
963580
963608
963689
964192
964224
964406
964658
964786
964888
965282
965585
965810
966185
966418
966430
966556
967941
968464
969074
969746
970452
972502
972755
972877
973352
973567
973687
973807
973827
973855
973960
974128
974288
974373
974390
974436
974498
974531
974550
974584
974626
974704
974722
974825
974989
975070
975112
975137
975310
975392
975540
975587
975593
975613
975685
975720
975766
975805
975913
976033
976087
976108
976156
976304
976540
976546
976568
976575
976656
976671
976681
976682
976698
976760
977143
977167
977231
977301
977443
977498
977565
977671
977823
977926
978021
978248
978250
978331
978418
978458
978660
978671
978734
978736
978772
978778
978804
978817
978983
979040
979070
979071
979108
979200
979224
979275
979401
979707
979712
979722
979764
979790
979913
979917
979938
979990
979991
980038
980076
980212
980235
980385
980422
980839
980887
980992
981037
981089
981166
981277
981317
981355
981436
981442
981448
981539
981546
981611
981616
981818
981931
982136
982159
982172
982255
982338
982422
982590
982649
982740
982773
982833
982994
983164
983231
983331
983349
983467
983625
983656
983660
983724
983764
983834
984061
984290
984329
984420
984492
984547
984557
984634
984915
985021
985133
985333
985355
985601
985820
985859
985905
986040
986102
986153
986156
986429
986434
986438
986468
986515
986552
986732
986847
986890
987206
987305
987616
987755
987793
987808
987853
988077
988286
988998
989173
989646
989678
989717
989726
989846
990018
990056
990332
990390
990406
990409
990411
990414
990928
991005
991012
991250
991413
991579
991701
991808
991856
992282
992373
992375
992824
992857
992895
993132
993158
993162
993543
993546
993555
994062
994169
994252
994567
995032
995124
995224
995895
996034
996138
996158
996257
996346
996364
996418
996568
996595
996894
996958
997039
997109
997167
997439
997481
997597
997819
998061
998137
998181
998491
998672
998857
998986
998990
999110
999154
999769
999957
1000103
1000234
1000299
1000395
1000415
1000563
1000769
1000882
1000952
1000961
1001149
1001184
1001261
1001682
1001851
1002053
1002183
1002202
1002332
1003436
1003559
1003653
1003833
1003934
1004411
1004998
1005577
1005761
1005903
1006155
1006280
1006473
1006572
1006869
1007032
1007053
1007102
1008776
1008972
1008991
1009516
1009754
1009920
1010143
1010149
1011293
1012302
1012308
1012316
1012712
1012737
1012822
1013055
1013400
1013480
1013914
1014972
1015518
1015587
1015740
1015849
1016625
1016666
1016779
1016985
1017074
1017254
1017689
1018202
1018554
1019216
1019227
1019257
1020738
1021482
1021829
1022503
1022573
1022607
1022866
1022926
1023735
1023992
1025532
1026208
1026459
1026704
1026837
1028007
1028216
1028265
1028421
1028608
1028644
1028652
1028785
1028790
1029272
1029896
1029968
1030256
1030323
1030467
1030576
1030597
1031096
1031131
1031578
1031618
1031621
1031680
1031844
1032144
1032304
1032381
1032558
1032854
1032882
1033061
1033088
1033242
1033280
1033285
1033333
1033456
1033571
1033746
1033974
1033976
1034024
1034065
1034140
1034153
1034160
1034386
1034605
1034662
1034678
1035278
1035295
1035543
1035592
1035892
1036054
1036164
1036288
1036451
1036477
1036557
1036859
1036871
1036987
1037023
1037062
1037104
1037699
1037928
1037984
1038241
1038473
1038475
1038657
1038748
1039060
1039090
1039153
1039404
1039677
1039752
1039762
1039908
1040375
1040843
1040981
1041174
1041487
1041726
1041832
1042025
1042055
1042234
1042282
1042745
1042962
1043478
1043950
1044168
1044511
1044897
1045376
1045814
1045920
1046137
1046228
1046397
1046732
1046782
1047357
1047840
1048334
