205
1336
2442
3707
4130
4311
7968
8755
9479
11392
11418
12534
12774
15158
15964
16358
16367
17204
18617
18993
19296
20173
21358
21846
22644
23268
25039
25446
27774
27852
27976
28740
30509
30633
30843
32338
34726
38928
40279
41104
42724
45482
46330
46823
47758
47761
51806
53178
53647
54963
55922
57903
58823
58877
58948
62600
64074
64891
65306
67440
68399
69406
70158
72787
73606
76597
78345
78487
80010
82508
82642
83764
84449
86409
87053
87055
92268
95063
95700
95937
97442
97872
98632
98894
100230
101268
101411
102731
103538
105283
105460
107793
107992
108282
108692
109433
109914
110198
110704
110707
110892
111445
111450
113156
114686
114877
116047
116265
116316
117247
118950
119343
119916
120162
120647
122710
123586
124985
126371
127264
129139
130926
130953
131285
132946
133245
134142
135351
138012
138584
138795
139165
140752
144158
144192
145317
147147
147157
148373
149428
149650
149783
149822
150221
152465
154074
154273
154330
155613
155626
156963
158950
159670
160172
161025
161499
161720
163120
163596
163664
163982
164194
164262
164273
164700
165022
165158
165302
165723
166288
167073
167751
169097
170222
170428
172601
173854
174380
175835
176015
176377
176515
176705
176791
177088
177795
179506
180673
182529
182601
183980
185070
186000
188677
189973
190287
190307
190686
191501
191917
192700
195178
197046
198182
198761
199361
201576
201913
204095
204893
207181
207885
208596
212094
213170
214288
215378
215810
215927
217509
219677
220007
222537
225848
230613
233582
235557
237302
239907
240039
240312
241062
245217
247489
247935
250974
251568
252245
252651
252774
252944
257717
258618
258662
259751
260010
260440
260562
260832
261390
261665
262359
263517
263808
264192
265024
265428
268280
270477
272048
272526
273523
275908
276263
276788
277072
277988
278139
279306
279623
280632
280946
281003
282105
283724
283938
283957
284813
285260
285365
286848
287120
288556
288807
289766
290474
291479
291961
292257
293301
293456
295979
296503
