350
1204
1553
1632
3915
4282
5139
7273
12804
14528
14611
14612
14695
14811
15127
15144
15734
15766
16003
16583
16873
16896
16943
16973
17004
17999
18194
18286
18429
19024
19661
19763
19782
20262
20420
20908
22604
26247
26365
26790
27475
30017
30050
30499
31095
31170
35315
36737
36903
36905
37536
42135
44433
44540
44673
47138
47750
47812
48510
49048
49076
51051
51588
53401
57008
57697
59218
59479
61126
61823
62393
62553
62641
63357
64045
64197
64980
66738
67295
68763
69994
72772
72944
73779
73925
73929
73969
74127
74215
74818
75102
75229
75250
78670
78797
79010
79141
79525
81616
88766
89312
91656
92908
94013
95536
97862
98654
98966
99032
102586
107780
108402
109739
111238
112769
113682
113871
115536
116317
117339
117555
117914
118854
119800
120189
120243
121545
122328
124284
126420
127176
127419
129881
130278
130813
131877
132025
132502
133878
134007
134241
134526
134822
135396
135787
135838
136387
136597
136700
136739
136750
137491
137679
137780
138278
138584
139069
139263
139509
139918
140350
141147
141196
142645
146161
147092
148019
150732
151487
151751
156254
156791
159323
159326
160164
160985
162843
167222
167614
167841
175571
176251
177380
178775
178871
179672
181018
181052
184335
184941
185367
185420
186138
186281
189546
193848
196446
199794
200990
202501
205303
205306
205452
208254
208439
208476
208612
209139
209740
210422
211013
211853
211920
212208
212680
213464
213548
213882
213883
213948
214861
216322
216437
217576
218668
219932
222196
222645
225258
228457
228601
230083
233939
234534
234900
235641
235654
240315
242247
242755
243280
244779
246837
247836
248159
250014
250594
251546
251619
252749
253101
253173
253465
253492
253544
253844
253907
254324
254690
254752
254963
255115
255992
257108
257567
258203
258366
258371
259038
259143
259171
260425
260501
261184
261968
262381
263020
263072
263131
264371
265095
265906
268123
268175
270510
270893
270907
271275
271539
274145
274703
274847
276698
276886
277050
277067
277132
277276
277310
277501
278780
279064
279134
279174
280778
281908
283403
284390
285192
285272
285279
285961
286399
286578
288777
290098
291407
292323
293667
294657
295463
295549
296455
301418
302420
302708
303098
303429
304188
304208
304330
304333
304434
304608
305204
305273
305655
305856
306432
306764
307052
308094
308512
308516
309193
309504
309947
310839
310891
310942
310944
311041
311096
313061
315655
318036
321007
322492
324490
326403
327891
328207
332734
333015
334135
334779
336883
339576
339972
340909
341644
342046
343384
344174
345034
348380
349152
350802
350852
355062
355389
356259
356362
356876
357050
357829
358568
358680
358949
358991
359121
359567
359606
364193
369820
371606
372088
373132
383338
383641
383648
383660
383747
384073
384238
384458
385158
386222
386606
386634
386913
387182
387626
388187
388296
388358
388809
392085
394803
395527
396702
399596
401969
402718
402878
402890
406765
407395
411632
412348
413532
413873
416564
416626
416904
416922
420441
420553
421021
421522
421556
421982
425828
427174
427222
427237
429056
432772
433081
434735
435752
437400
437536
439107
440957
441533
441607
