324
382
1172
2121
2699
6000
6272
6514
6586
7152
8815
9958
10313
10857
10885
10925
11550
12189
12194
12639
12815
13053
13153
14026
14652
14759
15226
15992
16509
16671
17588
17668
17840
20518
20608
20665
21332
21838
21931
22146
23360
23723
23754
24255
25034
25052
25241
25406
25427
26226
26232
26487
27049
28525
30927
31355
33566
34419
34918
36000
36628
37163
37584
39039
39089
39754
39822
41652
41807
41834
41992
42167
42186
42415
42433
42493
43403
43461
43770
44355
44404
44482
44881
45806
45814
46207
46536
46810
47175
47502
48702
50275
50782
50790
51388
55166
55230
55280
55524
55862
56256
57835
58186
60911
61400
62168
62763
63427
63882
66669
68112
72942
75009
76649
79313
79874
80566
80739
82625
84818
86386
88013
89286
89331
89603
89613
90125
90155
90788
91217
92011
92689
94344
94674
94683
94777
95560
95875
98411
100983
102051
102714
105132
106744
107614
108065
108889
111574
111960
112690
114563
116282
119112
119390
120872
121069
122716
123094
123465
125244
131838
134344
134510
134943
135857
138383
139572
139662
141149
145965
146757
150309
150630
150703
151304
151361
151889
152149
152408
152416
152910
153425
153826
153965
153986
154706
155533
155743
155827
155991
156097
156338
157644
157738
157757
157917
158182
159301
159451
159666
160089
160325
160374
160572
160778
161407
162047
162395
163887
164196
164311
165275
165989
166037
166073
166370
166974
167428
167553
167593
167621
168083
168222
168231
168316
169453
169608
169946
170910
171209
171329
171600
171622
171718
171932
172312
172346
172441
172462
172749
173870
174175
174180
175016
176816
177109
177474
177659
177900
178004
178539
178795
178860
178954
179308
179694
179762
180673
181205
182248
182318
182357
183261
183648
184089
184261
184793
185431
185471
185659
186227
186915
187277
187441
187583
187616
187795
188032
188347
188641
189615
189932
190211
190666
191588
191648
192390
192986
193078
194085
194748
195709
197805
198003
198261
198934
200229
202123
202798
204350
204496
206088
207443
207575
208057
208177
208336
208881
209583
209712
210089
210177
210202
210499
210549
211262
211890
212323
213096
213461
213567
214055
214101
215601
215864
215928
217070
217285
218126
218611
219375
221502
221987
224509
226275
226330
227429
227880
230298
230474
231007
231643
231968
232330
233617
234003
234046
234298
234529
234993
235088
235199
236068
236727
237096
238182
239391
239828
240039
240785
241155
241617
242261
242377
242631
242681
244097
244880
245565
245835
246226
246313
246696
246866
247210
247779
248214
248578
249026
249167
249618
251743
252517
252688
252741
254675
254878
255742
255986
256407
256600
256647
257347
259004
260758
263428
263957
264149
264987
266295
266369
266642
266854
267040
267483
267489
267954
269156
269377
269692
269806
270553
270604
270755
270788
270810
271336
271541
272228
273364
274656
274837
274897
275044
276115
276693
276737
