3488
7420
8331
9126
18140
18639
19234
21558
21713
22164
23965
27347
28075
29182
34196
35759
38325
39273
39352
40673
43716
44599
46119
46585
48865
50092
50716
52719
54742
63482
63655
65213
67002
67708
70369
70563
71880
72158
72554
75298
76721
76764
77424
78426
80828
83539
84814
86779
87002
88628
91918
94229
94307
95705
97414
99520
99746
102182
104159
105744
107106
108919
113561
122661
125784
130719
130755
131872
133721
134971
135943
137411
139266
139341
140466
140910
142111
150078
150551
153652
154558
155309
155701
159032
159274
160463
161291
161649
165333
167066
170606
171846
175944
176960
183773
184896
193602
197778
198942
203246
204442
206476
208136
211659
213066
215690
215847
217867
219354
220287
220369
222818
225158
237025
237607
237845
238726
239287
239489
243301
245433
245701
246926
247120
248269
250162
250982
252861
253295
255802
259886
260000
260540
263720
265380
266466
267329
270456
274098
274805
275512
280861
281249
281384
281921
283167
287399
288028
288593
302849
305310
305864
308712
313654
314955
314990
317552
317569
319105
319656
326048
331813
333266
335618
335692
336701
338919
340599
341025
341634
351418
356307
356746
358941
359313
360088
362261
365677
365865
366749
367134
368736
370286
371355
373477
374022
374847
379915
381083
385928
388864
389665
393890
397329
398629
398803
399937
400465
405122
406685
406931
407600
407996
409183
409827
409924
411380
411460
411596
412620
415559
416193
417062
417253
417416
417489
417703
420592
421001
421340
421709
422018
422438
423178
423796
425288
426974
430101
430632
435974
437941
439161
439837
442862
443039
443418
444205
444351
445383
447740
450644
451016
452778
453521
455462
456101
456443
456596
456654
458470
460653
462470
471127
474246
474711
476481
477231
477285
478649
481323
483136
483485
483812
485068
485112
485804
486497
488059
489322
499137
499673
500304
500923
502370
507946
508007
508301
508577
510185
513071
513074
513840
513919
514194
515021
516633
517987
518207
518799
521652
524256
525358
526687
527856
528174
530024
531080
531657
531689
533496
537822
537885
539584
539618
542506
543343
544379
545784
546206
547408
547438
548204
549023
550129
550832
551445
552531
553638
555172
557653
558077
558240
559446
560270
560628
561002
561407
564009
565546
566348
566456
567031
567294
567640
568417
568765
569079
569554
570097
570666
570724
573479
576202
578594
580351
581570
581807
581835
582120
582501
582780
582982
585119
585189
586894
587931
588092
589226
589384
589802
590038
592344
592786
593194
595356
596202
597039
597935
599233
600017
600272
601864
602286
603600
604459
605165
605695
606128
606302
606608
606994
607017
609107
609434
615550
615692
616847
617030
619179
620021
621217
622016
623802
623838
624462
625670
626340
627506
627792
628439
630683
634112
634995
635016
635118
635452
635757
636556
636570
636956
637358
637378
639489
639667
640670
641279
641344
641810
642684
642806
643221
644360
644485
647388
648098
648709
649031
649302
650533
650760
651604
651924
652932
653183
653365
654474
654577
655408
655575
656391
657537
658665
658688
658784
659208
659685
661009
661062
661368
662541
662669
665622
665903
667722
667938
668233
669399
669657
671721
671838
673288
675605
675959
677364
681115
681951
682959
684538
685266
686656
687962
689779
690029
690096
690333
691617
694597
695906
702255
703073
705879
707852
707988
710284
711287
712764
712785
712838
712994
716212
716676
716859
717663
717943
719025
719182
720651
721009
721964
722138
722412
723150
723428
724280
725696
725969
726175
726225
727316
727964
728411
729236
730758
730939
733111
733897
734523
737014
737785
740221
741453
742383
743555
747743
750517
751645
754819
755391
758233
759851
759949
762488
762972
764228
766628
767219
769853
770032
770860
770992
772040
775583
779255
780087
781773
787595
788687
789094
792929
794150
796551
796553
797072
798644
799092
800863
801920
802131
802825
805190
805951
813437
813847
816608
817773
821604
824972
825769
825810
826372
826606
827002
829844
829945
830574
835641
835964
837511
837805
839482
841912
842233
843239
844306
846033
847005
848890
849562
850509
856077
856941
860687
864026
864811
867093
868268
870984
871572
873266
873536
875395
879957
880292
880644
884604
885708
888894
889968
890341
898461
899930
900136
901467
903349
904160
905743
906704
907357
907490
907935
909744
909997
912118
913792
917245
918999
919511
920139
920888
921089
922390
923395
923713
926426
927743
928972
931961
934740
936305
938042
938819
938928
940437
941294
944698
947812
949091
949142
950012
951052
952480
952899
953398
958152
959278
962860
965629
968282
968358
970395
981831
982106
984072
985602
985718
986180
986310
986610
986906
987261
988131
990580
991387
991817
991889
992136
994457
996375
999606
1005525
1006006
1008039
1008791
1012710
1017694
1018302
1019429
1020407
1026022
1026302
1028118
1029856
1031957
1032869
1034255
1034443
1035127
1038064
1040209
1042450
1042700
1044256
1046028
1048993
1049383
1050752
1050825
1051015
1051349
1051485
1052200
1053439
1054301
1055153
1055883
1057018
1057378
1060082
1060132
1065303
1066764
1071655
1077267
1078193
1078733
1080288
1081514
1082351
1083027
1086756
1089918
1091100
1093948
1097114
1098343
1102762
1105241
1108083
1108273
1108368
1108798
1109528
1116972
1117164
1117590
1119175
1119571
1128678
1130837
1131816
1132403
1132792
1133577
1134743
1137869
1138792
