1246
1830
3427
3932
4075
5730
5740
5815
5881
7377
8616
9597
10817
11683
13033
13609
14926
15439
15712
16465
18840
19068
21046
22194
23441
23456
23984
24938
27853
28251
28740
28945
28976
31528
32454
33246
33313
33342
33395
33460
34583
36383
36901
38984
38998
39021
39138
40089
40526
40761
41978
42190
43635
46329
47006
47989
48045
48208
48260
48482
48924
49685
51278
51337
52450
52585
53455
53717
56167
59246
59461
59877
64111
65863
65904
68126
68188
68844
70678
70896
71191
71218
71517
72073
73706
78022
78673
81411
82273
82534
83751
83759
83874
88312
88440
88746
88903
89342
92944
93190
93907
94527
97118
98148
99014
99028
102400
102684
103872
104102
104613
105492
107037
107582
108339
110519
112436
115928
120114
120226
120363
120537
121024
121562
121714
121829
122837
122913
124204
126473
126901
127203
128246
129471
129869
130144
130375
131320
133087
133295
133801
134042
134329
134605
134774
134803
134947
137024
137746
137888
138110
139549
139970
140958
141603
142316
142415
143015
143102
143230
143401
143956
144917
146159
146749
148142
148939
149147
150017
150144
150360
151219
152942
154220
154372
157747
157869
158524
162481
162639
163140
163231
163525
164004
164254
164399
164591
165318
165356
165432
165563
165693
165727
166008
166505
166837
166869
167105
167155
167212
167657
168164
169224
169325
169486
169776
169972
170091
170277
170910
171039
171054
172048
172958
173375
173663
173936
173974
174026
174048
175447
176265
176645
177983
178174
178977
179824
179826
180235
180289
180679
180734
181024
181386
181432
181659
182121
182259
182447
182471
182542
182574
182589
182723
182979
182984
183038
183185
183259
183271
183356
183399
183480
183508
183806
183959
183969
184120
184197
184356
184503
184615
184693
184810
184815
184958
185049
185240
185245
185368
185730
185756
185882
186131
186161
186410
186711
186752
186925
186937
186953
186995
187124
187263
187523
187858
187903
187949
188019
188068
188095
188396
188516
188633
188638
188660
188701
188739
188818
188887
188931
188969
189031
189064
189146
189255
189290
189384
189397
189489
189871
189938
190397
190474
190516
190572
190755
190822
191177
191208
191226
191228
191229
191230
191439
191457
191632
191724
191841
191884
192166
192594
192818
192850
192876
192934
192952
192985
192995
193014
193045
193057
193064
193126
193202
193203
193207
193306
193412
193438
193496
193508
193595
193621
193847
193900
193918
194139
194239
194425
194470
194685
194721
194799
195036
195131
195210
195216
195406
195413
195616
195617
195619
195832
195961
196004
196060
196105
196473
196544
196738
196756
196840
196882
196930
196969
196994
197130
197163
197344
197380
197450
197569
198057
198172
198227
198499
199025
199312
199314
199665
199666
199732
199737
199767
200889
201013
201152
201486
201523
201602
201802
201839
202360
204101
204893
205229
205603
206482
206979
207844
208345
208574
209531
210017
211304
212501
213076
213111
213133
213151
216429
217073
217397
218989
219798
221354
223085
223223
223237
224872
224945
226961
228457
228924
231596
232228
233755
235463
237832
238293
238575
238619
239067
240159
240616
241036
243334
244766
245195
247177
248357
248517
248518
249038
250090
250640
251381
252292
252545
253231
253831
254052
254169
254411
254717
255305
255485
256360
257519
257522
257978
258123
260627
261121
262763
263717
264138
265100
265739
266819
267013
267963
268224
268668
268781
270462
273385
274028
275350
275369
276542
277029
277035
277590
279464
279482
280167
281179
281220
282183
282348
282793
283119
283298
283989
286099
286251
286260
286361
286706
286896
286964
288021
288421
288661
288971
288985
289701
291299
291428
291693
291944
291951
292086
293512
293529
293727
293787
294238
294705
295204
295370
295863
296073
296297
297119
297319
298015
299619
299803
300351
300679
301785
302777
303019
303396
304571
304687
305375
305735
306219
309021
309281
311624
313877
314734
315225
316053
317535
317551
319051
319341
320841
322245
322527
322634
323821
324702
324783
325391
326272
327798
329016
329831
330226
330626
330668
330678
331323
331725
333285
333501
336539
338015
339272
339918
340367
340720
341683
344116
344150
345447
345495
347017
347537
348382
348610
350238
350696
351377
353420
355081
355373
357798
359159
359536
360744
361796
361920
361954
362270
363265
363412
364231
364602
364882
365551
368857
368894
370720
371487
371622
374208
374433
374677
375664
375824
376973
377595
378759
379831
380170
380199
380666
381104
386351
386455
387932
389577
391078
391103
391231
391234
391474
392573
394175
394798
394890
395131
395251
395629
395643
395704
396237
396277
396401
396553
396766
397511
397763
398501
399249
400011
400882
401460
401642
403606
405630
406132
408623
410550
411474
411838
411943
412255
412556
412767
413275
413333
413537
413757
415741
415910
416147
416809
416989
417328
417833
418938
419103
419130
419342
419970
420360
420621
421863
422922
424205
425961
430164
436392
439384
439779
440029
442068
442113
442169
442210
443761
448841
450674
451952
453409
454575
456541
457335
457576
458498
458865
459700
459717
460088
461155
463018
463187
464693
464824
465140
465551
466561
466869
467027
468074
468095
468182
468480
469197
469926
470894
471868
472442
472647
472914
473959
475187
475708
476860
477769
478130
478554
478652
478693
478925
478968
479176
479498
480016
480287
480594
480799
481154
481498
482527
482669
482709
482806
482964
483116
483196
484783
486640
486775
487134
487504
487893
488259
489230
491616
492100
493221
493728
494575
494971
495139
496637
496781
496842
497303
498110
498738
499699
500239
500682
501129
501995
502139
502325
502995
503139
503169
503625
505005
505777
506329
506980
507294
507427
507444
507529
508000
508016
508086
508351
508436
508803
509365
509745
509971
510077
511890
512550
512628
513274
513465
513751
513921
515521
515654
515695
517334
518230
519363
519522
520408
520532
521250
521605
521671
522733
523680
523707
523785
523911
523977
524282
524389
524667
525937
526442
527024
527089
527493
527862
528070
528288
528306
528409
528435
529351
529798
530187
530955
531854
532766
533019
533166
533664
534419
534548
534861
535304
535357
536516
536522
537016
538112
538743
539948
540761
540795
541734
542796
543441
543466
546939
549018
549394
550048
554015
555503
556892
557225
557384
557897
560031
560111
561273
561278
561456
562610
563124
563419
567463
569610
571885
572892
576829
576951
581311
582212
582269
584728
589559
591610
593689
594706
594988
595175
595243
595255
595386
595535
595583
595587
595749
596708
596768
597130
597764
598285
598837
599144
599388
600789
601747
603049
603133
605228
605498
606529
609577
610773
610781
611088
611666
611818
612264
612988
613092
613821
613822
614026
614971
616673
616948
617642
618705
619055
619197
619513
624835
625981
627726
628246
629084
629208
629292
630082
630118
630785
631375
631871
632124
632532
632545
634816
636756
637623
637698
637716
638091
638271
638372
639005
639085
639302
640641
643824
644537
645060
645095
645936
646812
648428
649925
649998
650816
652663
652763
654242
655879
656232
656503
656590
656661
656835
657231
657375
657536
658154
658283
658654
659999
660021
661326
661529
661854
662161
662612
663384
663521
664216
666082
666407
669957
674430
676367
676662
677156
677228
680753
681246
681518
683709
684590
684885
686355
686945
687223
688285
688400
688899
694218
694557
697118
697509
698139
699262
699351
699867
700330
701575
702095
702782
702965
703294
703594
703945
703966
704734
704782
706057
706141
707961
710468
711751
713215
713367
713397
716170
716491
718842
719700
720380
720569
723378
725956
726117
726690
726942
728029
729736
730643
733326
734047
735593
735931
735981
736535
736840
737349
739005
739881
740066
740119
740800
741044
741311
741379
742816
743256
743985
744051
744569
744774
745565
745572
746533
746854
747941
748947
749442
749508
749522
750686
751051
752124
753335
753418
753957
754092
754180
755297
756136
756384
757821
757931
758097
761051
761335
762018
763145
763667
763675
765641
765749
766433
769149
769503
769589
769931
770064
770672
771059
771285
772707
774373
774968
775584
775816
776847
776914
777318
777612
777683
777908
778089
778421
778991
779453
779540
779766
779778
779815
780791
782088
782972
784358
784527
784642
784659
785177
785316
785628
786351
787136
789440
789884
791967
792504
792614
792782
792978
793074
793489
794008
794047
794210
794344
794529
794750
795175
795692
796675
796940
798500
798870
802584
804715
805009
805306
806720
807068
807101
807170
808004
808457
810045
810052
810219
810785
810999
811663
811918
813612
815183
815318
815930
816717
816992
817329
817698
817712
819412
819429
819784
819818
820087
820194
820920
821174
821294
821321
821391
821646
821748
822339
822790
822839
822905
823050
823431
823529
823772
823918
824075
824196
824250
824255
824431
824690
824828
824975
825077
825610
825704
825860
825898
826028
826171
826318
826397
826705
827101
827135
827187
827493
828040
828082
828342
828406
828997
829151
829192
829460
829667
829769
829801
829940
830436
830523
830721
830948
830986
831180
831684
831914
832052
832207
832629
832695
832784
832832
833258
833260
833443
834032
834339
834472
834642
834833
835043
835137
835364
835410
835645
835792
836158
836220
836395
836508
836510
836561
837124
837762
837881
838543
838739
838888
838981
839032
839462
839577
839680
840806
841189
841245
841423
841442
841478
841638
841771
842015
842018
842095
842243
843140
843680
844253
845191
847024
848004
848882
849395
850410
850438
850866
850962
851744
852145
852253
852371
852635
853072
853511
853600
853926
854330
855196
856180
856500
856926
857560
857913
858621
859089
859253
859300
859670
862260
862863
863173
863228
863803
863810
864237
864572
865066
865703
866170
866171
866324
866342
866383
866447
866471
867287
867489
868080
869300
869445
869847
870462
871230
872422
872579
872710
873191
873781
874025
874534
876270
877553
877571
877577
877632
877829
877930
878064
878101
878431
878968
879139
879446
879734
879806
879937
880446
880622
880692
880756
880980
881039
882131
882592
882771
884437
885303
885698
886423
889100
890796
891085
892364
895162
896480
896501
898319
898699
899763
899990
904693
904804
905258
905961
906115
906832
906856
907031
910492
912005
915143
916474
918130
918957
924689
925078
926688
930622
930909
930938
933096
933748
934485
934607
935090
935096
935608
935774
936147
936231
938866
939161
939518
939692
939862
940042
940854
942102
942303
942454
942463
942586
942687
942722
942963
943103
943124
943491
943826
943932
943939
944142
944259
945027
945316
945806
946393
946931
947889
947930
948002
948631
948762
949438
949519
951955
952210
952817
953468
953704
953783
954116
955021
955824
955898
955935
955973
956417
956549
957981
958221
959050
959116
959191
959201
959460
961055
961709
961720
962662
965943
970941
970970
971352
971616
973330
973683
974654
975495
975738
975746
976952
976975
977568
978422
978732
978942
979012
979195
979640
979868
982883
983563
984371
984749
984979
986666
987306
987466
988818
989119
989860
990095
991330
991450
991687
991741
992124
992564
993299
994988
995438
995504
996583
997300
997444
997717
998330
999051
999677
999976
1000480
1000486
1000496
1000636
1001106
1003257
1003852
1005281
1005298
1005312
1005318
1006289
1006989
1007211
1007397
1007477
1007681
1007885
1009072
1010320
1010321
1011940
1011946
1012604
1013808
1013869
1013906
1014357
1014607
1014671
1015137
1015147
1015990
1017696
1019234
1019338
1020067
1020955
1022452
1024962
1025510
1025749
1026352
1026811
1030515
1031289
1031991
1033265
1033294
1033312
1034733
1035234
1036750
1036937
1037041
1037658
1037728
1038320
1038924
1039912
1039947
1040321
1042926
1043066
1043315
1043325
1043691
1043992
1044267
1045694
1045728
1045992
1046204
1046244
1046840
1048432
1049751
1050606
1050809
1051072
1051094
1051187
1051269
1051425
1051565
1051645
