843
1164
2676
4262
4263
5421
7035
9728
10217
10606
13402
13683
13697
17264
17645
18855
20228
21559
23532
26436
28003
29194
29267
31429
31627
36553
38796
39077
39289
39388
40144
40168
40607
40673
40920
41058
41253
41416
41694
41936
42484
43453
43846
44020
44048
44135
44535
44552
45276
45622
46712
47067
47143
47156
48162
48400
48446
49048
49382
50870
51458
52801
52852
53202
53640
53683
53959
54259
55072
55421
55466
55962
58296
58588
58659
59945
60276
60443
60860
61022
61158
63178
63390
64129
64731
64944
65418
65508
65633
65936
66054
66338
67704
67750
67801
67808
68232
68488
68637
68973
69499
69977
70089
70453
70496
70895
71219
71291
71349
71413
71595
71766
71808
72212
72779
73070
73332
73365
73477
74214
74417
74693
74799
74932
75493
77843
77922
78362
78794
79456
79604
79729
79959
79960
80048
80759
83488
85803
86120
86257
87555
88195
88471
88914
91194
94925
98588
98719
102013
102327
104688
106262
108611
111349
111538
113839
114408
115700
115701
115704
118292
118316
118340
119433
120117
121128
121208
121220
121368
121600
121927
122107
123627
124077
124112
124377
126154
126782
127767
130955
131130
131515
131976
137748
138696
139044
140044
140171
140979
141184
141530
142188
143272
143404
146674
147094
147995
148381
149211
152404
154830
155991
156711
156795
157695
158271
158466
158939
159307
159336
159349
161134
162074
162082
162223
163031
163065
163893
165076
166490
167504
167565
167924
173063
173874
174752
174895
176834
178192
179985
188163
189108
189845
192505
195572
197528
198666
200800
203504
205035
207496
208629
209180
209576
214070
214167
214293
214455
214469
215670
216266
216446
216971
217680
218199
220657
221794
221816
222802
223700
223719
224035
225827
227808
228280
231529
234134
234265
234532
234578
235413
235627
236058
236205
236458
237127
237614
237746
237814
238032
238233
238423
238829
239047
239053
239334
239535
239663
240054
240143
240215
240279
240453
240582
240614
240658
241027
241841
241946
242031
242553
242562
242634
243165
243571
243616
243828
243889
244152
244251
244282
244318
244428
244681
244696
245445
245909
246028
246305
246396
246868
246904
246976
247735
247973
250272
250646
250691
251275
251595
251607
251706
251875
252092
252269
252417
252514
252686
253441
253459
256001
257552
259586
260774
261159
261955
263149
263972
265598
266124
269882
271420
272109
272970
273038
275019
275619
275655
276465
276774
276828
277063
277442
277569
277832
277994
278146
278453
278716
278785
278808
280117
280251
280447
280627
280787
281098
282006
282515
282845
282961
284051
284340
284397
285307
285393
288461
289450
291766
291986
292745
292749
293510
293587
293622
293737
293978
294147
295054
295176
295226
295227
296075
296210
296785
297122
298544
299352
299547
301100
301220
302148
303613
304503
305060
308119
308453
308969
309588
310182
311662
311943
312476
312810
312822
313242
315200
315928
316953
317617
319449
320428
320699
320831
321269
322291
322834
324358
325154
325556
325759
325906
325916
327365
330726
330970
331396
331739
331767
332038
332204
332304
333311
333903
334457
334619
334854
334990
335022
335131
335150
335450
335512
335930
336062
336273
336314
336616
336851
337300
337605
337713
337974
338002
338123
338338
338592
339192
339273
339889
340248
340367
340567
340725
342252
343158
343286
343384
343444
345277
345655
345842
346052
346183
346854
347028
347033
347893
349152
349174
351008
351812
352501
353366
354616
354653
354678
354862
356244
356330
356419
356474
360085
360125
360334
360996
361317
361554
361890
362647
363242
363560
368259
368471
370377
372103
372751
374399
375422
376528
376902
383122
383712
384164
385416
386844
389302
392041
396453
396872
397026
398073
399674
399744
400049
400570
400673
402569
402708
404010
405305
406206
406408
407267
410282
411350
412631
413400
413719
414281
414696
415522
416033
416954
418607
420319
421060
422279
422819
422983
423121
425118
425177
425540
426744
426831
427078
429243
430329
431365
431808
432299
435377
436236
438526
439599
439990
440997
441695
442130
442880
443584
444538
445020
445126
445427
445566
445841
446053
446152
446713
446750
447543
447729
448253
448376
448590
448849
448908
449589
450088
450364
450742
450952
451324
451797
452149
452619
454985
455835
456049
456445
458136
458229
458994
459661
460086
460092
460863
460906
460975
462953
463079
463423
464159
464704
466869
467401
467436
468111
468341
469280
470271
470868
471009
472403
473258
473451
473676
473973
474042
474082
474369
474651
475078
475109
475202
475278
475331
475648
475854
476422
476460
476841
477283
477856
477878
478131
478277
478767
479056
479132
479319
480148
480469
482042
482218
482699
482785
483854
484682
485072
485253
486492
486589
486720
487497
487693
491589
492937
493227
494635
496195
497080
497314
501151
502572
502608
503725
503816
504211
504691
507141
507894
509110
509640
509788
509823
509907
509974
510040
510082
510560
510832
511294
511663
512104
512156
512174
512316
512969
514934
515087
515635
516671
518064
518523
518593
518650
518870
519494
519807
521247
521498
526556
530879
530883
531663
531814
532479
532922
533515
536397
540754
542333
542396
544878
545194
545683
545923
546827
547794
548476
553653
554178
554301
554302
555564
557606
558670
561873
562672
564270
564982
567746
568009
570281
570831
571702
572784
574821
576429
576639
577771
578080
578430
578828
578844
579287
579400
580509
580547
580621
581516
582095
582116
586287
586860
586901
587221
587283
587632
593658
594057
594822
595100
597835
599449
599772
600070
601986
602477
602545
602837
603259
603545
604151
606940
607351
607944
608467
608866
609957
610733
611221
611275
612200
612806
613428
613646
614299
614726
616047
616616
618042
618174
620237
622582
622745
623088
623142
624915
625490
625924
626140
626237
626956
627072
627393
627759
628394
629192
629194
629205
629410
632025
632257
633969
634403
635419
636132
636214
636705
638344
639355
640037
643069
643301
645269
646612
648016
649173
654297
655793
656644
658486
663739
663937
664012
664811
665149
665592
668260
668647
669642
669914
669942
672098
672699
673673
673687
673749
673854
674371
675018
675246
675405
676021
676316
677376
677940
680063
681795
682171
682433
684607
685997
686724
688106
692192
692949
692950
693133
693284
693494
694580
694743
697204
697880
698233
699739
699856
699883
699919
700180
700384
700645
702437
704133
704622
705837
709251
709733
709874
710175
710807
711688
711897
720100
720392
720795
721695
722576
722803
722842
723108
723134
728011
728813
729075
729171
729421
729678
729988
730024
730765
731027
732023
732397
732494
736501
736589
737167
737634
742194
742294
742398
743551
748142
748357
748494
748904
748925
749433
751842
752132
752258
752305
752680
756227
756956
759703
759753
759854
760126
760641
760963
761331
766890
767183
769081
769484
769676
771176
773956
780093
781240
783456
783859
784369
784609
785590
785957
787336
