3935
5220
5892
7331
8370
8977
9466
9985
16882
16924
17072
17386
17432
18401
19089
19599
20029
20542
20555
21070
21099
21217
21315
21633
21859
22543
22570
22612
22637
23254
23652
23825
24500
25172
25674
26584
27133
27152
27197
27515
27624
27699
27804
27995
28709
28756
28952
29022
29464
29529
29857
31582
31752
32422
34200
35160
35185
35939
36077
36784
36934
45009
46911
48596
48981
49753
52735
57767
58363
60886
60944
62209
63094
68961
70190
71959
73863
79084
79429
79980
80034
80162
80551
81227
81270
83555
84112
84231
84445
84466
84497
84946
85019
85217
85394
85792
86922
87075
87129
87168
87217
87553
87616
87651
87803
88086
88223
88799
88984
89296
90735
91693
91956
92624
93217
93332
94715
99019
101763
104470
107629
107843
110334
110847
111071
115753
116377
120836
121718
126680
126708
128440
129772
131029
134540
140236
141596
142061
142801
143760
143940
145471
145975
146021
146707
147172
147601
148096
149493
149577
154712
155032
155243
156931
157191
157957
160101
160572
160843
161175
161805
162033
162098
162508
162727
162909
163128
163201
163320
163845
164054
164857
165533
167622
169196
169734
170399
170826
170998
171114
172953
173972
174592
175249
175291
176595
177984
179587
180271
182821
186122
186150
186152
186471
186516
189013
189692
190457
191342
193187
194279
196293
196553
198838
199763
200452
201010
202767
205956
206122
206135
207107
208237
213795
216977
219320
224094
225139
230839
230968
231748
232502
232542
232555
233547
233654
234468
234616
235617
236017
236039
236173
236213
236229
236263
236305
236406
236505
236512
236545
236670
236682
236716
236737
236751
236874
236929
236990
237058
237064
237090
237154
237235
237246
237311
237428
237594
237662
237683
237706
237711
237784
237918
238030
238081
238152
238159
238198
238402
238540
238598
238623
238629
238714
238755
239225
239340
239343
239586
240075
240318
240605
240810
240899
240954
241035
241054
241152
241453
241512
241516
242326
243204
243358
243399
244017
246002
246501
246704
247404
248399
250019
250372
250383
251209
252828
254617
254866
259321
260059
260092
262736
265091
265454
265834
265853
267708
269377
270417
270538
271639
278055
285029
287801
288955
288997
292147
295396
296934
297815
298112
298187
298304
298423
298643
300787
300867
303949
307216
307510
307705
308154
308342
309035
309104
309416
309475
309608
309728
309798
311279
312652
313099
313178
313746
314010
314750
315884
315964
316383
316440
316584
316644
316761
316937
317651
318119
319972
320756
321228
321257
323198
324906
325594
325771
326204
326223
326819
326843
326917
327233
328263
329048
329498
329579
330244
331417
332408
333137
333483
334601
335158
336282
337653
337901
339330
339506
339630
340370
342314
343782
346743
347166
348144
352301
352341
357703
360372
360733
360826
361487
361693
363932
363937
364301
364900
364956
365468
365505
365812
367195
367531
368246
368897
368950
369128
373217
373395
373724
374105
374121
374454
375037
375089
375235
375301
375877
375913
376036
376531
378745
379725
380133
383070
385020
387172
388285
388914
390839
390983
391003
391241
395504
397450
397807
399206
399479
400644
401426
402542
403685
403803
405381
405422
405882
406087
406347
407003
410738
410774
411239
411743
412982
417219
417268
417442
418787
420192
423921
424733
427203
427944
428719
429860
430182
432068
433028
436387
436566
437381
438022
443240
443451
443568
443622
443645
443740
443797
443868
444355
444412
445189
445327
445345
445369
445495
445623
445683
445759
445835
445893
445912
446093
446116
446298
446417
446433
446448
446801
447009
447035
447371
447566
447606
447653
448182
448332
448397
448582
448643
448693
448889
449438
449586
449871
450116
450220
450354
450372
450839
451226
451349
451379
451394
451397
451410
451425
451449
451469
451490
451491
451521
451701
451940
452016
452025
452276
452337
