359
1121
1208
1325
1403
1588
2022
2907
3374
4402
4799
5178
8269
8842
9023
9478
10469
11750
11794
12463
12512
13031
13199
13453
14730
15173
15806
16354
17615
17627
18984
19263
20227
22058
22108
23145
23637
23656
23702
27296
29039
30201
35079
35581
37059
37429
37435
37792
41913
42200
42622
43940
44943
46434
46737
47910
48461
48629
50784
50839
51263
52019
52397
53123
53179
54518
54674
56465
58791
59172
59590
59638
60787
63726
64740
64822
64824
66451
66523
67723
67864
68006
68384
68698
69665
70839
72475
