1125
1156
1197
1330
1493
1602
1698
2212
2255
2994
3431
3460
3505
3893
4038
4303
4423
5174
5763
6126
6563
7025
7948
8124
9789
9804
10979
11174
11212
11256
11987
13370
14063
14533
15274
15737
15764
15806
16307
16616
17136
17267
17394
18320
19392
19698
19714
19808
20336
20911
21061
21329
21697
24175
25064
25142
29235
30495
30791
30921
31935
32535
34085
34663
36648
37920
37959
39487
39734
42114
42815
45556
46426
48027
48236
48258
48575
48702
48780
48941
50143
51047
51651
51949
51990
52196
52501
52686
52987
53806
53843
55628
58017
58129
58370
58975
59206
60199
63423
65650
66100
66356
66931
67286
67647
68353
69417
70302
71050
71115
71140
71203
71404
72715
73154
74347
75232
75603
76468
77469
79183
80587
81288
81505
81535
82692
84665
85229
85912
85955
86005
87470
88097
88557
88613
88829
89167
89311
89998
90281
90340
90499
90680
90822
91063
92715
93156
93408
94424
96775
97478
97539
97646
97722
97765
97944
97988
98460
98697
98765
98956
101190
101248
101278
101397
102815
103195
104221
104385
107081
107247
109435
109755
110006
112596
113819
115598
115695
117030
117261
117289
117999
118265
119994
120342
120730
121490
121865
122006
122341
122650
124199
125392
126483
127651
128083
128659
128750
130962
132235
134491
134798
135111
135213
136124
136519
138376
138620
139486
140492
141702
142699
144728
144953
146905
147598
147848
147998
149739
150785
150881
151246
151453
152264
153656
155093
155278
155405
155727
157773
158310
159117
159647
159868
160186
162189
162758
163860
165027
166018
166131
166345
166849
167044
168440
168545
168614
168686
169633
172717
172822
173728
177819
177843
178613
178854
179384
179465
182209
183319
183631
185484
186034
187316
187940
187969
187980
188730
189751
190005
190076
190281
191501
191557
191627
191971
193105
193727
193882
193886
198874
200214
201163
202616
203075
203326
204144
204357
204807
204978
205738
206185
206377
206983
207171
207754
208028
208643
208745
209570
209805
210205
210906
211977
213068
213242
213292
214020
214112
214656
215122
215199
215499
219427
219814
220561
222546
224827
226516
227231
227389
228591
231669
233331
233660
234788
234801
235229
235491
236018
237067
237174
239057
239215
239753
243205
244103
244631
244753
245252
247163
247591
248507
249066
249074
249190
249522
250410
252214
252439
254806
255293
255820
255898
256173
256530
257060
257769
258137
258142
259998
261001
261450
261539
261963
262156
264453
265109
266542
267962
269366
269527
270146
271279
272760
273622
278909
279264
280506
280674
281429
282541
282873
282988
283008
283398
285968
286949
289011
289976
290173
291399
291625
291685
291895
292569
292628
293093
293269
293330
293473
293524
294435
295852
296531
298014
299615
302194
303014
303382
303427
303797
306133
306809
307633
310465
310750
310927
311585
312669
313619
314856
315093
315363
316396
316970
318384
318588
318716
318905
319373
319383
319803
319831
321883
322178
322671
322717
323433
323500
325979
326940
327158
327818
329393
329531
329848
330169
333268
334407
335859
336251
336670
336979
337097
340175
340422
340596
343081
344283
344578
345420
345607
345888
345905
346584
346776
347780
348603
348785
349853
351658
352900
354128
354236
354703
356020
356678
357439
358245
358410
358532
359050
360213
361282
362460
362492
363232
363901
365791
366187
366188
366259
367581
367944
367949
368865
369068
369841
371416
371740
371899
373002
375686
377302
383082
383521
383778
384871
385627
386397
387055
391848
392632
393414
394471
395650
396511
399327
399660
400580
400667
401950
403348
404435
405499
406093
407178
407291
408617
408778
409514
410832
412401
413598
414362
414696
415372
417217
418223
418801
420709
420820
423216
423614
423661
423907
425407
427912
428042
428925
429287
431233
432049
434607
434850
436446
437679
441490
441819
442111
446094
447379
449944
451738
452558
454170
454502
454916
455198
457387
457422
460052
460673
461207
461683
464093
464507
466139
466627
468849
469452
470202
470319
470674
470923
471244
473209
473860
474443
474693
474970
475090
475140
475878
476469
477103
477489
477508
478961
479383
481258
481410
481654
483156
483319
483441
483741
483963
484795
485449
486960
487674
489081
489324
489765
490232
490703
491357
492426
492870
493234
493494
495764
497953
498243
498470
498694
499450
503552
503739
504990
505030
505866
506326
507380
507824
507986
508118
508343
509411
516123
517503
521279
524336
526844
527751
529164
533953
534753
535207
536313
538942
539335
539739
540100
540183
540610
541503
544184
545320
546898
548179
549118
550086
551327
553380
553988
555942
556052
556283
562741
564475
566379
567560
568539
570030
570691
571923
574222
574467
577240
577849
578322
579522
579568
579904
580683
582061
584377
586671
587466
590213
593025
593690
595920
595972
596424
596844
596928
599337
600743
600843
601765
602111
603791
603938
605238
605621
606127
606450
606722
607104
607939
608019
609049
609115
609474
609822
611354
613185
616267
617346
617807
619286
619952
620107
620487
621804
623208
623246
625620
626437
628418
629167
629525
630259
632037
632349
633258
633592
633725
634522
637033
637603
638115
638703
640302
641002
642377
643173
644351
644622
646132
646163
646723
646989
648701
649710
651193
658109
659035
659764
664638
665425
666087
666273
666745
674390
674427
678942
682497
683159
686341
686653
692702
692884
696182
703410
704994
705565
706793
706823
707202
709443
709968
711539
717243
718425
718500
719673
719919
721816
721873
722263
723361
723534
724618
726233
727729
729604
729718
732041
732339
733806
734017
734268
734730
736098
736126
740212
740909
741404
743523
743651
746414
746806
747328
751998
753155
755282
755668
756029
756886
759102
762291
763884
764217
764861
768223
768246
768624
769366
769524
769951
772800
773168
773310
773575
776074
776108
777561
778449
780056
781173
781231
782372
784477
787307
788538
788918
789281
790838
792181
792595
793770
794343
795023
799603
799763
800027
801281
801407
802781
804027
810360
813169
814378
814747
815197
815523
817146
817586
817786
818342
821118
821598
822562
825747
827522
828189
828791
828877
829809
830254
830425
830512
831054
831474
831917
832694
832956
833039
833492
833656
833685
834102
834232
834277
836149
836551
837699
840290
840568
840792
841533
841955
842793
843020
843265
845055
846691
846749
848632
849077
849789
850724
850937
851222
851281
854521
854715
854761
855441
856628
857208
858340
859590
860440
860880
861037
862747
863075
863540
864239
864497
864733
866949
867343
867552
868077
871313
873685
876757
878176
880246
880728
882912
884424
886071
888030
888749
890051
890669
891248
892088
892497
894778
895242
896132
897992
898997
899230
900985
902026
903832
903880
907600
908419
910123
911055
914186
915312
915470
919531
921452
922737
925077
926768
927642
928467
931155
933488
934651
943540
944887
945862
949192
949358
953901
957362
958374
961780
962232
963865
966118
966146
966823
967203
967441
967523
969485
969737
971343
973305
973704
974042
974916
976715
979099
982269
982275
982311
982365
982709
982787
983005
984558
985853
987306
987659
989275
989460
989499
989912
989968
990302
990756
991153
991649
994645
995457
995532
996061
997144
997445
998505
998614
998861
999203
999290
999911
1000624
1000953
1001336
1001378
1001478
1001515
1002033
1002557
1002618
1003114
1003322
1003501
1003772
1003926
1004052
1004225
1005351
1006886
1006979
1007264
1008784
1010031
1012080
1012490
1012635
1013435
1013989
1014038
1015517
1015963
1016045
1017229
1017343
1018237
1019028
1019249
1020222
1021738
1022321
1022351
1022419
1024572
1024736
1025138
1025187
1026505
1026817
1027193
1028861
1028877
1030926
1031050
1031879
1034497
1036450
1036850
1037404
1037454
1038285
1039178
1039331
1040927
1041678
1042123
1044182
1047591
1048044
1049289
1050162
1053231
1053351
1053640
1054389
1055684
1061605
1067098
1067973
1069146
1071852
1072741
1074300
1075071
1078314
1083939
1086413
1090855
1091829
1093342
1099643
1099991
1103917
1104892
1106578
1108573
1109844
1111731
1113025
1114763
1115294
1122440
1122547
1123816
1124044
1132591
1134454
1137583
1139083
1140342
1141486
1145268
1145889
1146168
1148172
1149255
1153277
1154357
1154748
1155162
1155378
1156266
1157665
1160349
1162524
1164720
1166213
1168318
1168804
1172680
1180336
1181350
1181630
1183145
1184934
1188022
1188164
1188325
1189220
1189735
1189902
1190525
1194303
1194338
1194391
1198793
1200676
1202216
1205531
1210841
1211016
1211949
1213384
1215951
1217483
1218210
1218438
1219674
1220289
1221175
1222585
1223372
1224949
1231728
1233780
1235848
1236843
1236937
1237033
1241477
1242663
1246238
1249370
1249518
1250991
1251142
1251938
1253213
1253944
1255256
1255577
1255643
1256892
1257102
1257514
1257998
1262397
1262432
1262905
1262954
1264372
1265479
1266709
1269566
1270320
1271845
1272066
1272328
1273474
1273809
1274755
1274811
1275374
1276403
1276723
1276858
1277726
1279618
1281668
1283066
1283086
1283615
1285961
1291747
1292967
1295061
1295133
1296780
1298309
1299250
1299857
1300704
1301049
1303135
1309591
1310081
1311304
1313041
1315425
1316291
1316530
1316697
1317261
1317262
1317407
1317869
1318493
1319425
1321028
1324132
1324219
1325149
1325371
1325833
1326657
1326665
1327786
1327854
1330743
1331234
1334679
1336988
1337405
1337942
1338877
1339050
1339566
1341014
1341155
1342887
1343758
1344000
1345701
1347041
1347060
1347115
1347730
1347850
1347855
1347934
1348391
1348691
1348824
1351713
1351779
1354362
1354922
1355141
1355675
1356327
1358204
1361030
1363622
1364159
1364603
1365403
1365586
1366588
1368307
1368413
1369064
1372146
1372467
1373725
1374069
1374490
1375134
1376995
1378546
1378887
1382134
1383549
1387316
1390049
1390917
1391112
1392727
1393270
1393917
1397342
1398770
1398927
1399550
1400748
1401425
1401508
1402916
1406805
1410322
1418043
1423630
1423713
1426583
1427127
1427305
1427800
1428727
1430429
1434564
1436452
1438120
1441811
1453385
1456747
1457626
1462711
1462889
1465776
1466350
1466493
1468703
1470222
1472073
1473243
1474540
1477030
1477114
1480107
1480756
1481482
1484188
1485675
1487840
1489244
1491112
1493376
1493773
1494740
1494843
1496089
1497300
1498311
1499180
1499902
1501900
1502877
1505200
1506427
1506490
1507049
1507712
1510832
1511048
1512348
1513877
1519907
1520052
1521566
1523481
1525762
1526904
1528386
1529720
1529977
1531325
1533519
1536174
1536277
1537267
1540323
1542523
1543852
1544411
1544515
1545257
1546544
1548359
1551227
1555678
1555992
1557380
1562159
1563003
1566096
1567160
1571808
1572546
1574698
1575670
1575672
1576990
1582809
1583911
1589440
1592463
1594723
1594775
1597126
1597809
1598387
1606368
1607735
1607968
1610077
1610147
1615372
1616581
1616718
1616936
1619195
1622399
1623744
1630464
1636676
1637299
1637473
1640153
1641559
1644632
1645528
1648994
1650856
1652748
1653197
1653430
1653971
1656179
1656970
1657580
1659900
1661259
1662059
1662072
1662189
1663494
1664091
1664216
1666959
1667242
1668944
1669514
1672790
1673456
1673487
1674861
1676734
1677229
1677276
1677933
1679052
1680864
1681065
1682442
1684018
1685551
1685598
1685750
1686714
1688013
1688935
1689329
1689648
1689714
1690488
1690736
1691905
1692085
1692904
1692912
1693738
1693947
1694019
1694123
1695141
1695393
1696189
1696583
1697414
1698833
1698916
1699003
1699276
1700379
1700537
1701183
1701810
1701814
1701862
1702632
1702994
1703427
1703543
1704158
1704430
1704918
1705892
1706676
1706929
1706970
1707204
1707265
1707582
1707832
1708101
1708246
1708610
1708663
1710824
1711032
1711487
1711582
1711789
1712597
1713946
1715105
1715277
1715509
1716501
1717374
1717435
1718243
1718270
1719084
1721650
1722979
1723206
1723271
1723318
1724928
1725348
1725937
1726161
1726242
1727524
1728323
1728812
1728818
1729374
1729604
1729610
1729963
1730103
1730644
1730773
1733044
1733921
1734810
1735122
1735871
1738411
1740309
1741325
1741791
1742594
1743268
1743337
1743431
1744047
1746645
1747113
1748867
1750133
1750795
1751453
1752450
1753029
1753923
1754169
1754408
1754510
1756964
1757035
1757185
1758063
1758776
1758811
1759164
1759328
1760746
1760768
1760866
1761576
1761699
1761709
1762338
1762419
1762807
1763228
1763443
1763591
1763851
1764118
1764675
1764804
1765255
1768172
1768370
1768916
1769075
1769197
1770508
1770631
1770721
1771512
1771767
1771818
1772377
1772387
1773092
1774066
1774212
1774369
1774830
1775009
1775211
1775565
1775695
1775963
1776207
1776561
1777087
1777405
1777619
1778007
1778321
1778663
1779138
1779215
1779262
1779651
1780046
1780470
1780477
1780954
1781162
1781612
1781821
1782166
1782913
1782954
1783130
1783216
1783409
1784074
1784115
1784691
1784911
1786344
1786727
1787508
1787584
1787702
1788336
1788527
1788834
1788970
1789753
1790860
1790906
1791235
1791813
1792282
1792802
1793151
1793255
1794276
1794429
1794691
1794715
1794926
1795489
1795731
1795773
1796082
1796541
1796592
1796765
1797023
1798347
1801596
1801765
1801997
1802344
1802500
1804084
1804197
1804787
1805804
1807174
1807746
1808616
1808827
1808917
1810114
1810734
1811270
1811536
1814855
1815964
1817810
1822554
1822729
1824179
1825053
1825101
1828563
1829167
1835410
1836099
1841367
1844226
1844776
1845737
1846073
1847187
1847505
1847881
1849350
1853927
1856623
1859275
1860272
1860658
1863443
1865620
1867371
1869022
1871463
1874809
1876798
1885089
1889480
1889756
1891719
1892904
1898542
1900017
1900921
1901502
1910493
1912873
1914021
1915653
1915719
1918647
1924513
1924954
1926133
1927340
1934954
1935109
1942038
1943604
1947423
1948404
1948920
1951020
1952298
1953256
1955349
1955620
1956460
1959143
1960321
1965811
1968179
1969042
1970150
1970553
1971811
1972081
1972666
1973710
1975056
1977109
1978751
1980844
1982665
1982876
1982937
1984163
1984260
1986764
1987862
1990454
1991271
1991825
1992306
1993684
1995280
1997198
1997732
1997814
2000902
2002204
2004815
2007556
2008480
2008763
2013591
2015763
2016736
2020659
2021591
2026738
2027030
2027125
2028553
2028594
2030415
2031130
2032342
2032507
2032932
2033834
2034630
2035028
2035736
2038193
2038718
2039098
2039148
2040127
2040135
2040976
2041625
2048779
2051558
2053658
2056065
2056162
2059780
2062627
2063510
2064109
2066826
2068676
2069219
2069237
2069448
2070878
2071046
2072396
2077233
2080378
2082580
2083855
2085557
2085756
2086580
2086953
2087262
2087383
2089367
2089374
2089939
2091516
2093442
2094350
2094586
2101897
2101909
2102285
2103101
2103210
2104310
2111104
2115033
2117630
2117925
2118160
2119640
2125731
2127175
2127348
2128786
2130111
2131169
2134715
2135568
2135636
2140782
2142959
2144072
2144478
2144888
2144911
2145166
2145177
2147804
2148378
2149042
2149507
2151266
2152166
2155342
2155804
2157227
2159706
2161222
2163556
2165355
2167007
2167596
2170959
2174886
2175487
2177588
2177970
2178756
2179095
2180698
2182231
2185778
2188265
2188371
2188872
2188966
2189850
2192717
2194729
2195858
2198887
2199328
2199879
2200054
2201187
2201423
2201732
2202924
2204071
