85
1228
3789
6629
9161
10235
13857
14690
16618
17385
17455
27294
28119
28356
28804
29209
40856
42880
43399
55493
56605
59150
64314
66086
69682
75530
76982
79932
80445
85187
90510
91441
99989
111359
113469
113694
114849
116238
116871
117107
117953
122544
122605
124628
127375
129033
129677
135227
136630
145311
146726
150690
151210
151274
151949
152520
153007
157870
160467
162136
162994
163930
166058
166727
168231
178210
181287
185091
185135
185559
188459
189567
190177
191131
196416
197357
208077
210979
213172
213909
216102
216951
218329
218579
222449
232216
235778
237199
237434
237664
237881
237908
238658
242519
245030
249499
250143
253014
254272
256854
260983
261073
262201
266546
270259
270518
283166
284632
290251
295514
299535
304251
307576
311818
312378
315653
317096
321123
321409
323304
324245
328662
329878
330238
330700
332575
334539
335067
339324
341837
342282
342770
345087
346352
346762
348395
348853
352367
353478
360914
362092
364246
364759
365422
366450
367041
369190
372529
375933
376242
378626
379140
381752
382344
382409
384215
390260
391056
392878
397565
401160
401486
404371
417782
419480
419547
419831
422835
425789
426969
434307
436014
436998
439625
443673
444414
445008
445371
448358
452012
454294
454773
455062
455806
456110
459134
461335
463224
464762
468168
473711
475007
477691
484303
486751
487579
488555
492478
495292
502956
503928
509441
511977
515543
523921
532310
534618
537761
540530
542084
548686
553556
554081
554855
555048
556708
561392
564468
567557
568395
571709
572223
572489
574559
575317
578296
578565
578837
580956
584937
588429
591142
597753
605869
609910
615859
623108
624405
626487
626824
633785
642356
647465
647793
649676
650453
652166
656989
657229
658445
658954
660216
660355
661592
664575
665039
667000
671828
674809
676455
677995
684194
684906
688194
692355
692629
705713
708738
709248
712003
713588
713990
721532
728090
729957
735261
735827
737787
737890
739282
747461
748378
754690
761331
763265
766188
766479
772423
773490
773986
774344
774617
783380
784244
787148
788052
788112
792234
795805
796382
797768
799987
802895
803839
804417
807723
813924
820195
822203
822598
826515
830222
832384
833299
837169
838880
839493
839956
841023
843844
843845
846216
847268
849254
849310
849788
850026
854171
854396
855861
859062
859739
860075
861119
865289
866564
876150
878232
878912
879363
884958
886911
887935
896133
899434
900922
907345
912788
915201
916333
916732
918169
927702
927768
930175
932939
934436
938452
939369
940817
942690
942754
943218
944245
948213
949830
951378
952362
959157
963633
964268
968542
972616
976380
977421
981177
981213
981324
981683
985612
986958
988967
990899
991197
991506
994198
995363
997700
1001091
1001153
1001896
1007919
1018474
1020842
1021468
1023734
1029758
1033908
1037848
1054540
1054899
1056094
1056299
1062509
1064729
1067763
1075283
1081542
1084421
1086252
1087172
1087550
1087908
1091733
1098263
1103336
1106124
1108755
1115190
1117179
1119819
1120902
1123640
1123744
1124598
1126183
1126943
1129551
1129989
1133046
1145855
1147396
1149613
1161509
1164426
1169793
1170218
1170527
1172469
1175431
1182219
1186235
1187516
1191070
1194770
1196838
1203325
1207898
1209045
1213069
1213273
1214038
1215895
1218554
1219509
1222652
1222732
1227547
1230330
1230721
1232517
1237152
1240033
1240276
1242706
1244842
1246272
1255799
1255914
1260334
1261409
1262171
1262268
1262973
1265785
1266911
1270629
1275358
1275450
1283066
1283891
1286907
1289078
1290190
1290393
1293904
1296558
1298692
1300108
1307331
1308027
1308737
1310585
1313869
1314007
1314272
1317468
1319649
1319763
1320400
1321419
1322837
1324407
1326872
1328084
1330091
1332314
1333582
1333798
1334529
1340322
1349382
1351751
1356020
1356072
1358559
1360502
1360976
1363160
1363641
1364445
1364662
1364735
1369724
1369849
1373757
1374757
1376013
1377257
1384840
1395315
1398831
1402029
1403437
1404766
1405490
1407134
1407463
1408470
1410968
1420136
1421904
1422558
1423112
1423900
1424584
1427154
1427254
1428325
1433627
1433732
1435820
1436388
1440161
1445413
1449145
1449684
1451371
1456735
1458406
1461880
1463072
1475391
1475412
1476266
1480437
1483053
1487078
1488930
1495081
1496482
1500724
1502733
1506249
1506764
1506966
1509849
1511116
1513128
1514031
1516834
1522718
1523232
1523921
1526619
1527601
1528197
1532352
1533033
1535148
1535269
1541486
1542560
1547967
1550246
1556441
1560633
1566987
1567816
1569219
1577669
1578682
1582025
1582991
1589182
1589987
1590389
1594156
1594158
1597915
1599875
1607560
1610137
1611018
1616939
1617218
1619782
1621054
1624650
1625985
1630017
1630799
1636119
1636894
1638841
1643283
1644203
1645854
1649488
1653554
1653680
1655655
1657517
1658040
1659143
1659676
1663098
1664427
1679610
1680329
1681984
1682777
1684732
1685030
1688447
1698546
1703990
1706597
1714076
1714771
1717121
1723424
1727628
1727993
1730532
1731024
1732888
1740314
1745822
1748874
1751026
1756548
1761176
1761384
1763635
1772758
1778603
1781869
1782267
1785986
1788093
1791995
1793480
1796329
1804673
1806092
1807663
1809544
1813674
1816655
1817488
1833881
1836976
1839748
1842923
1843566
1846252
1847836
1848430
1855246
1856418
1861845
1880264
1883173
1889785
1890647
1896058
1896220
1898082
1898339
1901690
1903725
1912423
1915462
1916991
1924203
1927475
1932697
1933685
1937605
1938325
1940333
1944109
1944395
1945052
1945753
1948490
1949263
1951590
1952682
1953189
1959357
1966828
1967769
1969776
1972127
1972588
1972678
1978458
1981221
1983801
1987240
1988608
1992813
1994575
2000082
2008925
2014016
2017331
2018588
2018675
2019509
2020461
2027189
2027697
2028335
2029080
2030708
2031305
2034192
2034550
2039162
2039591
2045958
2049450
2056257
2056789
2057180
2057273
2061050
2062248
2063485
2067725
2069206
2071586
2076579
2081043
2081776
2086442
2088665
2097693
2106384
2111014
2111368
2132080
2134200
2137443
2142961
2143412
2146941
2158457
2158569
2158578
2162210
2162740
2163379
2165217
2167425
2174925
2175252
2178175
2178248
2179169
2179215
2179745
2181575
2181760
2189304
2189841
2192602
2192819
2193348
2194819
2198266
2204170
2219866
2221568
2228708
2231684
2237573
2238267
2239159
2239775
2240784
2243662
2244980
2245885
2252155
2253922
2258058
2261585
2265702
2272162
2273016
2273792
2274241
2274739
2277530
2280441
2281546
2284839
2289416
2291154
2292542
2296411
2300115
2301973
2302405
2304547
2311418
2313427
2314466
2316374
2317053
2319421
2321652
2323458
2324189
2328853
2335903
2338013
2344933
2347623
2347716
2360822
2361526
2362151
2365570
2376513
2380346
2380791
2381419
2381474
2382776
2390271
2392001
2392047
2392614
2393811
2394180
2394951
2396486
2400214
2413348
2415948
2418422
2419161
2422900
2422937
2430321
2432951
2436523
2443761
2444042
2445006
2446266
2450077
2459763
2463597
2467296
2474108
2475122
2476319
2479821
2480389
2480802
2482484
2487707
2493385
2497827
2501090
2502592
2504501
2506822
2507660
2510999
2511342
2512561
2517622
2517848
2518651
2519436
2531984
2536232
2536623
2536646
2540552
2547139
2547625
2550824
2552184
2554732
2563790
2564420
2564704
2567371
2573304
2573355
2584075
2598358
2599619
2599633
2603674
2605321
2609793
2610525
2616664
2617183
2617327
2617432
2620768
2620960
2622756
2622778
2626870
2628468
2628543
2638918
2640040
2642334
2645063
2654445
2655490
2658037
2659904
2661596
2662018
2663607
2665183
2666942
2669427
2669874
2672302
2674330
2676250
2678821
2682837
2694434
2698857
2701439
2706031
2706269
2707278
2717664
2719864
2720169
2724885
2731801
2737555
2739340
2742297
2749211
2751989
2752011
2754394
2754738
2760053
2766892
2768764
2768925
2773342
2773698
2775440
2777168
2779380
2780788
2782707
2783052
2784587
2786260
2787288
2787723
2791200
2794334
2795957
2800430
2801418
2804323
2805662
2806393
2806748
2811726
2818144
2819671
2820287
2827654
2833768
2848108
2848714
2849544
2854818
2859719
2861067
2866313
2868688
2871326
2877457
2883009
2885447
2887219
2887879
2899663
2903241
2903754
2908027
2909612
2912259
2914711
2916806
2918295
2931695
2933663
2935072
2936112
2938213
2938338
2938669
2938678
2944919
2945949
2947935
2949334
2951784
2961440
2961555
2963380
2964906
2972159
2972529
2974807
2975297
2977938
2978562
2979089
2979451
2982624
2983437
2983555
2994374
2994839
2994971
2997464
3001061
3001368
3001411
3002882
3009732
3010279
3012397
3014135
3018427
3022436
3025879
3026418
3029393
3030666
3030798
3034862
3042871
3045097
3054195
3054303
3062788
3065394
3066399
3075368
3082978
3083520
3089514
3097756
3102056
3111210
3111915
3115375
3116613
3120769
3125218
3127758
3128028
3128364
3128456
3129936
3133609
3136487
3137109
3137393
3142269
3142954
3143468
3149782
3151802
3159541
3160887
3162644
3162800
3164450
3166088
3170438
3171252
3172999
3174109
3174146
3178949
3179216
3179928
3181324
3181512
3185848
3187153
3187385
3190519
3192899
3196811
3197425
3197709
3197975
3202023
3204365
3205286
3207231
3207385
3208607
3209590
3210831
3211377
3214768
3217253
3218961
3220860
3221434
3222990
3230175
3230651
3237521
3241794
3243157
3244016
3245493
3248102
3250267
3255395
3261040
3262583
3271667
3273657
3276169
3276894
3278025
3279874
3281625
3282043
3282096
3286181
3289642
3293037
3294312
3295568
3298890
3300514
3302980
3304112
3305544
3307583
3311366
3313938
3318563
3321607
3324604
3330990
3331798
3332667
3335311
3336709
3339130
3340454
3341197
3342189
3342478
3344780
3347350
3348048
3350780
3353133
3355829
3358599
3360603
3360809
3364967
3370337
3372224
3375456
3377848
3378453
3385027
3388731
3390900
3392381
3393464
3396241
3399052
3399645
3400248
3403925
3404397
3411392
3411560
3415130
3419290
3422138
3425138
3428708
3430297
3431396
3435542
3438385
3439061
3441287
3444654
3445516
3446133
3447132
3448468
3450430
3452351
3452393
3453218
3457079
3458266
3459108
3460513
3462553
3464928
3467675
3469712
3469786
3471753
3475458
3486266
3486706
3491843
3495828
3499646
3502783
3504823
3506049
3508186
3508352
3511120
3518530
3519784
3519820
3520892
3524314
3526708
3528793
3534360
3534681
3538088
3539315
3539461
3541331
3541691
3544780
3545712
3545767
3549405
3557156
3558970
3560268
3563844
3564414
3567092
3568261
3568750
3572450
3578289
3578876
3580121
3581324
3584743
3587100
3587887
3588890
3594215
3595779
3597516
3598581
3600723
3602015
3603156
3604052
3607074
3609710
3610816
3620228
3621906
3622957
3623145
3631267
3632604
3636151
3637112
3638076
3639724
3640496
3643310
3644166
3646058
3646274
3651253
3654926
3658039
3658492
3663611
3663957
3666853
3667825
3668960
3675423
3676700
3677325
3680049
3681428
3686930
3686992
3688173
3690241
3690825
3692072
3695753
3696243
3698120
3702301
3707327
3709359
3709663
3710991
3716062
3718309
3720855
3725765
3727810
3729330
3735919
3738773
3743194
3752143
3752753
3755903
3761582
3761648
3762152
3763594
3767361
3775070
3776833
3778434
3778837
3782835
3788812
3790842
3791110
3792526
3796013
3797222
3797398
3798785
3799439
3801104
3803790
3806469
3808118
3809637
3811502
3814044
3814840
3818167
3821913
3827287
3831031
3833393
3837089
3845900
3846903
3853358
3855177
3857212
3857993
3860449
3866857
3867870
3870639
3871584
3871832
3872521
3874967
3877280
3880518
3882501
3882504
3885604
3885762
3887560
3887667
3896326
3899290
3901839
3903685
3905607
3906162
3911059
3916899
3921623
3921843
3927800
3928570
3929047
3931073
3940469
3942689
3946205
3951804
3952774
3954772
3956077
3957644
3958404
3959311
3962919
3963191
3964838
3969579
3970259
3971519
3976723
3981663
3982301
3983652
3984847
3985531
3991494
3993572
3994257
3994998
3995199
3995565
3995597
3998695
4000727
4002018
4007396
4007454
4009840
4010344
4029456
4032004
4032789
4034339
4035143
4039046
4045587
4050605
4052024
4052434
4053797
4056514
4058640
4063371
4068706
4069898
4071510
4074816
4078112
4078898
4079442
4081084
4083664
4084112
4087642
4088913
4090303
4091376
4092569
4098205
4099056
4102462
4102852
4112706
4112822
4112943
4113052
4115652
4118640
4119607
4119921
4121607
4129426
4131882
4140073
4141042
4141158
4145294
4145304
4146541
4148226
4149243
4152081
4154501
4155964
4157299
4162196
4165681
4166791
4169062
4170256
4172619
4173817
4174273
4179736
4181090
4181371
4182400
4182654
4187683
4188383
4188454
4191673
4193300
4194119
4194987
4201050
4203808
4207610
4207673
4209748
4211476
4212451
4212870
4214844
4217471
4218047
4218407
4221127
4221609
4222233
4223775
4225527
4227321
4227455
4228731
4232419
4235276
4237037
4244998
4245223
4247065
4249063
4249180
4252295
4252445
4254743
4261542
4262372
4264677
4266201
4269070
4269200
4271643
4271678
4272988
4273987
4274189
4278934
4281650
4282458
4287162
4288352
4288669
4289242
4291240
4291538
4293973
4295289
4295404
4296020
4296099
4297404
4299552
4302569
4305037
4305186
4307519
4309160
4310824
4311939
4314672
4317592
4317749
4319120
4325636
4332798
4333575
4333706
4336693
4337406
4337461
4338445
4339058
4343493
4344482
4345099
4348167
4348954
4349347
4354129
4358306
4359844
4363272
4364454
4364846
4366030
4366514
4368639
4370934
4371977
4375564
4376093
4378910
4383412
4384638
4389362
4390940
4392318
4394232
4394235
4403199
4409332
4409996
4410176
4416124
4419468
4422831
4424047
4424226
4430265
4431284
4434392
4435493
4440253
4440391
4446742
4449135
4450608
4451654
4455902
4456692
4456757
4460353
4460407
4460500
4463370
4466480
4467338
4469017
4470137
4471604
4472350
4474403
4475795
4478673
4479513
4483931
4485588
4487195
4490266
4492958
4494225
4494481
4495467
4498623
4500225
4500590
4502172
4506003
4506650
4513157
4513267
4516069
4517757
4519142
4521581
4523344
4524763
4529798
4530146
4531331
4531338
4532076
4532970
4535371
4536428
4536755
4542947
4543665
4547982
4550430
4550483
4554594
4555326
4556634
4556872
4559273
4560074
4560672
4561502
4564165
4564623
4565196
4565445
4566328
4566719
4567574
4567857
4572816
4574998
4575235
4577666
4579531
4580457
4580999
4586166
4586371
4588165
4589556
4592722
4593190
4594929
4596415
4596839
4597102
4603815
4604757
4608885
4609348
4609802
4617590
4620552
4620707
4622630
4624111
4627746
4628262
4629072
4630134
4631913
4633067
4636753
4639880
4640677
4648345
4648457
4651205
4652003
4652849
4655937
4655943
4657160
4663495
4663736
4663886
4664649
4667553
4667691
4668759
4669334
4670337
4680279
4681077
4683193
4685944
4691947
4694438
4694539
4697326
4701137
4701190
4702906
4704642
4705062
4706410
4710559
4711221
4711759
4718872
4723696
4725129
4725764
4727852
4731440
4732550
4732691
4733756
4737798
4738304
4740273
4740388
4740464
4740504
4742585
4743198
4743514
4747885
4748249
4749225
4751411
4757860
4759847
4761193
4761740
4764799
4765915
4766126
4768259
4768648
4770745
4772278
4774644
4778517
4779436
4779882
4786416
4786850
4790743
4793847
4799857
4800853
4801105
4803569
4805334
4809115
4809951
4811064
4812062
4813551
4820463
4824992
4827825
4829750
4833909
4834708
4835576
4837152
4837292
4838388
4839328
4841124
4844176
4845461
4846553
4846970
4847517
4848086
4851597
4854639
4856773
4856792
4858134
4860120
4861433
4862614
4863624
4870618
4870766
4870984
4871603
4873141
4873996
4876805
4877624
4881399
4882501
4884724
4886666
4889414
4890868
4891379
4891522
4891746
4892385
4893310
4894035
4897039
4899067
4902619
4903084
4903469
4904871
4907357
4910149
4912674
4912967
4913125
4917615
4918231
4919809
4920423
4921400
4922970
4923199
4923517
4929456
4930056
4931482
4933703
4935716
4938526
4940127
4940397
4941715
4942591
4942787
4944233
4944285
4944814
4944878
4945610
4946205
4950381
4951243
4951848
4954287
4955091
4955290
4958309
4958886
4959166
4961056
4961384
4964955
4966623
4968319
4969201
4969952
4970341
4972167
4973282
4973956
4974526
4976444
4976687
4979153
4979673
4980749
4981091
4985919
4986936
4988018
4988050
4988077
4988123
4988133
4989111
4990061
4990600
4995569
4995743
4996671
4997076
4999216
5002949
5005328
5005944
5006086
5006437
5007699
5008139
5008189
5009211
5010877
5011436
5012776
5014889
5015106
5015358
5015958
5016743
5016864
5017492
5019128
5022473
5023260
5023887
5023905
5025480
5025650
5025878
5025884
5026279
5027236
5027825
5029079
5032229
5033067
5033132
5034025
5036243
5036637
5038169
5038475
5038874
5039937
5040324
5041691
5042178
5043456
5043984
5044877
5045306
5045326
5045753
5046837
5047652
5049893
5052590
5052603
5053432
5057852
5058068
5058073
5058827
5059232
5059443
5059693
5061148
5062543
5064038
5064670
5065172
5065544
5066092
5066782
5067013
5068937
5070998
5072343
5074215
5075198
5075753
5075953
5076267
5076626
5077816
5077842
5078075
5079797
5080048
5082229
5082761
5082900
5085275
5085305
5085877
5086047
5086326
5086471
5087998
5088970
5089677
5091177
5091626
5096147
5096988
5097421
5099022
5100091
5100321
5100340
5100708
5100725
5101450
5104715
5106686
5107704
5108316
5108423
5109062
5109831
5113606
5114693
5116888
5119067
5120487
5120561
5121011
5126423
5127722
5128832
5132178
5132599
5132687
5133374
5133793
5134610
5134835
5135091
5135327
5135431
5136867
5137981
5140170
5140503
5140612
5144352
5145058
5145100
5145779
5146264
5147654
5147910
5148796
5149317
5149536
5150633
5153863
5153934
5155522
5155838
5156138
5158075
5158815
5159310
5159665
5161489
5162325
5163029
5163538
5164966
5165828
5167128
5167350
5167601
5167643
5168335
5168585
5169193
5169406
5169650
5171759
5172298
5173088
5173163
5173653
5175612
5178183
5178523
5179597
5179777
5180091
5180964
5181254
5181684
5182938
5183450
5183740
5185363
5185889
5186554
5186656
5187361
5188852
5189278
5189481
5191880
5195304
5195868
5196527
5197565
5198145
5198926
5201323
5202099
5202125
5202484
5203689
5204387
5204718
5204977
5206440
5207106
5207995
5208204
5208452
5209409
5209863
5210081
5210428
5212940
5213790
5213835
5213952
5213970
5214443
5214698
5216507
5217575
5217938
5219937
5220307
5220755
5220889
5221424
5221992
5224648
5224673
5225015
5225060
5225426
5225852
5226101
5229017
5229721
5229952
5231664
5234024
5234609
5235263
5236355
5236495
5237075
5237929
5238548
5239911
5241094
5242040
5242952
5243023
5243202
5246574
5247271
5248411
5248415
5249303
5249332
5250930
5251543
5251614
5252769
5252770
5253248
5253768
5254189
5256796
5258648
5259452
5261721
5262638
5264071
5264779
5269023
5269882
5270801
5271314
5273681
5273970
5274431
5274642
5276505
5277511
5280558
5280622
5280945
5281790
5282318
5282645
5283060
5283524
5283738
5285148
5285825
5286151
5286309
5288830
5289105
5293025
5293724
5294576
5295750
5297036
5297572
5298013
5299356
5299839
5301195
5302332
5302565
5304172
5304259
5304492
5304848
5305376
5305852
5308779
5308848
5310494
5311837
5311899
5314406
5314567
5315936
5316142
5317171
5318090
5318579
5319585
5321474
5322289
5326197
5327090
5327742
5328519
5329076
5329298
5329337
5331083
5331237
5332126
5334693
5334717
5339654
5340943
5341280
5341323
5342660
5343077
5343275
5343427
5344703
5344913
5345337
5345601
5347361
5348232
5348268
5349264
5352734
5353885
5354066
5355438
5355817
5357027
5358894
5358955
5360590
5361167
5362117
5362216
5363439
5363937
5365165
5365348
5371245
5372712
5373110
5375492
5375668
5376189
5376393
5377302
5378732
5378747
5379678
5379721
5383439
5384287
5384839
5385976
5386043
5386530
5387560
5387792
5387924
5387950
5388941
5389107
5393463
5393657
5394669
5395298
5397910
5399969
5400929
5402008
5402596
5402860
5407561
5409190
5409316
5416773
5417904
5417925
5419010
5420219
5420309
5420317
5420814
5422618
5423222
5423380
5423780
5425198
5426181
5426797
5428016
5432134
5433043
5433521
5433741
5434462
5437664
5437903
5439190
5439594
5441584
5443264
5444141
5445022
5445228
5445865
5446510
5449030
5449514
5450302
5452555
5452672
5457846
5458835
5462026
5462334
5463173
5467436
5468352
5470059
5470352
5470869
5471221
5472888
5475447
5479431
5479471
5480585
5480886
5485576
5486729
5486807
5486879
5487358
5488486
5489939
5495476
5495672
5495762
5495891
5497156
5500072
5501018
5501468
5501592
5501611
5502590
5502740
5503522
5504067
5504552
5504764
5505675
5505978
5514220
5515493
5516107
5516270
5517827
5519345
5519512
5522988
5526631
5527153
5527846
5528176
5528466
5530010
5532640
5534187
5534783
5536698
5536745
5537982
5538505
5539379
5540594
5540605
5541922
5542451
5542620
5543365
5544076
5547684
5547729
5548941
5549253
5550747
5551045
5551499
5551617
5552448
5553753
5554176
5554425
5556076
5556761
5557023
5557213
5557363
5557883
5558569
5559109
5560058
5560309
5561502
5563038
5566553
5571089
5574836
5575385
5575395
5575918
5577179
5578565
5580652
5580923
5580953
5581334
5581599
5583672
5584693
5585017
5585941
5586238
5586404
5587017
5588878
5589093
5589364
5589921
5591286
5591981
5593543
5595256
5595650
5596191
5596933
5596947
5598113
5600000
5600478
5600525
5601735
5602086
5602868
5606343
5606374
5607475
5607850
5607993
5611706
5614134
5616039
5616048
5616830
5616843
5622157
5624659
5627052
5628239
5628980
5630097
5631141
5631842
5632689
5636439
5639057
5639335
5640901
5641178
5642088
5643492
5645073
5645174
5645361
5646054
5647717
5649142
5650145
5651110
5651272
5655965
5656351
5658082
5658390
5658971
5662182
5663881
5664977
5665918
5667403
5668685
5669841
5671479
5671659
5675276
5675556
5675671
5677048
5681681
5681953
5685265
5686469
5687469
5688431
5688916
5689725
5689748
5690443
5691547
5692249
5696311
5697427
5697599
5698126
5700385
5701477
5705593
5711732
5714728
5714771
5716249
5717110
5718486
5719114
5720551
5720649
5720766
5720909
5724515
5724996
5725685
5727893
5728882
5729062
5732356
5734768
5738924
5743937
5744043
5744921
5746571
5747408
5753566
5753735
5754617
5754951
5755030
5755128
5756663
5758781
5759189
5760112
5764689
5765279
5766972
5767680
5767912
5767972
5769696
5771695
5773934
5775241
5776805
5778790
5780022
5780302
5784213
5785857
5788066
5788539
5788554
5790241
5791201
5791312
5791944
5792998
5794814
5795121
5795994
5799396
5799732
5804302
5804768
5807005
5812671
5812694
5812766
5814473
5815461
5820368
5820507
5821264
5823821
5824191
5824929
5825892
5827272
5827654
5829373
5832418
5833310
5834735
5835023
5835629
5840304
5845021
5845925
5846143
5846771
5847305
5847761
5849191
5850494
5851553
5853498
5854148
5854825
5855702
5862358
5863151
5864075
5865282
5865560
5865646
5866020
5867433
5867487
5867655
5867928
5869670
5870102
5870194
5870380
5870865
5871662
5871734
5872121
5872589
5872705
5878682
5880484
5880562
5883192
5886665
5889586
5892657
5895448
5897747
5898446
5898818
5899485
5900066
5900117
5903100
5904313
5909381
5912948
5914587
5915405
5916645
5917750
5918279
5918531
5920013
5922192
5923392
5925631
5926680
5927152
5928040
5930851
5936504
5936526
5937389
5938688
5943733
5944575
5944618
5945654
5946874
5950102
5950975
5952759
5954606
5959961
5963722
5964454
5966091
5967419
5969243
5969620
5972371
5972423
5972447
5973285
5974658
5983505
5985938
5986407
5991653
5996042
5996806
5997219
5998691
6000722
6001478
6005089
6007306
6008438
6011150
6013317
6016760
6020947
6022159
6023665
6024305
6025858
6026148
6028239
6028316
6031588
6034489
6034906
6035164
6035844
6037318
6038665
6038842
6039473
6040785
6046024
6048391
6055202
6056953
6060044
6060635
6062244
6062320
6062387
6063885
6066300
6067897
6068075
6068307
6068324
6071907
6073054
6073490
6076233
6080282
6081791
6082821
6084294
6085164
6086032
6086121
6087595
6087856
6092705
6093672
6096945
6097684
6097871
6098028
6100846
6101411
6101591
6102646
6103932
6104781
6107565
6107872
6109809
6111480
6112441
6112512
6112636
6113251
6114607
6115195
6115231
6118054
6119586
6119688
6119704
6121503
6122010
6123165
6124347
6124448
6125367
6125717
6126149
6127659
6128397
6128807
6129238
6130378
6131549
6132434
6132785
6133006
6133975
6136254
6136484
6136808
6137012
6137281
6138055
6139098
6139963
6140448
6142622
6146300
6147653
6148357
6148495
6149417
6149746
6149969
6150504
6151758
6152477
6152721
6153834
6154180
6154473
6154910
6155468
6155509
6155576
6155890
6155915
6155939
6156587
6158081
6158271
6158552
6158618
6160017
6160587
6161640
6162129
6162286
6164011
6164560
6165603
6166200
6170808
6172282
6172285
6172337
6172368
6173648
6173660
6174174
6174636
6175115
6175292
6175720
6176462
6177305
6177360
6178583
6179041
6179251
6180017
6180035
6180509
6181518
6183139
6184722
6184820
6187169
6188323
6188570
6190438
6190450
6191101
6195533
6197217
6197272
6197383
6197949
6198568
6198826
6200912
6201065
6201573
6202012
6202528
6202761
6203376
6204972
6205216
6206235
6207410
6208054
6208366
6208995
6209905
6210082
6210475
6210522
6210731
6211703
6212281
6212292
6212736
6213827
6214400
6215059
6215345
6216639
6216815
6216826
6217420
6217915
6220016
6220969
6221757
6223974
6225805
6225999
6226250
6226326
6226789
6229770
6230415
6231131
6232487
6233810
6234135
6234863
6236087
6236432
6237598
6237892
6238046
6238811
6239424
6239896
6241048
6241660
6241896
6243071
6243625
6243757
6244397
6244773
6245992
6246429
6246906
6247813
6247897
6248214
6249004
6249080
6250414
6250891
6251038
6251503
6253569
6254072
6254851
6254953
6255520
6255773
6255993
6257421
6257439
6258185
6258318
6259112
6259544
6259577
6259626
6261004
6261438
6261705
6262479
6262486
6262903
6262994
6263942
6264294
6264579
6264935
6264982
6265276
6265506
6266380
6266792
6267147
6268708
6269332
6269598
6269600
6269885
6270232
6272845
6272942
6273016
6273857
6273937
6274267
6274773
6275031
6275600
6275835
6276597
6277087
6277137
6277417
6277464
6277885
6278930
6279340
6279841
6280161
6280181
6280257
6281028
6282781
6282965
6283057
6283389
6283669
6284525
6284815
6285193
6285534
6285964
6286258
6286871
6287403
6287488
6287944
6288001
6288072
6288444
6288620
6289359
6289809
6289935
6291712
6291855
6292308
6292542
6292774
6292793
6292912
6293087
6293341
6293655
6293855
6294865
6295472
6295674
6295862
6296054
6296709
6297266
6297927
6297999
6298740
6299025
6301140
6301144
6301211
6302178
6303310
6303619
6303705
6303737
6304322
6305089
6307007
6307260
6307411
6307433
6307590
6308800
6308914
6309586
6309904
6310497
6310742
6311319
6311366
6311837
6311926
6312606
6312614
6312626
6312653
6313043
6313755
6316006
6316086
6316171
6316391
6316590
6316872
6317346
6317364
6317488
6317541
6318448
6318513
6319056
6319531
6319620
6320248
6320641
6321572
6322388
6322390
6322549
6323228
6324165
6324199
6324481
6325605
6325968
6326390
6327396
6327832
6328764
6328817
6329064
6329091
6329266
6329414
6329493
6329993
6330791
6331273
6331563
6332392
6333063
6334385
6335331
6335921
6336026
6336638
6336770
6336867
6337088
6337149
6337262
6337274
6338774
6340031
6340050
6340063
6340470
6340588
6340662
6340701
6341136
6341656
6341933
6342175
6343096
6343467
6343488
6344597
6344623
6344769
6344823
6345504
6345599
6346200
6346582
6346932
6347432
6348273
6348332
6349436
6349445
6350070
6350293
6351910
6352608
6353310
6353879
6354074
6354892
6355177
6355343
6355426
6356469
6356680
6357190
6357194
6357341
6357824
6358186
6358480
6358920
6359051
6359290
6359298
6360242
6360647
6361863
6362093
6363328
6363588
6364186
6364925
6365351
6365360
6365365
6365377
6365835
6365849
6365958
6366359
6367176
6367379
6367621
6367627
6367654
6368188
6369198
6369401
6369492
6369576
6369934
6370102
6370296
6370459
6370482
6370569
6372369
6372485
6372667
6372912
6373284
6373364
6373411
6373520
6374062
6375064
6376572
6376584
6376992
6377072
6377187
6377689
6378180
6378462
6378565
6378810
6379311
6379332
6379473
6379996
6380081
6380334
6382291
6382508
6382749
6383038
6384461
6385343
6385756
6386317
6386924
6387147
6387711
6387981
6388243
6388457
6388603
6389773
6390107
6390315
6390387
6391024
6391089
6391382
6391718
6392636
6392796
6393989
6394486
6394573
6394701
6394715
6394834
6395190
6395813
6396435
6396574
6396762
6397713
6397972
6398336
6398488
6398574
6399057
6399158
6399966
6400020
6400430
6401555
6401797
6402585
6402750
6403273
6403976
6404456
6404539
6405092
6405124
6405781
6405876
6406117
6406239
6406340
6406363
6406398
6406852
6406946
6406947
6407280
6407339
6407487
6407840
6408290
6408579
6408648
6408675
6409031
6409040
6410856
6411100
6412372
6412871
6413158
6414114
6414225
6414357
6416511
6416952
6417883
6418019
6418107
6418874
6419353
6420193
6420631
6420858
6422744
6422911
6423707
6423760
6423784
6424541
6424633
6426135
6426216
6426358
6426377
6426438
6426485
6426967
6428733
6428777
6429033
6429638
6429802
6430177
6430724
6430998
6431053
6432888
6434296
6434378
6434665
6435139
6435767
6435960
6436261
6436298
6436625
6436996
6438044
6438236
6438275
6438961
6439363
6439557
6440274
6440467
6440919
6441243
6442112
6442796
6442860
6442875
6443200
6443261
6443423
6444460
6444575
6445137
6445196
6445929
6446133
6446838
6448534
6448901
6449021
6450331
6450750
6451142
6451651
6452159
6452552
6453366
6453372
6453628
6454494
6455991
6456229
6457180
6457238
6457433
6458302
6459193
6459421
6459878
6460493
6461399
6461437
6461633
6461840
6462461
6462593
6462613
6462777
6462949
6463340
6463692
6463836
6465539
6465647
6466445
6466509
6466823
6466863
6466995
6467322
6467675
6467700
6468072
6468693
6468704
6469063
6469890
6470469
6470661
6470923
6471986
6472471
6473129
6473179
6473346
6473542
6474455
6474567
6474622
6475028
6475039
6475746
6476382
6476572
6476938
6477355
6477643
6477735
6478625
6478876
6478970
6478989
6480208
6480425
6481280
6481792
6481950
6482259
6482263
6482424
6482889
6483041
6483090
6483656
6483760
6483766
6483826
6484313
6484406
6485855
6486403
6487191
6487282
6487675
6488534
6488790
6490254
6490445
6491611
6492145
6492278
6492396
6492633
6492989
6493227
6494780
6495354
6495361
6495391
6495556
6496364
6496502
6496723
6497237
6497422
6497546
6498707
6499859
6500358
6500623
6501187
6501897
6502583
6502677
6503147
6503181
6503407
6503492
6503493
6503608
6503615
6504802
6505319
6505373
6505456
6505614
6505648
6505921
6506024
6507049
6507304
6507345
6507594
6507868
6508061
6508721
6508936
6509359
6509678
6511732
6512131
6512735
6514331
6514410
6515032
6515407
6515819
6516279
6516797
6517620
6517655
6517857
6518298
6518454
6518540
6518733
6518936
6518949
6519376
6520153
6520757
6521074
6521970
6522033
6523183
6525086
6525455
6525509
6525551
6525936
6526232
6526483
6526550
6527371
6528222
6528568
6528575
6531376
6532530
6533126
6534002
6534312
6534524
6534803
6535277
6535323
6536135
6536360
6536606
6536711
6537296
6538328
6540102
6541455
6541562
6541970
6541989
6542577
6543633
6543889
6544130
6544227
6545361
6546396
6547758
6548095
6548385
6548438
6548551
6549278
6549296
6549413
6549971
6550273
6550356
6551270
6551895
6552271
6552829
6554165
6554259
6554816
6554875
6555380
6555384
6555488
6555748
6557328
6561165
6561345
6561685
6561935
6562435
6562571
6562906
6564139
6564628
6564833
6564903
6564988
6565860
6565979
6566231
6566492
6566642
6568625
6568755
6570303
6570368
6570442
6570552
6571448
6571616
6571793
6572648
6573951
6574368
6574837
6575189
6575384
6576747
6576770
6576851
6577068
6577134
6577411
6577687
6578504
6579626
6579913
6580050
6580924
6581858
6582076
6582490
6582542
6582767
6583753
6583980
6584617
6585021
6585317
6585372
6585591
6586109
6586403
6587150
6587463
6587749
6588432
6589094
6589770
6590246
6591034
6591179
6591677
6592308
6592808
6593185
6593237
6593243
6593512
6593700
6593882
6595356
6597201
6598293
6598302
6598496
6599025
6599232
6599903
6600811
6601228
6602771
6603296
6603628
6603905
6604118
6604325
6604560
6604888
6605218
6605534
6606601
6608039
6608349
6609172
6609187
6609812
6610628
6610831
6610880
6612048
6612721
6612774
6612776
6612835
6613490
6613630
6614311
6614677
6615064
6615067
6615882
6616500
6616740
6616930
6618156
6618386
6618780
6618919
6619051
6619292
6621890
6622835
6623488
6623874
6624219
6624235
6625168
6625412
6625719
6625752
6626070
6626361
6626815
6627268
6627346
6628598
6628716
6628729
6628789
6629345
6629869
6631451
6632339
6632539
6634515
6634647
6635137
6635258
6636155
6636531
6637338
6638664
6639018
6639403
6640256
6640397
6640818
6640838
6642005
6642035
6642316
6642922
6643433
6643500
6644299
6644434
6645062
6646085
6646969
6647447
6647508
6647599
6647739
6648174
6648417
6648542
6648775
6649321
6649334
6649587
6650561
6650578
6650840
6651041
6651196
6651378
6651390
6651485
6651599
6652452
6652577
6652708
6653081
6653814
6655278
6655582
6656681
6657030
6657583
6657757
6658093
6660359
6661914
6662656
6662801
6663024
6663053
6663342
6663692
6664026
6664529
6666013
6666907
6667531
6668185
6669260
6669359
6670203
6671146
6672357
6672455
6672750
6673101
6673668
6674093
6674427
6675347
6675658
6675859
6675950
6676077
6676269
6676910
6677871
6678207
6678500
6678630
6679241
6680254
6680525
6680868
6681041
6681352
6681891
6682215
6684941
6685017
6685232
6686269
6686320
6687022
6687488
6688012
6688730
6689377
6689592
6691059
6692588
6692927
6693368
6694772
6695624
6696475
6696666
6696721
6697055
6697185
6697191
6697232
6697333
6697443
6697545
6698620
6699542
6700304
6700394
6700708
6701077
6701352
6701560
6702157
6702449
6702836
6703218
6703834
6704014
6704140
6704288
6704295
6704616
6704809
6705082
6705935
6705949
6706472
6707457
6707649
6707860
6708421
6708610
6708791
6709649
6709777
6710182
6711435
6711445
6711485
6711641
6711850
6711876
6712639
6713102
6713149
6714583
6714927
6715169
6715439
6716324
6716719
6716826
6716829
6717558
6718261
6718779
6718873
6719211
6719627
6720107
6720975
6721351
6721400
6721443
6721686
6721823
6723274
6723870
6724183
6725546
6725700
6725702
6725785
6727302
6727612
6727817
6730529
6730567
6731546
6731747
6731986
6732187
6732294
6732747
6732786
6733410
6733626
6734103
6734614
6735117
6735881
6736047
6736839
6738017
6738052
6738350
6738402
6738907
6739127
6739222
6739498
6741019
6741335
6741945
6742306
6742588
6742616
6742739
6743228
6743312
6743446
6743522
6743645
6743829
6745337
6746250
6746564
6746812
6747325
6747519
6749388
6749969
6750873
6751203
6751798
6752609
6752884
6752889
6753019
6753336
6753345
6753379
6753697
6753877
6754353
6755338
6756638
6757322
6758228
6758513
6759182
6759442
6759519
6759961
6760034
6760917
6760973
6762259
6763859
6764015
6764022
6764252
6764407
6766103
6766147
6766346
6766444
6767191
6767892
6768093
6768167
6768256
6768450
6768948
6769362
6770358
6771862
6772770
6773183
6773353
6773425
6773452
6774201
6774268
6774373
6775445
6775463
6775853
6776461
6776566
6776712
6776940
6777202
6777821
6778221
6779344
6779419
6779896
6780402
6780891
6781332
6781688
6782352
6782658
6782954
6783005
6783258
6784166
6784252
6784590
6784809
6784889
6785059
6785081
6786811
6787562
6787668
6788030
6789378
6789730
6790561
6790705
6790738
6791650
6792403
6792704
6792819
6793056
6793386
6793601
6793752
6794778
6794809
6794899
6795831
6796189
6796247
6796371
6796598
6797381
6797749
6797804
6799161
6799193
6799520
6800077
6800507
6800660
6801346
6802889
6802905
6803103
6803146
6803665
6803818
6804565
6804729
6804784
6805093
6805329
6805428
6805522
6805589
6806333
6806359
6806732
6806796
6807204
6807515
6807805
6807999
6808217
6808295
6808368
6808519
6808530
6809171
6809781
6811544
6812535
6812698
6813052
6813274
6813344
6813459
6813816
6814277
6814713
6814996
6815167
6815185
6815536
6817116
6817315
6817533
6817797
6818277
6818681
6819423
6819575
6819654
6819691
6822025
6822534
6822699
6823710
6824349
6824766
6824980
6825395
6825778
6826684
6827290
6827308
6827388
6827519
6827542
6827562
6827618
6827944
6828063
6828167
6828253
6828302
6829216
6829221
6829284
6829300
6829649
6830003
6830124
6830279
6830483
6833769
6834022
6834339
6834486
6834516
6834828
6834894
6835136
6835234
6837698
6837983
6838214
6838697
6839056
6839370
6839494
6839579
6840623
6841148
6841512
6841756
6841791
6841858
6842186
6842487
6843238
6843517
6844629
6844696
6845071
6845235
6845996
6846003
6846192
6846361
6847344
6847493
6847517
6847861
6850214
6850345
6850385
6850645
6851061
6851074
6851367
6851397
6851895
6852321
6852553
6852871
6853098
6853732
6854431
6855510
6855761
6855875
6856365
6856389
6856781
6856928
6857068
6857115
6857207
6857850
6857867
6858183
6858398
6858680
6859091
6859403
6859631
6859639
6861710
6861713
6863394
6863442
6864634
6865815
6865945
6866165
6866650
6867180
6867212
6867448
6868036
6868112
6868614
6868720
6870144
6870772
6870816
6870910
6870915
6871443
6872773
6872848
6873297
6873863
6874126
6874287
6874417
6874572
6875095
6875473
6875866
6876493
6876981
6878672
6879775
6880277
6880471
6880632
6881056
6881796
6881802
6882562
6884603
6885701
6885772
6886818
6887012
6887353
6888641
6889062
6889307
6889655
6890505
6890908
6890943
6890969
6891245
6891511
6891676
6891687
6892123
6892272
6893052
6893268
6893737
6893851
6893979
6894717
6894996
6896027
6896358
6896549
6896574
6896578
6896896
6899555
6900278
6900816
6902543
6902662
6902989
6903302
6903376
6903608
6904439
6904604
6904725
6905085
6905980
6906054
6906861
6907266
6908768
6909063
6909119
6909738
6910563
6910836
6911103
6911234
6911496
6911718
6912033
6912291
6912887
6912907
6913454
6913572
6914202
6914677
6914754
6915141
6915977
6917383
6917861
6917895
6918021
6918193
6919175
6919392
6919484
6919662
6919985
6920136
6920607
6920766
6921875
6922676
6923168
6924103
6924233
6924829
6925039
6925180
6925382
6925412
6928264
6928295
6930484
6930607
6930733
6931558
6932804
6932818
6932836
6932930
6933397
6933719
6934436
6935062
6935287
6935433
6935805
6937100
6937378
6937400
6937475
6937518
6937520
6937565
6937880
6939385
6939484
6939488
6939663
6940130
6940448
6940741
6940791
6940798
6941164
6941924
6943527
6943535
6944458
6945062
6946386
6946469
6946548
6946640
6948101
6948141
6948963
6949233
6949568
6950738
6951101
6951500
6951533
6951885
6952602
6952640
6952677
6952849
6953729
6953855
6954385
6954388
6954841
6954959
6955573
6955611
6956147
6956299
6956825
6956921
6957067
6958982
6960024
6960178
6960543
6960816
6961710
6961934
6962367
6962508
6963515
6963681
6964298
6964622
6965089
6965196
6965328
6965496
6966375
6967298
6967369
6967616
6967795
6967922
6968643
6968732
6968804
6969112
6969514
6969585
6969627
6970212
6970238
6970933
6973572
6975253
6975778
6976048
6976512
6976580
6976719
6976781
6978018
6978195
6978303
6978363
6978902
6979050
6979890
6980746
6980878
6981475
6981921
6982158
6982627
6982950
6983437
6984079
6985761
6986210
6986299
6987581
6987892
6988263
6989624
6990027
6990405
6990509
6990679
6991164
6991693
6992045
6992436
6994282
6994305
6994422
6995017
6995418
6996017
6996395
6996785
6996789
6997206
6997277
6997551
6997603
6998035
6998047
6998085
6998574
6998652
6998687
6998776
6998972
7000821
7001230
7001283
7001452
7001565
7001719
7001796
7001884
7001890
7001898
7002954
7004190
7004365
7004690
7004754
7005465
7005589
7006001
7008295
7008575
7008701
7009866
7009957
7010406
7010722
7010770
7010790
7011209
7012148
7012308
7013223
7013379
7013449
7013543
7013871
7014729
7014774
7015109
7016766
7017434
7017510
7018927
7019575
7020166
7020659
7020667
7020832
7022344
7023510
7024953
7025435
7027292
7027761
7027771
7028908
7029557
7029652
7029886
7030453
7030641
7031037
7031685
7032993
7033585
7033758
7033935
7034217
7034796
7035065
7035103
7035147
7035155
7035227
7035401
7035512
7036209
7036363
7036460
7036517
7036885
7037069
7037111
7037341
7037415
7038443
7038794
7038797
7039564
7039651
7039928
7040786
7041903
7041953
7042571
7042643
7043218
7044958
7045154
7045510
7045524
7045936
7046547
7048314
7049652
7051018
7051357
7051645
7051679
7052021
7052235
7052937
7052957
7053690
7054129
7054205
7054284
7054393
7054926
7055630
7056318
7056907
7056992
7057364
7057904
7058670
7059465
7059612
7059913
7060219
7061208
7061378
7061500
7063078
7063267
7064397
7064466
7064699
7065558
7065759
7066232
7066590
7066725
7067068
7067373
7069039
7069349
7069488
7070208
7070273
7070708
7070715
7070899
7071226
7071771
7072388
7072605
7073450
7073617
7074373
7075615
7075879
7078457
7078918
7079034
7079756
7079881
7080528
7080758
7080762
7081152
7081212
7081387
7081964
7082462
7082706
7083171
7083438
7084160
7085386
7085617
7085801
7086501
7086638
7086724
7086814
7086868
7086967
7087350
7087586
7088838
7089134
7089185
7091414
7092686
7092758
7092920
7093113
7093303
7093500
7094017
7094117
7094243
7094956
7096219
7096247
7097962
7098846
7099048
7099182
7099913
7100113
7100523
7100741
7101005
7101719
7101866
7102232
7102409
7104169
7105155
7105610
7105651
7105914
7106325
7107541
7107774
7108139
7108450
7109374
7109860
7110243
7111242
7111279
7112673
7113154
7113373
7113679
7113699
7113990
7114173
7114365
7114692
7115178
7115646
7115932
7116007
7116454
7116530
7117365
7117861
7117897
7118410
7118614
7118739
7118822
7119002
7119216
7119403
7120795
7120992
7121189
7121633
7121744
7121893
7122678
7122957
7124054
7124478
7126263
7126544
7127107
7127624
7128374
7128395
7128732
7128959
7129286
7129294
7129478
7130302
7131280
7131451
7132517
7132917
7133410
7133968
7134160
7134713
7134768
7134961
7135299
7135666
7135757
7135830
7136010
7136042
7136068
7136205
7136472
7136654
7138122
7138253
7138733
7139993
7140385
7140492
7140637
7140950
7141683
7141745
7141917
7141926
7142172
7142387
7142435
7142589
7142741
7142874
7143216
7143352
7143590
7143698
7144290
7144987
7145759
7146082
7146760
7146946
7147053
7147861
7148027
7148566
7149521
7150136
7150357
7150441
7152049
7152108
7152301
7153371
7154872
7155354
7155487
7156543
7157457
7157735
7158337
7158540
7158667
7158762
7162646
7162836
7162927
7163105
7163369
7163967
7164472
7164789
7165009
7165412
7165862
7166029
7166740
7166997
7167565
7168609
7168960
7169222
7170368
7170888
7171507
7171922
7172693
7173609
7173674
7174289
7175160
7175401
7175496
7175509
7176313
7176430
7176756
7178587
7178610
7179169
7179416
7179570
7179927
7179970
7180574
7181051
7182434
7182736
7182757
7183616
7184360
7184800
7185782
7186533
7186593
7186781
7186838
7187730
7187895
7188696
7189335
7189651
7189932
7189981
7190606
7191334
7191720
7191829
7192684
7193161
7193245
7193726
7194267
7195223
7195252
7195691
7196331
7198014
7198556
7198561
7199055
7199285
7200058
7200394
7201136
7201196
7202018
7202312
7202490
7202579
7202638
7202907
7202965
7203671
7204794
7204998
7205167
7205477
7206304
7206490
7206713
7207838
7209823
7209928
7210460
7211445
7211698
7212990
7213449
7213746
7213750
7214007
7214679
7214976
7215632
7216018
7217059
7217114
7218915
7219366
7219877
7220848
7220996
7221445
7221641
7221697
7223218
7223308
7223448
7223561
7224223
7224224
7224552
7226143
7226201
7226798
7226836
7226955
7227365
7227635
7228310
7228525
7229604
7230443
7230883
7231414
7231739
7232718
7233337
7233495
7233822
7234159
7234505
7234604
7234794
7237423
7238861
7239011
7239198
7239549
7239656
7240145
7240181
7241127
7241764
7242606
7242808
7244183
7244431
7245683
7246248
7248128
7248438
7249540
7250860
7250989
7251631
7251695
7251707
7252728
7254048
7254058
7254616
7255138
7255184
7255272
7255273
7256057
7256318
7256440
7256875
7258213
7259066
7259501
7259557
7259575
7259634
7260160
7261230
7261725
7262551
7263808
7264519
7264650
7264930
7265068
7265510
7265572
7265604
7266271
7266705
7267170
7267638
7270323
7270742
7272807
7274442
7275615
7276096
7276155
7276283
7276480
7276815
7277116
7277174
7277301
7277318
7277569
7277646
7277685
7279175
7279829
7279956
7281211
7282033
7282113
7282130
7282277
7282681
7282824
7283131
7284082
7284909
7285496
7285759
7286082
7287002
7287310
7287542
7287713
7288194
7288995
7289148
7289585
7291332
7291713
7291723
7292268
7292542
7293814
7294051
7294908
7295033
7295118
7295794
7295891
7296722
7297069
7297191
7298038
7298216
7298256
7300048
7300737
7300815
7301924
7302618
7302707
7304915
7304968
7305496
7306006
7306081
7306165
7308024
7308383
7308874
7309037
7309154
7310864
7310928
7311468
7311685
7312147
7313205
7313936
7314111
7314207
7315112
7316009
7316042
7316974
7317146
7317155
7318051
7318754
7319342
7320184
7320202
7320529
7321235
7321314
7321623
7321698
7322435
7322839
7323854
7324100
7325190
7325310
7325393
7325482
7325534
7325774
7326615
7327472
7327886
7328215
7328583
7329272
7329334
7329607
7329797
7329798
7330096
7331103
7333454
7333838
7334835
7336547
7336747
7337410
7338504
7338539
7339239
7339693
7339695
7342195
7342362
7342484
7343060
7343621
7343782
7344947
7346012
7346229
7349426
7349472
7349695
7350053
7350290
7350814
7350844
7350891
7352285
7354160
7355492
7358979
7359178
7359521
7359657
7360023
7360062
7360905
7362276
7362614
7363692
7363805
7364040
7364053
7364673
7365992
7367559
7368839
7369201
7370470
7370519
7370726
7371414
7371784
7372591
7372967
7373692
7373920
7375584
7376162
7376437
7376990
7377950
7378041
7378167
7379753
7380332
7380589
7380675
7380870
7380927
7383229
7385140
7386519
7387035
7387825
7388028
7389494
7390763
7391105
7391321
7391360
7391443
7391542
7393243
7393435
7394353
7394471
7395460
7395475
7396034
7396390
7397104
7397367
7399442
7400424
7400822
7401530
7402956
7404354
7404569
7405177
7405474
7405667
7406586
7406910
7406914
7408662
7410298
7410646
7413942
7414248
7415273
7415408
7415672
7416529
7416530
7416568
7418058
7418810
7419220
7420115
7420752
7421181
7421640
7421668
7422419
7423102
7423205
7423370
7424045
7424765
7425459
7426228
7427627
7428784
7430666
7430741
7430859
7430972
7431035
7431446
7431724
7434442
7434695
7434830
7434989
7436032
7436263
7436992
7437146
7437409
7438322
7439149
7439160
7439653
7439939
7440021
7440156
7440420
7440508
7440980
7441417
7444411
7444597
7445423
7446727
7447035
7448726
7449028
7449802
7450350
7450503
7451621
7452231
7453064
7453458
7453486
7453904
7454045
7454075
7455304
7456104
7456490
7457288
7459501
7460040
7460372
7461116
7461244
7461617
7461878
7462434
7463081
7463995
7464096
7466185
7466476
7466737
7467130
7467218
7467586
7468508
7468622
7470660
7471042
7471655
7471677
7471759
7472608
7474763
7476711
7476808
7477854
7478845
7478902
7478921
7481512
7481686
7482220
7482288
7482517
7482562
7483818
7484182
7485635
7487033
7487178
7488062
7488133
7488192
7490253
7490994
7491256
7491715
7492612
7493076
7493550
7493647
7493967
7494061
7494097
7494402
7496367
7497250
7497314
7497403
7497935
7498230
7498799
7498968
7500022
7501487
7501513
7502466
7503016
7503485
7503529
7503934
7505642
7505797
7507978
7508546
7508647
7508744
7509120
7509187
7509390
7510119
7510154
7510832
7511118
7511906
7512782
7513499
7514204
7515061
7515210
7516255
7516687
7517080
7518018
7521032
7521996
7522434
7524075
7524386
7525268
7525314
7525897
7527184
7528002
7528113
7528283
7528377
7528556
7528810
7529885
7531650
7532511
7533926
7533950
7534265
7534646
7534724
7534752
7536055
7537631
7537995
7538223
7538443
7539150
7539740
7540605
7540638
7541246
7541866
7542268
7542954
7543023
7543177
7543265
7544012
7545021
7545462
7546006
7546025
7547187
7547480
7548143
7549093
7549304
7549934
7550260
7553299
7553496
7555138
7556771
7561382
7562903
7564285
7565091
7565254
7565460
7566234
7566383
7566543
7566830
7566883
7568433
7568902
7569221
7570584
7570852
7570893
7571058
7571739
7573608
7574167
7575254
7575467
7576240
7577357
7577428
7577518
7577712
7578709
7578818
7578884
7579195
7580048
7580603
7581995
7582164
7582923
7583356
7583394
7583548
7583563
7584499
7585308
7585818
7587889
7589767
7591764
7592572
7595823
7596053
7596283
7596429
7596499
7598156
7598229
7598707
7598925
7599087
7600022
7600497
7602304
7603086
7604427
7604526
7604942
7606533
7606741
7607062
7607874
7608193
7609874
7610412
7610801
7611073
7611691
7612701
7612971
7613917
7614511
7616021
7616117
7616717
7618173
7618213
7618455
7618638
7621666
7625786
7625889
7626028
7626531
7626695
7626847
7627618
7629473
7630975
7631544
7631970
7632828
7632952
7633766
7635584
7636052
7636297
7636346
7636711
7637360
7639257
7640382
7641910
7641967
7642780
7642843
7643411
7646625
7646706
7649237
7650176
7650987
7651769
7654157
7656379
7656665
7656913
7658045
7658830
7658913
7659661
7660679
7660686
7660888
7663272
7665302
7665319
7666527
7667582
7668986
7669600
7670220
7671195
7672016
7672189
7672625
7673382
7673455
7674931
7675320
7677174
7677693
7677722
7678563
7679932
7680683
7680996
7681210
7681491
7681689
7682179
7684036
7684137
7686358
7688080
7689319
7689733
7690579
7690783
7693110
7693506
7695820
7696292
7698122
7699214
7699541
7699801
7700041
7700577
7700842
7700891
7702539
7703683
7703885
7705444
7705924
7706809
7706969
7707088
7707599
7710406
7710722
7711501
7712167
7712680
7712985
7716594
7717512
7717846
7717937
7719207
7719369
7721041
7721468
7721611
7721921
7722108
7726568
7726668
7728127
7729288
7730651
7731737
7732009
7732292
7733398
7734949
7735267
7735626
7736307
7736760
7737058
7737947
7738841
7739180
7739324
7740919
7740941
7742731
7742833
7744385
7744641
7745485
7747668
7748584
7749537
7750517
7750602
7751805
7751861
7752452
7753448
7753937
7754340
7754966
7755505
7756291
7756566
7757152
7757399
7758293
7759214
7759269
7759649
7760109
7760683
7761417
7764460
7765378
7766740
7766797
7768052
7768399
7768779
7768780
7768922
7770686
7772156
7773345
7773433
7774064
7776429
7778371
7778442
7779320
7779374
7780812
7782841
7783224
7784138
7784577
7785545
7786543
7787302
7788074
7788156
7788743
7788802
7789654
7791219
7791875
7791973
7792167
7793236
7793674
7794824
7795041
7795135
7795444
7797061
7799781
7799926
7800028
7800041
7800294
7800677
7801588
7802771
7802836
7803724
7803882
7803950
7805082
7805744
7808184
7808645
7809103
7809275
7810444
7811736
7813624
7814329
7815135
7815137
7816056
7816763
7817774
7820767
7822623
7823051
7823054
7824062
7824754
7824932
7825610
7826502
7826727
7828164
7828283
7828844
7830484
7830634
7831261
7834036
7835715
7838127
7838551
7840603
7840956
7841010
7841152
7841161
7843706
7844053
7844311
7848167
7848289
7849716
7849897
7850456
7850489
7852238
7852597
7853384
7853442
7853847
7854094
7856400
7856902
7857072
7857708
7857825
7858183
7859495
7859544
7862329
7862971
7863855
7864793
7865094
7866208
7866214
7867385
7868812
7869831
7870683
7871868
7872209
7872397
7872408
7874424
7875314
7875602
7876647
7880143
7880241
7881005
7881645
7881649
7882539
7883050
7883336
7884354
7884860
7885216
7887277
7887561
7887911
7887959
7888669
7889535
7889555
7889938
7890150
7890589
7890635
7891174
7892137
7892582
7892754
7893236
7895752
7896322
7896948
7898211
7899424
7899839
7900504
7902367
7903721
7905933
7907074
7907529
7908392
7909712
7909718
7909891
7911924
7912213
7915660
7916017
7916779
7917996
7919513
7919578
7919949
7923558
7924803
7925469
7925771
7926087
7926950
7927682
7927786
7927830
7928035
7928776
7929523
7931447
7931737
7932537
7934791
7935628
7936672
7936771
7941435
7941651
7941796
7942971
7943733
7944070
7944545
7946404
7946705
7948480
7948517
7950984
7953537
7955883
7958668
7961989
7962523
7963898
7966356
7971365
7972502
7973105
7973265
7973393
7973496
7974930
7975393
7975796
7976278
7976580
7977988
7978072
7980760
7981791
7982197
7982519
7983790
7983876
7984956
7985043
7985331
7986041
7986798
7989283
7989852
7990014
7991790
7991930
7992750
7994396
7995291
7995558
7996300
7996426
7996721
7997332
7997509
7998074
7998125
7998299
7999200
8000038
8000119
8000322
8000565
8002010
8003779
8004052
8004637
8004800
8005960
8006428
8006949
8007797
8009351
8009444
8009465
8009560
8010282
8010352
8010528
8012530
8012931
8013527
8014698
8015702
8015799
8016116
8016130
8017217
8017580
8018521
8018523
8019202
8021598
8022023
8023532
8024185
8024242
8024324
8024588
8025437
8027010
8027260
8028957
8029826
8030121
8031347
8032064
8032931
8033798
8034023
8034614
8036445
8036453
8037493
8037864
8039462
8039499
8039922
8040010
8040515
8040850
8042425
8043137
8045008
8045661
8045763
8045778
8046150
8046671
8048725
8050222
8050870
8050994
8051015
8052843
8052915
8053392
8054721
8055489
8056406
8057741
8058201
8058680
8058795
8060347
8062966
8064350
8064929
8065976
8067456
8069432
8069609
8072431
8072578
8072626
8073087
8075708
8075929
8076877
8078723
8079366
8080270
8080872
8081463
8081688
8082635
8083082
8083397
8087227
8087285
8087881
8088259
8088368
8088990
8089101
8090160
8094909
8095536
8099255
8101310
8102784
8102957
8102970
8103492
8105102
8107183
8110077
8111593
8111980
8113263
8113730
8114494
8116583
8117166
8117886
8117923
8119007
8122047
8122284
8123546
8124332
8125009
8128592
8132129
8132895
8135226
8136742
8137305
8138687
8140371
8140411
8140790
8142582
8142881
8143207
8143367
8144056
8144753
8145982
8146927
8147005
8148396
8148444
8149254
8149294
8149967
8150341
8150950
8153702
8155345
8155646
8156480
8157328
8157675
8159103
8160287
8161460
8161871
8162913
8162987
8163024
8163495
8164793
8165500
8166942
8167154
8168510
8168847
8171477
8173696
8175833
8177918
8178054
8178193
8178372
8178995
8179625
8179671
8181020
8182388
8182876
8183504
8184694
8185047
8186206
8187672
8188563
8190511
8190813
8191255
8192485
8192964
8196259
8196320
8196444
8197303
8197698
8200078
8201052
8205097
8205217
8206320
8206525
8207843
8208325
8209259
8210770
8210960
8211319
8212088
8212212
8213952
8215569
8216163
8216912
8218965
8220027
8221608
8225407
8226102
8226141
8226794
8228721
8231675
8234558
8235142
8235693
8235924
8235989
8237345
8238069
8240876
8241566
8241788
8242139
8246223
8247582
8249260
8252909
8258690
8259984
8260585
8260824
8262360
8262584
8263158
8263659
8263977
8263984
8265258
8266641
8267774
8268630
8268963
8269297
8270241
8272049
8272638
8275137
8275698
8275944
8276655
8277066
8278038
8278279
8279421
8282112
8285535
8288896
8289187
8290691
8291386
8292593
8293509
8293579
8294240
8294357
8296663
8298193
8298435
8299143
8300233
8301965
8303749
8303883
8306162
8306935
8310055
8311088
8311100
8312192
8313329
8315578
8317506
8319602
8320085
8321116
8323574
8323757
8323894
8325631
8327892
8329577
8329973
8330925
8331848
8333204
8333750
8334688
8337670
8340099
8341640
8343277
8344605
8348535
8349143
8351843
8352994
8355425
8355553
8357494
8358859
8359536
8360874
8361118
8361320
8361983
8363952
8364072
8365716
8366033
8367423
8371989
8373056
8373262
8373384
8373909
8375337
8376688
8380418
8380618
8382959
8383929
8386214
8386450
8389564
8389905
8393965
8394340
8396401
8398772
8399481
8401017
8401087
8402599
8403470
8406556
8408789
8408904
8410969
8412377
8416424
8417094
8417422
8425674
8426583
8428582
8428592
8430162
8430583
8430673
8434173
8434787
8434910
8435244
8435426
8436135
8436149
8437031
8437266
8439052
8439059
8439534
8440283
8442670
8445401
8447262
8447922
8449609
8449949
8450260
8450391
8450623
8451239
8452707
8454427
8455241
8455597
8458274
8459389
8461063
8462480
8463493
8465779
8466686
8467365
8467817
8472888
8473870
8473917
8475270
8476067
8477864
8478137
8478209
8478726
8479543
8480062
8480874
8481906
8482173
8483531
8484771
8486934
8491823
8493220
8494312
8494361
8496593
8498677
8498848
8501180
8501203
8502776
8503106
8504872
8506698
8507658
8510772
8511069
8512173
8512859
8512973
8513841
8513973
8515697
8517536
8518966
8520361
8521277
8522097
8522820
8525161
8528163
8529374
8530075
8532521
8532706
8533744
8535143
8536237
8539347
8540830
8544225
8545219
8546690
8547622
8551555
8551738
8552424
8553954
8556350
8556842
8557696
8558307
8559354
8559398
8560097
8560518
8561411
8562177
8563655
8565627
8567056
8567206
8569265
8569522
8570201
8571305
8571877
8572740
8573401
8573764
8574943
8576150
8576207
8578480
8586174
8589214
8591054
8591665
8592035
8592725
8592897
8592963
8593126
8593800
8596187
8596745
8597141
8597235
8599286
8600443
8602305
8602389
8603086
8604633
8605535
8607536
8608303
8612257
8612346
8615947
8617836
8618476
8618917
8619383
8619384
8619699
8619914
8621158
8622837
8624242
8624849
8626814
8628596
8629646
8633291
8634194
8635155
8635238
8635984
8636421
8638860
8640024
8643096
8644394
8645117
8647132
8648754
8650200
8650772
8651331
8652867
8653594
8654332
8654435
8654756
8658901
8661147
8662046
8662472
8663982
8664322
8664536
8665021
8665302
8666932
8668028
8668052
8668250
8669399
8670072
8670202
8670219
8670757
8670960
8677292
8677860
8678466
8679036
8679447
8681558
8682282
8682400
8682609
8682765
8683973
8684705
8688635
8688907
8691591
8692263
8692378
8694163
8694988
8697234
8697497
8698652
8700297
8700759
8701415
8701760
8703162
8703355
8704215
8704721
8705629
8705827
8706368
8706950
8708036
8709954
8711499
8711634
8712242
8713919
8715670
8716092
8717485
8718410
8718862
8718972
8719247
8719454
8720034
8720831
8724392
8725076
8725340
8725879
8726424
8727676
8727904
8730764
8731372
8731741
8731924
8733942
8735193
8736141
8737087
8737512
8740065
8740859
8741326
8743417
8743806
8750921
8751295
8751661
8755117
8757417
8758045
8758147
8761147
8761693
8764526
8765600
8767225
8767260
8768578
8768970
8769596
8772928
8776107
8776240
8777245
8777824
8778614
8779175
8781390
8782976
8785040
8786477
8786505
8789740
8790389
8790425
8790820
8791943
8794235
8795180
8795232
8795401
8796782
8797733
8801271
8803452
8803739
8807376
8809455
8812694
8813852
8814663
8815994
8816774
8817004
8817433
8818161
8819600
8819703
8821407
8821774
8822849
8823550
8824939
8827856
8829187
8829445
8829476
8829571
8833110
8833643
8835715
8838615
8844346
8844366
8844516
8845874
8847961
8851121
8852231
8853610
8854575
8856681
8856691
8858703
8859134
8859580
8861374
8866008
8867060
8867201
8868001
8868236
8869346
8870165
8870299
8870481
8871398
8871971
8873402
8874075
8874125
8879896
8881928
8882028
8882406
8883924
8885411
8886116
8888927
8889162
8890670
8891089
8892381
8895515
8896826
8897653
8897782
8898004
8898455
8899776
8900836
8902110
8902297
8904269
8906738
8908134
8908682
8912086
8912446
8914117
8914802
8915277
8915425
8915602
8917893
8919452
8919994
8922581
8923318
8924662
8925138
8926011
8927255
8930218
8931510
8931712
8932890
8933239
8933603
8936432
8938385
8938775
8939566
8940031
8942456
8943791
8944921
8946773
8947934
8950246
8951073
8956438
8956596
8956930
8957530
8957750
8962525
8962696
8963660
8965610
8966013
8966759
8966880
8967882
8969802
8971520
8973603
8974355
8975908
8979793
8980317
8980778
8981043
8981455
8982198
8988265
8988500
8990439
8990986
8991435
8994213
8994330
8994945
8997262
8997953
8998431
8999336
9000660
9001185
9001265
9005030
9007073
9007472
9007861
9008604
9008848
9010589
9015115
9015710
9017748
9020081
9020933
9021492
9022061
9023403
9025286
9025797
9026424
9030395
9030732
9030964
9031009
9032301
9032421
9032945
9033391
9034539
9035962
9036255
9037334
9037368
9037443
9038646
9040005
9042187
9044293
9044963
9045395
9046858
9048533
9051025
9051461
9053422
9054457
9056684
9056974
9061212
9061804
9065865
9065887
9067243
9067797
9067978
9069139
9071020
9071321
9072632
9076819
9077513
9079074
9079082
9081177
9082162
9082370
9083321
9083705
9087876
9090462
9092504
9092850
9096331
9096820
9097769
9097889
9098477
9098742
9098971
9102111
9102976
9103020
9103536
9103856
9104684
9106303
9107589
9108382
9109164
9109626
9111209
9112755
9113651
9113910
9114482
9122471
9123523
9124035
9125239
9127597
9132005
9132317
9133718
9134786
9137022
9137126
9138579
9139999
9140499
9141922
9143136
9143983
9144180
9145090
9145168
9146381
9146486
9146581
9147254
9149427
9150186
9151025
9151659
9152439
9153660
9153685
9154519
9155677
9155888
9156343
9156866
9158078
9159098
9159723
9160518
9161831
9162356
9163465
9163545
9169032
9169506
9169587
9169998
9172008
9172813
9178367
9180883
9180918
9181151
9182157
9183535
9183873
9185894
9186519
9189498
9191621
9191634
9194957
9195390
9195582
9196119
9196591
9197642
9197982
9198162
9200595
9202566
9202593
9203082
9203658
9204466
9206491
9206683
9208903
9210592
9211228
9211717
9211860
9212154
9212257
9214186
9216797
9217533
9218220
9218384
9219627
9220864
9221243
9222345
9222456
9222701
9223100
9223403
9223643
9223914
9225097
9226020
9226554
9228935
9234107
9235341
9236227
9236574
9236677
9240456
9240726
9240997
9241091
9241974
9245409
9246049
9246841
9250829
9250838
9251572
9252487
9253833
9254547
9257247
9258589
9258681
9263515
9264628
9264952
9267671
9267769
9269670
9269806
9270665
9270865
9272868
9273348
9273401
9276336
9276695
9276743
9276784
9276856
9277584
9277907
9279475
9280180
9280495
9281717
9281743
9282381
9282605
9283394
9283890
9284026
9284745
9284819
9284825
9285336
9285597
9286044
9286344
9286500
9289299
9289467
9292379
9293930
9294110
9296314
9296415
9297961
9299011
9300320
9300731
9301541
9301544
9302020
9303048
9303785
9303846
9304706
9304837
9307451
9307905
9310394
9311781
9313942
9314242
9314449
9314983
9315522
9316021
9316088
9317988
9319311
9320356
9321036
9321417
9321460
9323744
9324607
9324949
9325626
9326107
9326708
9327162
9328337
9328888
9329273
9329490
9330371
9331036
9331172
9331285
9333188
9335275
9335326
9336167
9336872
9339491
9340447
9341059
9341304
9341628
9342008
9342929
9344585
9344943
9345893
9347768
9350137
9350630
9351092
9351130
9351408
9352142
9353310
9353675
9353830
9354174
9354780
9355143
9355398
9355930
9359952
9360825
9361332
9362735
9362869
9364662
9365081
9366203
9367195
9370373
9371131
9372231
9373373
9373613
9374076
9374742
9374837
9376490
9376970
9377292
9378754
9379019
9379770
9380025
9380383
9380856
9380937
9381186
9382609
9382674
9382914
9383453
9383727
9387053
9387939
9388135
9388857
9390380
9390625
9392658
9397798
9401696
9401707
9402695
9402905
9404549
9404787
9407155
9407955
9408345
9408988
9409150
9410258
9411403
9411711
9412724
9413139
9413323
9413631
9415526
9416267
9418515
9420540
9420706
9420716
9423173
9423725
9424191
9425125
9425149
9426619
9426640
9427929
9428421
9428532
9429133
9429477
9430189
9430315
9431361
9432173
9432217
9432398
9432848
9433533
9433896
9433957
9434434
9434946
9435271
9437811
9439590
9441350
9442637
9445130
9446562
9447301
9448108
9448579
9450433
9450621
9451023
9451782
9453877
9454991
9455881
9457392
9458362
9460398
9461369
9461919
9462248
9464195
9464551
9466084
9466783
9467184
9467613
9468734
9469118
9469286
9469735
9471445
9473354
9474756
9475200
9480279
9480331
9480630
9483770
9488426
9488752
9488926
9489072
9490375
9491096
9492267
9492525
9492589
9492920
9493183
9498048
9498155
9498808
9500310
9500351
9509143
9511725
9514525
9520353
9520654
9520745
9521310
9523109
9524560
9524906
9525496
9526245
9526347
9527156
9528843
9532048
9532310
9534060
9534767
9535487
9537361
9539430
9540207
9540555
9540599
9541649
9542100
9543649
9546004
9548145
9548332
9551296
9552012
9552126
9552937
9553363
9553751
