173
2400
2446
5102
5673
6804
9171
10427
11814
14534
14542
16357
16624
17087
18740
19677
20617
20731
22428
22883
29521
30872
31286
31465
31489
32617
33171
33683
34334
34632
34793
36689
36973
37272
37305
37870
38397
39115
40132
40434
41332
41396
41580
41626
41664
41875
42525
42529
43095
43254
43618
44126
44286
44676
44933
44955
45047
45108
45801
46886
48913
49042
50102
50147
50333
50400
51441
51965
52057
52214
54025
55107
55725
56407
57077
57428
57523
57987
58587
58769
59124
59271
61272
62128
65279
65627
66943
68025
68969
69939
70193
70824
70915
71573
71721
72027
72933
72960
73530
74016
74312
74571
74631
74666
75778
76035
76321
78663
78774
79281
79663
80437
80710
80934
82598
83260
86005
86411
87551
87563
89069
89385
89593
89650
89851
89964
90299
90620
90938
91349
91415
91810
92705
95556
97352
98130
98424
98779
98977
101478
102264
103463
104146
104352
104415
108139
108576
110589
113146
115655
116189
116400
118934
119012
120363
120389
120865
121856
121944
122899
122941
123018
124494
125015
125634
128605
128771
128810
129082
129966
130694
132524
133188
134779
135008
136065
136322
136678
136918
137079
137183
137372
138105
139020
139161
139533
139765
140579
141229
141376
141666
141892
142325
144184
144403
145491
145905
146185
146239
146763
147945
148487
148981
150792
151550
151612
152376
154031
155678
155682
155945
156425
157125
157566
157633
159390
159516
160188
160549
160676
161543
163758
164750
165254
165546
168276
169355
169935
171796
173380
174253
175200
177100
177942
177981
179534
180396
181022
182641
182968
184644
185018
185992
189097
191303
191785
193079
193100
193618
194262
194989
195124
196020
197132
199033
201177
203772
204342
204857
205672
206465
207780
208983
213104
214848
216172
218753
219516
220818
221003
221706
223305
224160
225219
226217
226475
228258
230291
231303
232234
236373
236550
238076
238605
239271
240533
240568
244418
244831
245442
245880
246055
247669
248493
248958
249476
251941
253304
254399
255941
256176
256466
256820
258011
259323
260010
262479
263772
264318
264596
264802
267567
267744
268015
270482
272385
274793
274999
275236
275752
276291
279104
279629
281464
284049
286525
287878
288611
288681
290244
290399
290843
291398
292407
294980
295300
301501
301702
301878
302200
306386
306655
311076
313465
317032
317348
318090
319344
322878
323144
323300
324588
326164
327595
328107
332399
333326
338058
338762
339721
343509
345200
345252
346783
347158
347978
348268
352935
353834
353933
354037
354349
355156
355497
356294
358382
359684
360899
363067
363083
365133
369861
371268
372019
372976
374760
376322
377070
378070
378236
379046
381989
382097
382511
382539
382821
384558
385800
386000
386800
386918
387192
387563
387594
388856
389358
389378
389999
393884
394464
394591
395014
395662
398590
398617
398679
399848
400029
400463
400830
400834
401663
402082
402145
403230
403814
403880
404520
405116
405387
406020
406720
407134
407511
407779
407801
407883
