56
2416
2625
3953
4779
5678
5927
7301
8257
9621
9874
11020
11088
11228
14021
15235
15344
15648
17092
18768
19333
20419
22728
22844
23608
24460
27595
27692
28228
28557
30111
31914
35304
37257
37311
37623
37767
42582
43418
44283
44828
44862
49147
50073
51496
51750
53340
55607
56538
57455
58080
60362
61400
63544
64516
66551
67841
68279
68520
69415
70095
74855
75875
76255
77080
77303
78221
78318
78455
82255
82841
83013
83293
83480
83486
84418
85164
85561
85783
86358
86745
90126
91043
93772
93962
93989
94744
95692
95947
97714
99562
101796
103018
105782
105786
105853
106411
107241
107946
109064
111925
112300
113056
113691
117941
121139
127798
128993
132178
133661
138405
140336
144731
145255
145587
145869
146784
151529
153153
157893
158181
165089
166229
167067
167250
167604
168508
170426
174764
177990
180075
180642
181981
184129
185884
186215
187118
187238
187338
190544
191023
192136
192210
193763
197025
197732
199185
199942
201585
202903
203501
203686
206614
208149
208503
208894
212856
219391
221134
225168
226696
229752
229762
231343
232173
236668
242193
242972
246491
247734
247867
250389
254853
255450
258101
261991
265377
267183
268737
268842
272133
275712
275943
276344
277059
277202
278409
278639
278750
278871
278909
279264
285197
287779
290005
293505
295008
296067
296138
296263
298311
298865
301070
301245
302749
304992
305964
307682
308569
308836
309787
309872
311169
311464
313500
317158
319681
322038
322300
324246
327412
328566
330377
330700
334880
336146
337059
337757
337784
338473
340730
340921
341508
341843
342129
342402
343285
343818
349978
350632
351868
358671
362582
364095
366201
366891
366982
374184
374513
375941
376175
378106
378110
384155
386120
387457
388231
388460
388631
389180
389755
389999
390298
392325
392473
392817
393007
394191
394811
395953
396877
398816
403439
403715
404747
405425
406254
406337
409492
410901
413409
415069
420008
421814
421816
421992
422454
422536
424038
425432
426528
429136
429376
429647
432409
433253
435689
438433
444669
446038
446681
446800
449998
452449
453662
453938
458513
458551
461941
463393
467064
468102
468801
469455
473073
473208
475957
476304
477544
480729
481277
483686
488021
488060
488858
492618
494978
502766
503163
504757
505157
505842
508423
508694
512537
512554
515527
517111
521827
523602
527334
531172
538246
540985
542598
547326
553155
554377
555387
555744
556758
568318
569289
569719
569855
572499
573038
573463
575338
575617
575791
576265
577906
580642
581173
582287
582367
582495
582653
582886
583201
583390
585918
586669
588900
589296
589835
593129
594641
596054
597173
599206
601489
604431
605636
606635
609169
610888
611333
612684
615169
617019
620964
621585
621899
622877
625267
628990
629666
630532
640830
642699
643388
643861
644279
644601
644897
645166
645710
645994
646209
646454
648418
650367
651486
654919
658501
659707
660025
661078
661250
661426
662265
663680
666285
671417
671753
672866
673390
673845
674467
675325
684152
686926
697091
699134
700211
702483
708805
712151
716755
718166
719067
720940
722541
723289
724197
728730
738338
740535
741647
745494
746461
746969
754633
760459
763736
765112
766744
767865
768011
768443
768801
771406
774788
775274
775477
776137
777206
778264
779597
780639
781439
781490
783852
785118
793628
794917
796032
796308
796669
798133
799736
799851
803115
803146
803846
804114
804353
804655
805766
807235
807991
808308
808669
808676
808949
809366
815532
815828
816077
816937
818495
818570
818968
820140
823020
824548
827169
828030
828295
828358
830164
831571
847698
848184
848875
849477
850781
852905
855848
857195
857462
870529
871367
873149
873716
875357
876567
876605
877368
877554
877901
878893
880233
881035
882163
885424
885664
885987
886431
889338
890997
892189
893985
894840
896986
897411
899078
899127
899775
900535
903395
903507
907262
908530
908671
910057
910766
911342
911854
915349
916705
917775
918125
918178
918464
919241
920118
922077
926831
927291
933391
933417
937548
937573
937696
937760
941834
941986
944124
944452
948654
951735
952629
953258
953958
954731
954942
959061
959510
960607
967017
968269
971256
972047
972622
972754
973484
974054
975102
975804
977180
977588
977801
978210
983983
984070
985348
985837
990693
991268
994701
994845
996171
996206
996454
996590
996765
998384
998642
998936
999905
999965
1000226
1002345
1003366
1008890
1010423
1010808
1012454
1012678
1013800
1014551
1014752
1015162
1017039
1018491
1018949
1019962
1020088
1020523
1020946
1020955
1021623
1024472
1024852
1025349
1027432
1027842
1028560
1028695
1029049
1029476
1029991
1030332
1030707
1031383
1031697
1032522
1032831
1033298
1033509
1033576
1034091
1034590
1034601
1034821
1035590
1035988
1036173
1037437
1037641
1037700
1038279
1038437
1038521
1038606
1038866
1038902
1039026
1039896
1040019
1040152
1040168
1040727
1040740
1040836
1042069
1042252
1042335
1042396
1042429
1042699
1042733
1042859
1043039
1043066
1043709
1043954
1043961
1044043
1044481
1044612
1044640
1045007
1045782
1045795
1046501
1046555
1047697
1047961
1048343
1048368
1048839
1048921
1049051
1049079
1049154
1049295
1049880
1050365
1050474
1050954
1052436
1053113
1053462
1054136
1055111
1055113
1055372
1058360
1059132
1059134
1060745
1061635
1062125
1063373
1063705
1063738
1063759
1063856
1063858
1064624
1066556
1066758
1067272
1068027
1068839
1069166
1069604
1069708
1069815
1070179
1071903
1072580
1075017
1076342
1077556
1077675
1077916
1078510
1079823
1081396
1081507
1081783
1085206
1085538
1085626
1086425
1086533
1086886
1088445
1089670
1091415
1091421
1092855
1093757
1095170
1097395
1097839
1098687
1099043
1101138
1102134
1102733
1102785
1102929
1102989
1103459
1104841
1106272
1107204
1109101
1109148
1110686
1112970
1113401
1114169
1117939
1118355
1118363
1122388
1122518
1124192
1125194
1125435
1125674
1125741
1126508
1126532
1128305
1128555
1131219
1131516
1132631
1134700
1134765
1135498
1136590
1136735
1136961
1137201
1140159
1140453
1140697
1142238
1143148
1144399
1146024
1150383
1150969
1151268
1151911
1153436
1157048
1160327
1165971
1166507
1168819
1169029
1169323
1171048
1173081
1173116
1173852
1178098
1180509
1181972
1182085
1184747
1184973
1192140
1192814
1193087
1197190
1199421
1200841
1201790
1204522
1205001
1205796
1208285
1209260
1210854
1211954
1212438
1213194
1214275
1216692
1218754
1219943
1220213
1221003
1222367
1224081
1224120
1224523
1225348
1226923
1227886
1229659
1229703
1230789
1231921
1232128
1233882
1235167
1238041
1238328
1239784
1239855
1242507
1243509
1243575
1244681
1244888
1245568
1245894
1246162
1247453
1248641
1250054
1252284
1252318
1252532
1253406
1253592
1256396
1257348
1257571
1258545
1258969
1259314
1260012
1260341
1260873
1261049
1262612
1263522
1264008
1264234
1267384
1267438
1268259
1269076
1272054
1274920
1277336
1279045
1281891
1283541
1285948
1288177
1288835
1290585
1291569
1292612
1292773
1293631
1293843
1297955
1299875
1301166
1302707
1303568
1304057
1304346
1308341
1308672
1312346
1313400
1313973
1314848
1320923
1321356
1323539
1334851
1336425
1337261
1340130
1340171
1341142
1341357
1342199
1344238
1344684
1344827
1345567
1347207
1348627
1348628
1349323
1349670
1350600
1351820
1352289
1354442
1355319
1355450
1355786
1357753
1360030
1361310
1365849
1370454
1373530
1375414
1376678
1377199
1380056
1382680
1384212
1384382
1387061
1389021
1389322
1389980
1390982
1392446
1392578
1392667
1397591
1398599
1399267
1400033
1400352
1401794
1403767
1403900
1405951
1406085
1406543
1407473
1407578
1408376
1408589
1408779
1408871
1409647
1409697
1409909
1410388
1410531
1410651
1411094
1414055
1414463
1415007
1416126
1416431
1416451
1417810
1417932
1418585
1419300
1419963
1420189
1420335
1420443
1420701
1420917
1421696
1422914
1424073
1424231
1424502
1426037
1426085
1426464
1426523
1426630
1427052
1427167
1428605
1428608
1428744
1429224
1429506
1430490
1430615
1430787
1430895
1432258
1432538
1433684
1433851
1434129
1434596
1434714
1434978
1435166
1435208
1435499
1436347
1436750
1438900
1439190
1440184
1440276
1441056
1442179
1443188
1443307
1444113
1444603
1446829
1446871
1447479
1448050
1448531
1450301
1450460
1450698
1451196
1451245
1451908
1452092
1452965
1454081
1454443
1455099
1455577
1455828
1457236
1458499
1459249
1461165
1462781
1463008
1463536
1465540
1465640
1466528
1468237
1468559
1469181
1469286
1474610
1475456
1475654
1477974
1478361
1481332
1481471
1482088
1483233
1483812
1483845
1484458
1487219
1489961
1490560
1492347
1492625
1492758
1494764
1495063
1497232
1497396
1498045
1498848
1499733
1500723
1501991
1503318
1503411
1503730
1506346
1508151
1508592
1509298
1510815
1511390
1513505
1515284
1515835
1516799
1517001
1517254
1518715
1519064
1521674
1522021
1525012
1525968
1526288
1526473
1526991
1528814
1528916
1530555
1531506
1533556
1539624
1541413
1542795
1543544
1544701
1544707
1549551
1550299
1551151
1553095
1554993
1557510
1558050
1559709
1561779
1562223
1562388
1562592
1562974
1563398
1565465
1566434
1566727
1566749
1567218
1567544
1567577
1568809
1569083
1569705
1569860
1570125
1570689
1570826
1572469
1572621
1572777
1572925
1575323
1578872
1579912
1580914
1580918
1581175
1582134
1583171
1585083
1585306
1585559
1585686
1585775
1586493
1586744
1587268
1588991
1589168
1589503
1591777
1591836
1592273
1592441
1594735
1594941
1597641
1598298
1600357
1603361
1603518
1604864
1606640
1606904
1607097
1607231
1610801
1611366
1612497
1612683
1613460
1613529
1614826
1617811
1618517
1619806
1620048
1624284
1624687
1624936
1625549
1630268
1632976
1633880
1634037
1635399
1635912
1644905
1645651
1646109
1647674
1648256
1648674
1650062
1650665
1650703
1651128
1651643
1652446
1652480
1653745
1654452
1654899
1655300
1655847
1656027
1656908
1656982
1657648
1657829
1658489
1659025
1659901
1660698
1661861
1662448
1662482
1663286
1663438
1663502
1663512
1663602
1664385
1664475
1664476
1665282
1665702
1665989
1666234
1667013
1667335
1668165
1668381
1668442
1669290
1669998
1670005
1670961
1672280
1673854
1674026
1674516
1674584
1674707
1676578
1677118
1677153
1677394
1678100
1678293
1679604
1680073
1680366
1680907
1681051
1682025
1684291
1684595
1684788
1685608
1686783
1687518
1688628
1689009
1690127
1690750
1692152
1693832
1696158
1696774
1697736
1698973
1699278
1699596
1703054
1703605
1703928
1705348
1705506
1705571
1706113
1707128
1707481
1707555
1708408
1709378
1709590
1711118
1711252
1711769
1712095
1712369
1712600
1712957
1713035
1714462
1715518
1716035
1716666
1717194
1719010
1719533
1719664
1720016
1720525
1720964
1721968
1722335
1722938
1723010
1724113
1726413
1726686
1727249
1727284
1728387
1728438
1729997
1732319
1732351
1732915
1734162
1734358
1734402
1734693
1735174
1738551
1740048
1741168
1741839
1742042
1742911
1743906
1745930
1746455
1746596
1751590
1751882
1754088
1754222
1755550
1755705
1756941
1758503
1761056
1761215
1761240
1761583
1766993
1768042
1769093
1769713
1770510
1770755
1771490
1772634
1775100
1775794
1775985
1780978
1781282
1781614
1783886
1786077
1786807
1787514
1788657
1789534
1791734
1791822
1794324
1798724
1798985
1799002
1799688
1800375
1800447
1801071
1803599
1803835
1804514
1804766
1805297
1805484
1809387
1812071
1815487
1817005
1819175
1819477
1821891
1822149
1822211
1823607
1827076
1828934
1830620
1831574
1836055
1837153
1837338
1838569
1838899
1839169
1841564
1842134
1842173
1842359
1842479
1842806
1844361
1844822
1846030
1846091
1847672
1848413
1854425
1855613
1857180
1857580
1857792
1859086
1859748
1862245
1862349
1864130
1864337
1864698
1865914
1866045
1867938
1868630
1872334
1874750
1875562
1876455
1876757
1883695
1884495
1884714
1885740
1886863
1887893
1888205
1888783
1889139
1889329
1890660
1891492
1891555
1891601
1891864
1893741
1897644
1897812
1898059
1899614
1900659
1900754
1905287
1907311
1912902
1915791
1915848
1916754
1917550
1918316
1918808
1918972
1919381
1919557
1919591
1920692
1920802
1924285
1924540
1924745
1927597
1928223
1928420
1928521
1929527
1929886
1932265
1932721
1933277
1936338
1938199
1938366
1938437
1938973
1941802
1945748
1946458
1947323
1947482
1948333
1950276
1950377
1950779
1950837
1951377
1951796
1952344
1955165
1955276
1956019
1958895
1959966
1963155
1965104
1966963
1968763
1969352
1969671
1970621
1970768
1971006
1972778
1973107
1973394
1974394
1974742
1975000
1975128
1975134
1975721
1975760
1976446
1977820
1978107
1978132
1978600
1980461
1982850
1982973
1985117
1985744
1987731
1988785
1989682
1992214
1993545
1995487
1995552
1996665
1997922
1998041
1998385
1999177
1999232
2000990
2001565
2001779
2002020
2002095
2002273
2002318
2002633
2002977
2003717
2004800
2005639
2006491
2006659
2007551
2007729
2008565
2009280
2009319
2010919
2010973
2012027
2012103
2014289
2014675
2015766
2015880
2018708
2019051
2020005
2020822
2021113
2021277
2021301
2021583
2021697
2023220
2023970
2024853
2024964
2025145
2025229
2025623
2025783
2026027
2026047
2026145
2026200
2026614
2026668
2026977
2027694
2027712
2028334
2029409
2029581
2030647
2031192
2031381
2031427
2031693
2032177
2032827
2033076
2033398
2033845
2034336
2034561
2035253
2036729
2036794
2039495
2041026
2042362
2043386
2044556
2044647
2045607
2045891
2046335
2047913
2049409
2049613
2050043
2050430
2050908
2052209
2052446
2053137
2053597
2053902
2054450
2054497
2056239
2057996
2058018
2058179
2059099
2059279
2061378
2065189
2065369
2067690
2068116
2070623
2071557
2072086
2074366
2074579
2074736
2076988
2077431
2078038
2078086
2078641
2079643
2081189
2083600
2083989
2085125
2085963
2086543
2088477
2089079
2094597
2095808
2097520
2098120
2099618
2099732
2099762
2100372
2101448
2102066
2104944
2107640
2109440
2111136
2111155
2112037
2112045
2113521
2115179
2115392
2116831
2116873
2116997
2117075
2117386
2118210
2118751
2124521
2124568
2126336
2126628
2127166
2128814
2132065
2135095
2135195
2135628
2136634
2136878
2138260
2142115
2142808
2146592
2147576
2150472
2152140
2153411
2153492
2154871
2157225
2158637
2158641
2158950
2159024
2159587
2159994
2160393
2160614
2160699
2161628
2161803
2162124
2162127
2162303
2163920
2165350
2165359
2165585
2165704
2165783
2165868
2166460
2166612
2167059
2167069
2167628
2168031
2169641
2169682
2170175
2170279
2170884
2170997
2171395
2171540
2171997
2172151
2172255
2172735
2172903
2173370
2173831
2174216
2174262
2174433
2174812
2174863
2174884
2174951
2175140
2175549
2175589
2176637
2177134
2177195
2177485
2177558
2177693
2177845
2179285
2179688
2180434
2181352
2182207
2182904
2183393
2183720
2184171
2186842
2188284
2188599
2189522
2189783
2189960
2191154
2192793
2194958
2196427
2196873
2197134
2197886
2198425
2198952
2199563
2201549
2202415
2202426
2202445
2203386
2203637
2203785
2204927
2205085
2208838
2208987
2209043
2210403
2211346
2212145
2214329
2214642
2215051
2215348
2215567
2216268
2216665
2216775
2216857
2217097
2217990
2218335
2219565
2219901
2220236
2220870
2220884
2222258
2223786
2224243
2224530
2225029
2225291
2225373
2226394
2227488
2230358
2230626
2230891
2231651
2231798
2233558
2233728
2234987
2235359
2236029
2237846
2238083
2239125
2239922
2242017
2245056
2246861
2250727
2252362
2252900
2253070
2253224
2253275
2258493
2259200
2260096
2261876
2262362
2262561
2262580
2262734
2262898
2263768
2264411
2264565
2264836
2267476
2269259
2269433
2269466
2272127
2273370
2275159
2275731
2277976
2281683
2283910
2284827
2284916
2286089
2287557
2293174
2293670
2294673
2294930
2295682
2297059
2297954
2299515
2300070
2300557
2301494
2302798
2304614
2304802
2317412
2317939
2326443
2327991
2328702
2329005
2331779
2331950
2332629
2332695
2332706
2332825
2333596
2334125
2336237
2337038
2337697
2338479
2340191
2343213
2344432
2345650
2346387
2346946
2347697
2349641
2358811
2359167
2359959
2361642
2361926
2362715
2365334
2365869
2366885
2367925
2368240
2369793
2370385
2370394
2370643
2370719
2370927
2371098
2371939
2371990
2372539
2372771
2372919
2373272
2373376
2373379
2373529
2373953
2374097
2374144
2374208
2374214
2374682
2374692
2374848
2375250
2375560
2375636
2376134
2376408
2376987
2377043
2377317
2377339
2377489
2377493
2378335
2378755
2378906
2379192
2379641
2379949
2380062
2380077
2380129
2380402
2381115
2381548
2381657
2382217
2382286
2382340
2382535
2383625
2383730
2383915
2384085
2384342
2385006
2385122
2385275
2386964
2386971
2387087
2388441
2388655
2389217
2389431
2389704
2389816
2390948
2391536
2391820
2394377
2394426
2394749
2395665
2396846
2397123
2397316
2397370
2399741
2401364
2402268
2403466
2403745
2404267
2404339
2406102
2406269
2406812
2407047
2407989
2408105
2409244
2409728
2410680
2410821
2411991
2412667
2412670
2413179
2413471
2413720
2414984
2414992
2415731
2415883
2417255
2417913
2417997
2418865
2419694
2419743
2419908
2420024
2420187
2421174
2421846
2422525
2422540
2423501
2423736
2424209
2424264
2425840
2426360
2427254
2427317
2427508
2427810
2428647
2429972
2430076
2430897
2431176
2433020
2434404
2437319
2438040
2438679
2439344
2439606
2441119
2441369
2442681
2443697
2443841
2444916
2445155
2446452
2446996
2447610
2447623
2447921
2449164
2452537
2453755
2454133
2454535
2455783
2457340
2457380
2458016
2458306
2459601
2461507
2461774
2462785
2463246
2463808
2464479
2465144
2465195
2465998
2466897
2470083
2471115
2471370
2471799
2471831
2472127
2473267
2473288
2474030
2474830
2477312
2479880
2481589
2482146
2482859
2483674
2485062
2485414
2486548
2488578
2488671
2489442
2491154
2491739
2493532
2494129
2494321
2496002
2496048
2497261
2497289
2497855
2497965
2499338
2501326
2501486
2502637
2504348
2504969
2506538
2507645
2509414
2511075
2511265
2511406
2512098
2513239
2513784
2515172
2518751
2521821
2521937
2522330
2522867
2523180
2525106
2527875
2528535
2529021
2530467
2531677
2536293
2536924
2537860
2539302
2540620
2542361
2543572
2544590
2547299
2551672
2552153
2552381
2555591
2555791
2557219
2557844
2559817
2562301
2562602
2563391
2563685
2564685
2565287
2565378
2565538
2565717
2569908
2570643
2571196
2571722
2572079
2572144
2572798
2574003
2574004
2576280
2577605
2577826
2578261
2579888
2582693
2582696
2583069
2584175
2584347
2585460
2585874
2587430
2592115
2592464
2594403
2594780
2595227
2595962
2596561
2597456
2598169
2598347
2598556
2599297
2601702
2606157
2608560
2611467
2611872
2612124
2614416
2616041
2617390
2622013
2622066
2623111
2623399
2623808
2624282
2624780
2624809
2625190
2626356
2626386
2626581
2627065
2627355
2627468
2627849
2628492
2628912
2629144
2629275
2629577
2629717
2630232
2630237
2630903
2631321
2632627
2634027
2634368
2634652
2634843
2635102
2635362
2635515
2635525
2635527
2636037
2636236
2636253
2636414
2636986
2637013
2637074
2637501
2637591
2637832
2639721
2639913
2639995
2640320
2641379
2641679
2642566
2643825
2645284
2647171
2647609
2648578
2649021
2650875
2651269
2651319
2653338
2654817
2655705
2655846
2656004
2658348
2659949
2661232
2661522
2662274
2666745
2670226
2670909
2671702
2673470
2677139
2677885
2680576
2681126
2681227
2681825
2681906
2682361
2682808
2683062
2683135
2683345
2683501
2684312
2685523
2686995
2688017
2688173
2688415
2688829
2689009
2689045
2689980
2690514
2690751
2690758
2690878
2692192
2692453
2694042
2694671
2694974
2696378
2696807
2697155
2697274
2698063
2698372
2698421
2698423
2698578
2698693
2699443
2699558
2699596
2699860
2700486
2700501
2702656
2702868
2703059
2703570
2704120
2705005
2705794
2706062
2706699
2706710
2706954
2707201
2707511
2707777
2707938
2708793
2710640
2710677
2711771
2712354
2712552
2712935
2713809
2713880
2714307
2715307
2716121
2717883
2719242
2720642
2720867
2721627
2723904
2724409
2724506
2724549
2724864
2725142
2725454
2725471
2725799
2725979
2726902
2727796
2727830
2728325
2729195
2729200
2729290
2729786
2730442
2730756
2731135
2732537
2732600
2734304
2734403
2735024
2735439
2736086
2736894
2737780
2738125
2739516
2740803
2741789
2743109
2743336
2743604
2744024
2744169
2745383
2746449
2746691
2748258
2749030
2753122
2753154
2753679
2753738
2756027
2757163
2757425
2757641
2760242
2762762
2763026
2766004
2767140
2767604
2768436
2770191
2772193
2772752
2774616
2775512
2775678
2777437
2778134
2778718
2784420
2785963
2787186
2787357
2787968
2788879
2789320
2789700
2790692
2792010
2792075
2793171
2794079
2795108
2795640
2795968
2796392
2798500
2799190
2800485
2801544
2802874
2803064
2804064
2804531
2805113
2805324
2805544
2806706
2812996
2813255
2814512
2814680
2815074
2816276
2816617
2816776
2817047
2821666
2822618
2822885
2824877
2826666
2830326
2831810
2832542
2834355
2836584
2836704
2837217
2837252
2842325
2843164
2843425
2847375
2849138
2849157
2849303
2849319
2849634
2856129
2856503
2856524
2858737
2859204
2859594
2859659
2860009
2860666
2861713
2862873
2863283
2863538
2863652
2863952
2866354
2867568
2871142
2873918
2874956
2881077
2883256
2883363
