2288
2470
2659
2687
5182
7846
11240
11960
12852
14551
14883
17788
22803
23803
23832
25304
26803
27100
27314
27613
28112
29290
30445
32185
32711
32951
34578
35894
36998
37165
37662
38187
38874
39260
39296
39384
39433
39439
39809
40136
40681
41453
41482
41644
41952
42214
42598
42622
43109
43427
44363
45135
45186
45763
45834
45879
46273
46397
47911
47953
48250
49009
49034
50454
50494
50911
51741
52078
52459
52510
52581
53341
54364
54727
55485
57465
57778
58221
58679
60038
60072
61144
61746
62427
62533
64645
65171
66968
67046
69005
69350
70057
70844
71270
72020
72277
72339
72353
72459
73650
73741
73768
73848
75413
75609
76411
76666
77234
77663
77959
78113
79459
79529
80228
80790
81704
81886
81993
82087
82207
82306
82448
83027
83054
84207
84423
85541
85654
85848
86890
87018
87410
88471
89449
92415
92491
92792
93628
94605
94637
97063
97171
97657
99732
100954
101497
102035
103439
105060
105744
106713
107634
107837
108437
108453
109990
113843
115848
116287
116435
116697
116866
117497
117674
118125
118635
118654
120199
120809
120857
121914
122146
122610
124310
125681
126681
127186
128457
128712
129482
133251
133344
133831
135392
135793
136262
137467
139023
139097
139391
139672
140853
144848
145378
145480
146482
147259
148564
149019
150090
150240
154217
155306
156138
156156
156704
157409
158464
160284
161216
161864
162909
164782
165996
169410
170141
170454
170533
171462
174098
174478
175520
175961
177011
177122
178618
179025
181029
182803
183288
183545
185797
187143
187413
188538
188585
190613
190712
190991
191447
192060
192555
193328
193816
193828
194716
195104
195271
196087
197455
198928
199125
200223
200632
201229
201618
202158
204055
207164
208793
209127
209456
209740
210458
211882
213572
213838
216176
216623
216790
217319
218885
220202
220237
223441
223737
224532
225562
225725
226193
227575
228404
233887
234541
237249
238781
242013
246127
246620
247133
249210
249824
252145
252196
252439
252736
254022
257160
261989
264458
265513
265640
267164
267931
268757
269544
269573
272502
272692
273456
274084
278080
278349
280099
280555
280602
280672
284555
285296
286872
287192
287524
288464
288543
288767
288974
289828
290335
290855
292245
292568
292761
293298
294070
294319
294765
297410
298750
298895
300421
301359
301855
302128
303005
303917
303954
306136
306728
307053
307338
307669
308937
310064
310847
310973
311105
311541
311645
311960
312111
312405
313178
313408
313588
313866
314206
314330
314513
315412
315564
316452
316565
316998
317946
318278
318573
318592
319216
320127
320280
321016
321564
321568
323961
323981
324993
325077
325289
326877
327591
328118
329397
330561
330870
331059
331213
331434
331806
332813
333182
333636
334722
335983
336163
336169
337793
339095
339105
339155
339330
339760
340436
340902
340916
341244
341367
341602
342302
343014
343432
343780
344178
345013
345015
345671
345698
346747
346771
347013
347342
348401
348486
349191
349256
350140
350361
350395
351657
353747
356039
356486
358192
358829
359373
359510
359522
361917
362901
364482
364498
364645
365939
365949
366414
367859
368216
368407
368415
368602
369420
370451
371065
371800
372124
372286
374199
374346
374689
375949
376308
377042
377153
377353
377823
377982
378465
378609
379707
380221
380928
381623
383491
383751
384144
384151
386340
386964
387080
387430
387758
388319
388411
388829
389226
390287
390797
391515
392635
392685
392874
393076
394531
395071
396576
396857
397011
397695
397973
401515
401820
402441
404223
404791
405030
405826
405929
407071
407485
408427
408941
410825
410859
410962
411573
412402
413686
414765
414882
414949
415559
415706
417077
417895
417896
418242
418414
418957
418981
419810
419832
421634
422559
423009
426788
426923
427030
429612
429650
429768
429909
430990
432484
432863
433324
435387
435443
435615
435654
436134
436286
436400
438178
438221
438578
439327
439785
440056
440136
440340
441183
442013
442076
443299
446003
446612
446694
446801
447030
448226
448536
448894
448925
449668
450060
450268
450846
450983
451371
451535
451584
452007
452961
452983
453184
453505
453639
454253
454379
454898
455100
456498
456760
456877
458558
459709
459872
460529
461608
461839
462848
463106
463253
463808
464433
464558
465162
465219
465827
466021
468506
468846
470011
470309
470676
472243
472574
473589
473765
473955
473995
474689
474838
475028
476086
476675
477739
478382
478574
479260
479399
479539
480263
480316
481020
481296
481632
482567
482604
483662
484222
484867
485030
487710
488495
488708
489078
489367
489655
490260
490602
490698
491496
492765
494994
495837
497651
498267
500637
500771
501295
503572
504647
504856
505237
505460
505583
505838
506026
506613
508357
508940
510660
511319
511541
512374
513329
515463
518993
519805
520355
520492
521227
521819
523070
523370
523951
524033
526235
526657
527168
528060
529153
530428
530743
531169
532739
534582
537834
538238
539899
540246
541654
542951
543929
544507
544820
546021
546579
547792
547825
549762
550531
550598
550660
551944
552083
552500
553024
555377
556619
558380
559893
560517
564966
569294
569765
570696
572792
574964
576830
577926
580396
581701
581803
582197
583711
583785
583800
584666
586297
588742
589321
592429
592904
593247
593477
594209
594768
594908
597369
597623
598356
599307
599866
599907
600239
600289
601020
601914
601968
602128
604150
604798
605133
605466
607720
608181
609575
611941
613065
613331
613646
614533
615846
617500
617636
617780
618491
619902
621384
622982
623086
623675
625958
626019
626423
626479
626961
627844
629670
629834
630565
632142
632417
632573
633016
633436
633614
633795
635108
635399
635781
637009
639452
640509
641023
641463
644952
645881
645999
647280
648075
649159
651185
652184
654430
654532
655559
656719
659855
660387
660714
660908
661110
663714
665393
666245
667544
668056
668764
669072
669388
669418
669770
670196
675844
676219
676657
676698
677784
678927
680171
683915
685509
686229
688560
688795
689313
691453
695600
696274
696898
698212
698777
700354
703232
704664
705223
705772
706962
707422
709969
710484
710604
711311
713185
713276
713549
714059
714345
715068
715462
716289
718062
720026
721477
722258
724528
724989
725810
725831
727663
728764
728940
729295
729380
730514
730823
730843
731005
731368
731576
732743
733122
734828
734942
738523
739583
741676
742572
743751
746145
749998
750448
750861
751140
751317
752277
752829
752978
753257
753487
753925
754842
755289
755817
757388
757552
759462
759958
760287
763499
763866
764466
764686
765273
765650
765654
765954
767376
767642
768091
768931
769628
771649
772617
773690
774493
775349
775785
775902
776425
776680
777522
778606
778853
780208
780942
782201
782669
783908
784373
784512
785010
785471
785977
786190
786577
787754
788167
790383
791250
791998
793089
795189
796524
798111
798145
798932
800792
800901
802083
804663
805511
805715
805902
806624
807748
808151
809400
809743
810038
811139
812679
812786
815383
815530
815624
816341
816887
817531
820660
821632
822209
822711
822776
824542
826118
826982
827408
833351
834373
835103
835139
836257
836692
836822
836949
837782
841385
843021
843730
845070
845463
846673
847408
849217
849245
849635
849761
851779
852699
854091
854477
855060
855733
855847
857104
858234
858490
860723
863514
863600
864516
864647
865507
865570
865620
866214
866307
866511
866579
866669
867287
868073
868936
869310
870469
871527
872014
872537
874842
875752
876508
877049
877124
877677
878044
879302
880390
880655
881066
881690
882198
882812
884421
887179
888617
889168
889321
890581
891392
891502
891540
891765
891790
892321
892399
892594
892874
893464
894170
894209
895610
898605
900275
901150
901349
901443
902130
902486
903341
904290
907634
908886
910998
915285
917870
918773
918900
919100
920373
921198
923533
923972
924886
925589
927416
928404
930002
931200
931308
932104
933055
935502
936208
936652
942251
942772
942961
944079
945201
945448
945884
949234
949884
950073
951752
952606
953214
953260
955677
956143
956411
958227
958928
959036
959386
960201
961076
962124
962171
962502
962512
963649
963717
964234
964881
965142
965293
966378
968146
968761
969540
970472
971131
972131
974775
978577
978854
980333
981361
981910
982675
982702
982875
983302
983608
983755
983773
984026
984858
986416
987834
987909
989352
989856
990187
990298
991913
992140
992413
992902
993228
993557
993613
994034
994071
994202
994314
994671
995105
995300
995383
996140
997850
998068
999569
1000363
1000496
1000569
1001448
1001767
1001990
1002495
1003311
1004509
1005315
1006785
1008374
1009027
1009157
1009559
1010515
1011126
1012183
1012619
1013310
1013378
1016669
1019280
1019574
1020073
1020502
1022443
1022696
1026384
1028570
1028572
1029139
1029299
1029402
1031844
1033125
1033252
1033476
1035010
1035196
1036656
1038801
1039496
1042500
1043084
1046491
1047218
1047602
1050827
1054290
1054708
1055114
1056486
1057278
1059258
1060908
1061249
1061565
1063600
1065599
1067100
1067278
1067610
1068453
1071428
1074591
1074765
1079153
1080331
1080381
1080778
1080937
1082307
1083490
1083956
1084325
1084548
1085750
1086650
1086968
1087792
1089404
1092899
1093681
1093881
1094192
1095259
1096519
1096876
1097755
1098406
1100676
1102123
1102157
1104306
1104944
1109265
1109847
1112102
1112908
1113470
1114252
1115031
1117501
1119227
1119971
1120064
1122985
1123128
1125335
1125739
1126956
1127464
1127728
1132380
1133389
1134527
1137570
1137775
1140727
1144622
1144693
1145750
1145825
1146280
1146582
1147453
1147545
1147616
1147749
1153527
1154589
1155747
1156031
1156040
1160247
1160487
1162470
1165887
1169579
1169641
1170343
1172757
1172990
1173097
1174608
1174685
1175148
1175232
1175869
1176083
1176177
1178311
1178918
1183188
1183604
1185617
1187859
1192364
1193172
1194537
1194945
1195059
1198347
1200234
1200307
1200648
1205006
1207527
1208898
1209077
1211747
1212573
1214919
1216078
1216418
1216715
1216799
1217163
1218261
1220080
1222331
1223220
1230106
1231951
1233064
1233167
1233349
1235309
1236745
1240468
1242481
1245727
1245762
1246282
1248239
1249447
1250022
1250260
1250663
1250822
1254096
1254161
1255551
1256054
1257169
1257599
1257825
1258050
1259043
1259743
1261799
1263396
1263484
1264250
1265723
1265954
1266934
1266989
1267013
1267382
1267390
1269445
1270441
1271529
1271879
1272499
1273729
1274995
1276331
1278761
1279384
1280182
1280295
1281523
1283798
1283985
1285035
1285289
1285748
1287270
1289875
1292558
1296701
1297545
1297815
1298628
1298853
1299617
1299877
1300228
1303827
1304156
1305665
1306350
1306790
1307316
1309195
1309572
1310735
1311293
1312814
1315742
1316741
1317075
1317233
1318364
1318644
1318765
1322280
1323586
1326046
1326279
1328449
1330673
1331239
1332339
1333250
1334955
1335055
1335092
1335772
1336961
1337754
1338199
1339190
1340022
1340883
1342330
1346551
1348068
1349005
1349486
1353385
1355096
1357006
1357910
1359710
1362471
1363310
1368747
1369054
1370957
1371782
1372062
1374065
1374771
1377843
1378228
1379785
1380987
1382101
1386104
1386500
1386592
1387646
1388230
1388331
1389668
1389929
1390072
1390371
1390386
1391627
1391987
1394563
1394597
1395318
1397820
1398328
1400178
1401716
1401951
1403378
1404311
1405637
1405656
1407125
1408429
1410657
1411097
1411865
1411889
1412154
1412224
1412946
1415315
1415318
1416248
1416438
1416545
1417205
1422939
1423244
1424957
1425774
1426100
1426857
1427786
1431722
1432180
1435081
1435987
1436091
1437025
1438446
1438825
1439177
1439230
1439522
1439600
1441256
1441997
1442541
1443029
1443324
1443805
1444533
1447666
1447954
1448002
1449194
1449220
1450164
1450965
1451607
1453576
1453662
1454380
1454772
1455063
1455385
1455950
1456017
1457153
1457558
1458607
1459357
1459716
1460706
1460719
1461300
1461821
1462694
1463407
1463497
1464937
1465354
1466406
1467176
1467458
1469859
1469874
1471940
1472124
1472770
1474737
1475457
1476412
1477973
1478149
1479379
1479670
1480331
1481147
1482636
1482710
1482919
1483263
1483603
1483606
1488890
1490595
1490853
1493698
1495246
1495554
1499115
1500374
1500436
1501845
1501905
1502825
1503225
1503666
1504291
1504659
1505430
1505662
1506122
1507958
1508341
1511563
1511932
1512195
1512280
1512633
1512727
1513936
1517053
1517663
1519057
1519630
1520831
1520967
1521937
1523526
1523896
1523919
1527756
1529271
1530500
1530627
1531102
1532390
1535629
1536242
1538647
1539648
1540858
1541238
1542127
1542715
1543045
1543276
1547553
1549148
1550985
1552643
1556909
1558475
1559374
1559614
1559962
1560806
1561976
1562147
1563055
1564552
1565378
1569537
1570911
1571374
1572953
1574246
1574903
1576460
1576640
1577176
1579629
1581270
1582941
1584393
1588416
1592838
1596765
1596801
1599351
1599722
1600145
1600239
1600383
1600957
1601024
1602375
1602971
1603330
1605082
1605916
1605929
1606674
1606826
1606960
1608233
1608654
1610531
1610989
1614797
1616438
1616549
1618825
1621977
1622505
1622704
1622982
1624773
1624887
1625376
1625882
1626031
1628271
1629267
1629418
1629554
1630642
1632001
1632117
1632453
1637354
1637799
1638605
1640203
1640485
1641325
1642871
1644326
1644719
1644817
1645991
1646385
1647408
1649842
1650546
1652989
1655703
1655991
1656641
1657030
1658182
1666601
1667270
1671463
1673009
1674151
1674898
1677518
1681786
1682600
1682909
1683781
1684756
1685166
1686257
1687153
1690898
1691126
1693299
1694678
1698794
1699519
1700824
1702812
1705239
1705929
1706412
1706464
1706837
1707667
1708337
1709196
1709290
1711890
1712922
1714123
1714619
1714776
1714953
1715928
1716608
1716761
1717901
1717904
1718159
1722542
1723681
1723728
1724591
1727212
1728567
1730256
1731996
1738425
1738851
1739150
1742378
1743355
1744221
1747476
1748153
1748690
1748906
1750100
1750874
1750921
1752605
1753095
1753757
1757812
1758148
1759849
1760559
1760997
1761884
1762153
1768304
1768338
1768992
1769735
1770959
1772174
1774048
1774726
1775056
1776512
1779317
1779597
1780991
1781975
1782625
1784101
1784798
1789137
1790754
1791825
1796022
1796331
1798842
1799271
1799945
1801500
1801952
1802495
1809288
1810797
1810839
1815328
1817883
1819754
1819996
1821317
1822886
1822896
1823026
1823430
1823984
1824904
1826811
1827057
1827412
1827620
1827912
1828536
1829130
1832050
1832201
1832468
1832544
1832915
1832936
1833212
1833478
1833536
1833644
1833858
1835191
1835576
1836740
1839378
1840015
1840569
1841761
1841982
1842131
1842929
1844106
1844604
1846010
1846808
1849527
1850946
1851017
1852412
1854332
1856380
1857869
1858739
1858990
1860013
1860405
1862281
1863521
1863942
1866598
1866756
1867269
1871927
1871936
1872373
1872606
1874372
1876145
1878079
1878496
1878634
1881860
1882142
1883988
1884767
1884992
1885229
1885417
1886293
1886741
1886938
1887147
1888845
1889841
1891870
1892270
1892400
1892613
1895775
1896646
1896651
1897596
1898834
1899232
1899306
1901686
1902908
1902928
1903106
1903181
1903793
1904079
1904742
1907248
1908429
1908633
1909146
1910023
1910775
1911303
1912999
1913029
1913120
1917993
1918659
1920576
1920672
1924520
1925341
1926398
1926719
1929430
1932229
1933799
1934891
1935259
1936535
1937701
1939306
1941328
1942319
1942375
1942553
1942598
1942747
1947158
1947557
1947886
1949052
1949230
1949802
1950419
1951473
1952538
1953036
1953487
1955336
1957487
1958356
1958578
1958796
1959248
1959886
1961472
1961483
1963599
1964222
1969010
1969108
1970470
1972032
1973714
1973836
1974252
1975794
1976993
1977916
1979314
1981567
1981800
1985100
1985679
1985853
1985886
1986072
1987262
1988153
1991554
1996030
1997016
2001295
2001824
2006345
2007382
2008525
2010635
2011615
2012028
2017050
2018674
2019021
2019777
2021862
2027075
2029211
2029285
2031074
2033340
2034677
2036726
2039272
2040475
2040602
2040903
2041010
2041628
2042523
2049414
2054170
2060562
2063114
2067680
2067958
2071662
2071744
2073409
2073766
2074190
2077402
2078202
2079048
2079433
2082787
2090048
2091331
2091607
2094345
2094502
2098745
2099708
2099959
2106310
2107823
2109520
2110733
2111648
2125122
2126037
2126834
2127987
2131237
2133682
2136780
2137802
2139943
2140895
2152423
2156489
2160415
2160716
2162853
2167224
2172188
2172313
2172613
2174590
2176602
2176688
2178390
2179560
2181885
2182627
2191749
2191984
2192841
2194347
2196038
2198626
2198634
2198761
2201527
2202001
2203668
2206875
2208041
2210690
2211116
2211658
2212015
2213386
2214391
2215175
2216807
2217502
2224181
2225630
2228168
2228552
2229496
2230265
2231038
2231727
2231756
2231907
2237746
2237888
2239654
2242238
2244719
2245515
2249912
2250742
2253326
2253561
2254480
2255422
2257106
2260812
2260983
2265623
2266226
2267969
2268295
2268477
2272322
2272334
2273980
2274892
2274976
2275264
2275462
2276919
2276957
2277078
2277511
2278962
2279536
2282257
2282887
2284076
2285144
2286391
2288046
2288783
2289177
2297699
2297715
2298273
2299709
2299992
2301516
2301650
2302042
2302318
2309948
2310382
2318429
2322192
2322702
2325458
2325859
2325966
2326367
2327684
2328173
2330786
2332501
2333735
2340770
2344099
2344720
2349181
2354136
2354967
2356944
2359324
2359478
2361413
2362111
2365099
2365213
2366947
2368228
2370659
2371188
2373864
2376144
2378225
2378450
2385731
2385852
2387826
2397131
2400188
2404463
2406070
2406127
2410182
2410687
2414817
2416046
2417224
2419230
2420721
2427399
2428370
2428531
2430977
2432935
2441697
2446049
2446754
2446794
2448742
2449475
2450180
2450833
2451357
2452881
2458150
2459073
2464700
2471928
2474477
2477251
2478947
2481723
2483960
2486107
2488677
2488713
2494353
2495368
2495447
2496845
2499434
2501501
2504672
2506171
2508485
2509573
2513064
2515899
2517018
2517232
2519786
2520527
2521039
2523665
2524592
2525493
2528793
2530834
2531729
2532622
2532889
2532942
2532999
2533414
2533624
2533916
2536137
2542330
2546952
2549029
2549468
2550857
2554693
2556145
2560064
2560346
2560434
2560517
2560652
2561913
2563881
2565233
2565918
2567901
2571058
2571617
2576513
2577117
2578129
2580856
2581693
2582055
2582154
2582286
2583650
2585104
2585532
2585771
2586539
2586659
2587719
2590004
2592762
2594098
2594687
2595146
2596556
2597102
2597337
2599088
2599119
2599700
2599825
2601088
2603546
2604235
2604298
2604386
2609509
2610459
2611582
2613129
2613880
2614461
2615311
2615335
2618949
2619360
2619377
2619611
2619729
2620675
2621213
2621731
2622792
2624554
2625730
2626189
2628875
2630274
2632905
2637606
2638936
2639840
2639913
2640746
2642028
2642712
2645636
2651522
2651567
2652500
2653718
2654152
2654495
2655388
2656467
2657247
2657661
2659694
2659938
2661115
2661235
2668199
2669941
2672970
2675873
2678086
2680585
2682908
2686351
2690696
2695077
2697670
2698671
2699838
2700101
2702239
2703044
2706022
2708153
2708694
2710698
2710828
2713764
2719465
2723907
2724442
2724791
2727609
2728142
2733452
2734130
2734713
2735452
2738039
2744044
2744105
2746107
2746303
2746389
2747633
2748151
2752383
2752921
2754027
2755249
2759385
2762804
2764450
2768040
2769273
2772616
2772711
2773082
2774674
2777851
2779155
2782024
2785619
2787352
2787459
2787661
2788072
2789895
2790930
2791904
2792880
2793070
2793922
2802316
2805225
2805242
2815545
2815660
2818327
2819305
2819429
2820231
2823010
2826151
2830587
2830858
2831779
2834371
2837781
2840906
2841917
2843344
2844244
2845762
2846101
2847035
2847098
2848868
2849666
2854304
2855738
2859770
2860999
2861455
2862188
2868175
2868662
2869594
2870075
2873066
2873576
2875689
2876089
2876315
2876504
2877314
2877857
2878783
2879109
2879577
2879581
2880369
2880498
2882025
2882063
2884699
2887896
2889281
2891162
2892367
2892549
2894229
2901422
2905761
2908765
2912525
2913374
2914777
2917547
2918369
2918964
2923573
2925763
2926064
2926267
2926575
2928492
2930813
2939444
2943041
2944763
2945886
2947813
2948243
2953757
2960897
2962472
2964235
2965406
2966547
2972617
2972849
2973511
2975316
2976780
2981656
2984549
2987700
2991633
2993705
2997275
2998304
3000022
3000094
3001506
3003058
3004021
3007461
3007685
3007872
3008983
3009336
3009551
3009598
3010425
3010630
3010893
3011756
3012055
3012994
3013350
3013434
3014878
3015057
3015534
3016216
3016564
3016700
3016986
3018216
3018908
3020041
3020462
3020466
3022992
3023094
3023512
3023571
3024529
3024724
3025090
3027918
3028990
3029227
3031674
3031792
3032255
3032468
3032935
3033465
3035547
3036206
3036609
3036971
3041425
3041782
3042119
3042262
3042931
3044089
3045432
3046442
3046774
3047261
3047862
3048594
3049909
3051755
3052686
3052720
3053470
3053850
3053980
3054159
3054895
3054976
3056208
3056283
3059057
3059832
3059850
3060515
3060725
3060751
3061583
3062023
3063787
3064511
3064696
3065145
3065615
3067315
3069183
3069827
3070526
3070725
3071099
3073130
3073635
3074397
3074550
3075252
3076130
3076512
3077172
3078308
3078331
3079255
3079540
3080326
3080357
3083192
3083388
3084169
3084366
3085119
3086116
3086382
3086563
3088858
3089494
3089750
3090086
3090530
3090838
3091155
3091488
3091891
3092221
3092780
3092902
3093636
3094308
3094973
3097889
3097983
3099492
3099877
3099959
3102361
3102734
3102768
3104940
3105958
3106322
3107164
3108040
3108121
3108995
3109104
3110951
3112689
3112768
3118231
3118534
3121185
3121693
3125900
3130867
3131155
3131558
3131914
3134688
3135019
3136995
3137734
3138633
3138742
3139679
3140041
3140886
3141843
3143765
3145434
3148564
3149656
3149730
3151559
3152541
3153229
3153423
3154484
3154645
3162903
3167045
3168541
3168663
3168889
3174426
3178252
3179957
3180964
3182840
3183069
3184425
3184435
3186295
3186586
3186633
3190097
3191946
3192181
3192587
3193070
3194773
3194921
3195688
3198063
3198194
3200796
3201377
3201754
3201894
3204394
3205723
3206080
3206825
3207106
3207574
3208786
3209335
3209681
3210824
3212247
3213256
3214788
3214923
3217252
3218808
3219980
3220099
3220283
3222240
3222742
3222996
3223098
3223755
3224819
3228367
3228652
3230244
3232827
3233577
3234237
3235001
3237115
3237185
3240719
3241308
3241372
3243273
3243938
3246658
3247505
3248829
3250425
3251482
3251537
3253121
3254672
3255931
3256477
3258174
3258190
3258419
3259406
3260446
3260536
3261341
3262669
3262977
3264608
3264901
3266914
3267194
3270047
3271201
3271952
3272390
3273460
3277496
3277871
3278429
3278540
3279662
3281092
3285301
3286326
3290361
3291480
3291937
3292057
3294480
3295283
3297876
3298426
3300164
3303702
3313474
3314148
3315594
3317479
3319650
3321890
3322372
3322509
3323551
3324213
3324517
3324636
3326204
3326366
3327194
3328647
3329559
3330435
3331011
3331236
3331355
3335535
3336023
3339965
3342276
3343933
3343980
3345688
3346319
3347239
3348713
3348835
3348930
3351216
3352254
3353551
3354478
3355307
3356196
3358624
3359218
3359235
3360113
3361076
3361809
3362610
3362658
3363840
3364794
3365225
3365588
3366752
3368918
3369404
3369716
3370224
3373973
3379050
3379068
3379597
3380594
3382069
3382192
3382508
3383697
3386475
3388670
3389235
3390105
3391631
3392598
3393454
3393803
3394640
3395065
3395675
3396297
3396807
3396862
3397828
3398325
3399615
3400418
3401131
3401268
3401402
3402679
3403108
3403612
3403636
3403804
3404695
3404813
3405345
3405687
3407785
3408017
3408448
3408515
3408681
3408901
3411044
3413669
3415470
3416419
3417804
3417994
3418786
3419357
3419927
3425126
3427973
3431855
3432246
3434093
3435093
3435939
3437985
3439057
3440742
3447311
3449411
3451237
3452380
3457668
3457953
3458092
3458795
3459488
3459791
3460050
3461911
3462670
3463998
3464044
3469750
3472518
3476857
3479427
3479658
3481637
3484894
3485885
3488058
3488725
3491040
3493500
3493921
3495350
3495889
3496568
3498296
3500079
3500183
3500341
3506548
3509133
3509332
3510372
3513436
3514052
3514518
3515239
3516114
3516218
3517644
3518540
3519155
3522746
3526245
3526448
3526815
3527011
3528771
3529820
3530665
3532356
3538680
3544231
3546449
3548776
3550008
3551196
3552616
3552982
3553033
3554226
3554996
3555254
3555523
3558248
3558310
3562192
3562746
3563174
3575056
3576458
3576667
3577570
3577683
3578729
3581321
3581569
3583029
3584120
3584541
3584966
3586960
3587315
3588416
3589724
3590073
3591223
3591418
3593561
3594256
3594509
3594806
3598743
3600681
3601080
3603205
3603344
3604422
3606109
3606567
3606830
3608034
3608637
3610028
3610195
3612377
3613573
3623389
3623777
3626337
3626843
3627226
3629602
3629686
3634926
3635150
3635740
3646986
3647928
3650052
3650424
3656139
3661445
3664013
3664482
3665380
3668940
3670687
3671177
3672006
3672730
3674306
3676968
3678220
3681969
3682005
3683681
3684041
3687523
3687634
3688128
3688728
3689327
3689488
3695320
3696118
3697024
3699258
3701553
3701846
3704102
3704216
3707416
3709237
3714948
3715961
3717101
3725411
3728289
3728506
3728575
3733305
3733849
3733996
3734146
3734612
3735484
3739693
3742330
3742422
3747097
3747288
3748578
3749846
3752959
3756224
3759032
3767439
3767648
3767820
3769075
3770340
3774590
3775798
3776278
3782152
3782512
3783042
3785013
3785179
3786490
3787498
3787713
3788176
3790575
3792607
3798898
3799313
3801137
3802060
3807327
3809472
3810362
3811779
3813494
3813740
3815254
3815328
3816239
3818460
3820737
3821894
3823048
3825968
3825971
3828692
3828899
3829864
3830467
3830548
3834311
3837660
3838372
3838731
3839151
3844434
3847986
3851717
3853791
3864023
3864419
3864454
3864651
3865338
3866509
3866620
3866701
3867633
3869492
3870542
3871689
3873180
3873417
3873533
3873627
3874946
3874999
3875928
3879269
3879531
3879633
3880367
3880622
3880706
3881092
3881759
3881822
3882422
3882854
3882943
3883572
3883592
3884200
3884600
3884975
3885043
3885683
3886063
3886295
3888716
3889345
3890044
3890583
3890759
3890894
3896123
3896934
3897593
3897783
3898155
3898577
3899112
3900166
3904423
3904660
3905390
3905576
3906070
3906871
3907116
3907672
3908944
3910641
3911358
3912212
3912965
3913592
3914705
3915048
3916046
3916104
3917161
3919942
3920039
3920080
3920995
3922564
3922726
3923136
3924853
3927952
3928090
3928935
3929077
3931368
3932824
3934754
3936292
3936965
3937563
3938056
3938495
3938748
3938810
3939433
3940715
3942827
3943030
3943136
3943251
3943639
3943942
3946639
3946652
3947340
3947778
3950616
3951247
3953479
3957087
3959156
3959810
3960634
3961173
3961465
3961921
3962252
3962391
3963628
3965250
3965956
3966885
3968135
3968801
3970356
3970519
3973844
3975695
3975700
3975747
3975791
3979234
3979469
3980229
3982924
3984831
3984937
3985139
3988393
3988922
3989587
3990098
3994583
3995628
3996538
3997835
4005460
4007217
4009128
4010330
4012043
4012453
4013132
4014169
4014888
4024220
4024247
4025271
4031274
4032816
4033569
4036554
4039100
4039168
4039978
4039995
4041503
4043487
4044835
4045824
4047223
4049219
4049388
4049531
4050244
4050361
4052038
4052558
4052796
4053323
4053950
4056009
4057768
4060088
4060759
4061986
4062561
4065413
4066694
4070709
4076167
4076326
4076373
4076390
4077545
4077551
4080075
4081333
4082045
4082094
4083232
4083633
4083877
4083993
4084812
4085197
4087739
4088742
4093403
4095939
4096814
4098149
4102682
4104238
4106274
4107686
4107863
4109291
4109839
4113571
4116160
4118211
4118388
4121191
4123293
4125675
4126439
4127911
4128935
4129037
4129622
4129773
4131864
4132799
4133636
4135289
4136297
4138570
4146212
4147169
4147750
4147967
4150587
4153598
4159116
4160385
4160866
4161500
4161809
4162425
4162496
4164410
4164845
4169745
4170118
4170346
4172738
4176679
4177271
4177452
4184743
4185204
4185604
4186337
4186671
4186910
4187651
4190048
4190527
4190839
4191895
4192557
4194535
4197639
4198049
4199262
4199702
4203380
4204640
4205023
4206368
4208572
4208636
4208894
4208983
4209042
4209154
4209361
4209407
4209537
4209556
4209601
4209994
4210008
4210047
4210123
4210131
4210255
4214008
4214039
4216232
4219528
4219955
4221069
4221697
4227011
4232135
4233276
4234302
4237471
4238322
4238677
4242071
4243466
4243691
4244549
4245175
4245818
4249673
4252030
4253061
4254340
4255257
4259163
4259644
4261970
4262067
4262377
4265563
4266093
4266640
4266688
4267224
4267556
4269728
4271071
4272510
4273071
4276315
4276442
4276828
4278551
4282466
4284064
4286829
4289149
4290867
4291546
4294470
4295340
4297992
4299336
4299392
4299415
4299666
4305237
4308111
4308615
4310607
4311054
4312296
4315937
4318229
4318818
4323732
4325484
4327886
4332849
4333869
4335787
4337928
4338737
4338885
4339103
4339589
4343527
4345058
4345695
4352777
4356236
4356383
4361225
4361510
4362241
4362242
4364405
4366633
4368102
4371338
4372729
4385468
4387537
4387840
4389585
4389706
4392829
4393884
4394425
4396704
4400885
4401132
4402524
4404338
4405177
4405509
4406505
4406639
4406776
4406902
4406947
4407311
4408350
4408970
4408977
4409117
4412314
4413794
4414531
4414681
4414842
4414866
4416356
4416643
4417019
4417337
4418018
4418487
4418608
4420625
4421410
4423081
4424646
4425381
4427813
4428607
4429384
4430088
4430257
4430586
4430849
4431734
4432476
4432930
4433562
4434974
4435036
4435160
4435340
4436242
4436774
4437203
4437600
4438156
4438491
4438917
4440348
4441172
4442418
4443590
4443840
4445035
4445819
4446002
4446038
4446073
4447012
4447516
4448101
4448986
4449715
4449993
4451479
4452873
4454264
4454507
4454578
4456287
4456710
4456789
4457120
4458105
4458157
4459882
4460893
4460936
4462927
4465064
4465277
4465679
4466221
4469685
4472555
4473594
4475052
4476773
4478074
4478199
4478359
4481901
4482459
4483066
4483967
4487016
4487422
4488365
4492894
4494556
4494633
4496133
4496706
4499142
4500552
4502060
4502131
4502489
4502895
4503367
4504096
4504688
4504724
4505060
4505277
4505864
4506685
4508858
4510629
4512595
4513997
4516081
4516901
4517452
4517518
4517537
4517805
4518559
4520440
4522126
4523122
4523674
4524907
4526105
4526833
4526995
4527030
4527630
4528251
4528471
4528724
4529728
4530439
4533073
4534350
4535336
4535766
4535979
4536600
4542154
4542671
4542822
4543857
4543963
4544970
4545321
4545970
4546438
4547881
4548658
4548725
4550195
4550786
4552405
4552798
4553588
4553682
4554092
4557338
4557862
4560465
4560791
4561335
4561997
4562519
4563452
4564404
4565073
4565836
4567222
4568791
4569106
4571025
4571371
4571715
4573127
4573213
4574935
4574966
4575555
4575769
4576414
4577836
4580797
4580815
4581061
4582876
4584058
4584676
4585487
4585934
4591418
4591813
4593252
4594097
4594311
4594918
4595631
4597704
4599014
4599718
4602895
4603059
4604415
4608384
4608967
4609445
4611733
4614288
4615044
4615599
4615853
4617849
4619071
4621392
4625788
4629104
4629439
4631561
4632131
4633044
4633776
4635527
4637725
4638746
4639439
4639957
4640219
4641072
4642160
4642471
4643622
4647450
4651104
4651329
4654520
4655293
4657355
4657534
4658116
4661406
4663288
4663893
4664071
4665061
4670292
4671825
4678196
4678690
4679545
4681035
4682671
4683159
4683315
4684978
4688151
4689532
4690146
4695883
4697643
4706563
4706655
4709145
4709668
4710245
4710812
4711279
4713059
4714012
4715602
4716873
4719557
4720003
4722533
4722726
4723106
4724707
4727596
4727621
4729657
4730548
4730751
4732042
4732051
4733061
4734151
4736183
4736595
4740923
4744348
4745235
4748753
4752699
4752847
4752862
4756488
4761544
4766085
4766828
4770525
4772097
4772286
4772334
4776107
4776561
4780248
4782209
4782794
4784424
4789349
4792459
4792693
4793035
4793804
4795064
4798613
4800930
4807956
4808046
4808326
4810389
4810861
4812414
4820320
4821287
4821341
4823363
4823776
4824689
4825530
4827415
4828124
4831428
4831874
4833310
4836385
4837201
4838472
4841282
4844317
4845485
4849018
4849037
4852458
4852815
4853282
4854414
4856310
4856419
4856621
4858681
4860209
4865451
4868610
4870124
4871085
4871200
4874436
4876857
4877737
4879277
4883192
4885108
4886913
4887268
4888217
4888602
4890902
4891225
4891603
4891627
4894103
4894638
4895298
4899767
4901341
4901685
4903472
4904233
4907966
4908158
4909642
4912242
4912256
4912740
4914700
4915262
4917544
4917843
4918763
4922271
4922773
4924570
4925191
4928731
4936833
4937245
4937665
4940460
4942387
4947511
4947771
4950258
4952686
4953807
4957657
4961008
4962257
4962437
4962724
4964379
4964524
4967494
4968708
4969560
4974995
4976156
4979512
4981035
4983700
4984343
4984624
4985334
4988120
4990590
4993036
4995913
4995970
4997125
4998683
4999028
5005021
5005313
5005459
5005976
5007340
5009930
5010893
5012106
5012509
5018867
5024188
5026124
5028414
5030644
5032562
5032866
5033950
5034252
5035236
5035422
5037705
5038137
5038494
5039773
5041090
5043870
5044024
5044513
5044866
5046341
5048505
5050003
5050070
5051138
5051508
5053771
5058468
5059100
5059395
5061502
5062988
5064737
5065410
5066456
5067250
5071305
5074367
5076234
5077673
5078402
5079460
5079547
5079962
5082350
5083558
5083779
5083853
5089564
5096015
5097303
5097490
5099694
5101765
5102709
5102788
5103353
5104590
5104973
5105202
5105548
5108626
5118618
5118860
5119386
5119826
5123891
5126610
5127474
5130219
5131399
5131420
5132033
5133208
5133557
5135511
5136099
5137838
5138949
5139059
5139239
5142110
5144302
5144742
5147166
5148129
5153444
5153481
5153939
5156624
5157216
5164923
5167813
5167815
5173925
5175249
5176488
5177730
5181077
5182931
5183991
5186117
5189564
5189694
5190400
5190536
5192243
5193222
5195261
5198559
5200077
5200908
5202756
5204966
5208223
5214198
5215507
5217256
5218900
5223456
5223544
5225174
5229644
5230904
5235633
5235923
5237284
5237854
5240946
5241209
5243273
5251754
5256087
5259429
5259750
5261376
5261974
5262120
5262530
5264990
5265423
5265700
5265846
5266775
5267211
5268938
5269816
5272012
5274245
5277392
5280642
5284102
5288482
5292436
5293223
5295852
5296775
5297503
5298041
5299629
5300570
5301223
5304729
5305719
5307082
5307363
5310563
5312578
5314169
5315048
5322059
5323843
5324739
5325605
5326565
5327596
5328054
5329174
5333183
5335040
5337313
5337439
5338323
5341227
5341674
5348124
5351957
5355159
5355999
5356919
5357015
5358226
5358237
5359669
5360287
5362943
5365900
5366792
5367625
5369441
5370223
5370367
5374249
5377043
5377430
5378083
5379229
5380699
5382400
5382532
5382669
5384278
5385769
5387308
5393499
5398816
5399625
5400577
5400915
5402484
5404625
5405053
5406389
5407636
5408264
5410499
5411828
5413782
5415332
5417007
5418382
5419153
5419565
5420188
5422480
5422607
5422831
5424454
5425100
5425303
5425970
5426094
5426229
5426248
5426467
5428381
5428686
5428925
5430553
5432099
5432374
5433069
5433216
5434614
5437421
5437507
5438177
5438364
5441130
5443477
5443853
5444511
5445401
5446046
5447177
5449373
5449675
5450265
5451242
5452274
5452373
5452971
5454988
5455960
5456251
5458215
5458603
5461946
5462000
5464937
5465687
5465748
5465868
5466413
5466641
5467221
5468271
5468438
5468794
5471398
5471810
5472712
5477668
5478150
5479162
5479189
5481371
5482213
5483247
5483380
5484686
5484967
5487094
5487127
5490548
5492096
5492474
5493238
5495038
5495401
5495562
5495625
5496177
5496270
5496782
5497941
5499658
5502913
5503026
5505342
5505908
5506985
5507531
5509808
5519815
5519981
5520919
5521882
5527910
5527924
5528141
5529337
5529463
5530558
5533140
5536942
5537000
5543273
5543562
5548592
5550010
5551654
5553703
5554464
5555942
5557902
5559853
5561134
5561320
5564900
5565645
5565947
5569676
5571081
5574794
5577209
5577224
5578228
5580689
5582467
5583368
5584011
5585547
5587494
5589242
5591600
5595055
5596282
5596822
5597793
5599393
5599418
5599942
5603562
5604154
5604585
5606853
5606899
5610812
5612924
5614309
5614389
5616155
5621983
5625054
5627148
5632360
5640292
5641656
5644136
5645601
5645963
5649691
5650522
5654375
5657735
5659773
5660674
5661270
5661545
5661762
5663085
5664015
5664085
5667196
5667416
5670007
5670150
5670586
5673831
5675286
5676153
5676474
5677860
5678019
5681175
5681268
5685416
5686161
5687369
5687612
5689205
5689294
5693983
5696939
5697155
5700628
5701962
5702248
5702405
5702787
5703368
5703928
5707722
5709071
5714429
5714707
5715223
5715732
5716347
5716803
5717274
5717602
5718047
5721740
5724899
5724994
5725060
5725899
5726867
5727309
5727425
5729698
5732208
5733046
5738804
5739551
5739837
5741920
5742117
5743239
5745091
5746759
5751140
5751246
5751270
5753443
5753936
5755207
5756657
5761462
5762304
5763502
5764127
5766260
5772713
5779437
5780485
5780619
5781008
5781902
5784253
5787470
5787492
5787973
5791796
5794052
5795931
5796199
5797000
5797540
5800153
5800688
5800877
5801038
5802785
5803541
5804676
5806129
5807233
5808846
5808943
5813796
5816965
5817542
5817671
5818045
5819077
5821777
5822179
5822514
5824860
5825893
5826616
5826658
5827204
5838900
5841825
5842054
5842640
5844502
5844820
5845266
5845531
5845877
5848570
5849274
5849910
5852351
5855444
5860471
5860656
5861587
5866093
5872766
5873534
5877039
5877963
5879035
5879659
5881186
5882484
5882703
5883748
5887442
5899324
5902045
5902903
5904441
5906395
5908848
5911918
5913151
5913768
5917962
5918587
5920238
5920868
5922015
5925790
5933896
5935516
5935592
5937809
5938193
5939125
5943368
5947578
5949884
5954453
5954609
5959305
5960523
5965059
5965245
5965493
5967602
5968320
5972798
5976350
5977656
5978359
5979314
5979552
5979634
5979811
5980116
5980367
5981639
5985368
5988785
5997447
6004056
6004674
6006127
6008091
6009027
6010030
6012827
6014200
6015320
6016260
6017446
6018784
6020027
6020342
6021232
6022707
6028972
6029088
6029310
6032337
6033139
6036562
6036648
6039357
6039880
6041576
6043150
6046837
6052763
6054101
6061023
6063768
6064923
6066063
6068958
6069277
6070574
6075356
6078180
6078850
6079653
6085135
6085831
6087499
6091586
6091668
6092471
6095807
6099099
6099628
6101646
6101663
6102010
6102188
6108435
6112448
6115636
6116554
6119019
6119762
6120173
6120476
6126422
6129227
6129318
6131341
6132627
6133024
6133331
6134034
6134725
6135857
6136745
6137975
6140029
6140795
6141674
6142207
6142957
6143003
6144327
6144850
6147355
6147484
6148006
6148244
6148334
6148762
6149280
6151391
6151787
6151882
6152203
6152323
6152369
6155188
6155635
6156338
6157057
6157634
6158244
6159384
6159678
6161888
6162948
6163494
6163824
6164155
6164378
6164467
6164956
6166036
6166301
6166359
6168508
6168760
6169689
6169836
6170147
6171652
6172093
6172711
6172917
6173258
6174354
6175894
6177252
6177433
6178343
6178834
6179057
6179081
6179094
6179332
6179922
6181122
6181177
6181653
6183366
6183697
6185449
6191383
6191826
6192085
6192906
6194240
6194597
6195154
6196958
6197010
6197246
6197828
6197964
6198012
6198027
6199000
6200219
6200328
6200533
6201289
6201681
6201700
6201947
6201978
6202923
6203450
6203607
6203797
6203810
6204034
6204138
6204455
6204710
6205311
6205477
6205664
6206276
6206356
6207842
6208076
6208687
6209708
6210976
6212257
6212446
6213867
6214006
6214377
6216685
6217665
6217791
6218912
6221001
6221918
6223426
6223606
6223730
6225348
6225826
6227999
6228649
6228992
6230074
6231448
6234719
6234820
6235963
6237028
6237181
6237420
6237523
6239537
6240242
6240316
6241511
6243272
6243728
6243956
6244340
6244488
6244650
6245729
6245785
6247866
6248267
6249337
6250901
6250903
6251178
6251663
6252167
6252194
6252342
6253054
6254716
6256279
6259801
6259809
6262112
6262498
6263287
6264079
6264195
6264201
6267332
6267805
6268267
6270188
6271643
6273112
6275115
6276946
6277794
6278052
6279020
6279057
6281231
6282337
6283527
6283548
6283729
6284109
6285453
6285540
6285816
6287933
6289185
6290308
6291648
6291935
6291954
6294501
6295889
6296845
6298238
6300133
6302568
6304201
6305441
6307635
6307831
6308256
6308541
6309160
6309315
6309338
6309898
6309919
6310345
6312319
6314367
6315061
6315652
6316905
6317263
6318708
6320298
6321525
6321938
6323323
6324591
6324854
6325889
6326747
6326916
6327558
6327658
6329033
6329678
6329966
6330214
6330359
6330807
6330899
6330922
6331107
6331434
6331893
6332096
6332307
6332944
6333813
6333820
6334066
6334844
6335584
6336666
6337512
6338031
6338321
6338635
6338989
6338997
6339166
6340721
6340782
6341064
6341240
6341701
6342385
6343523
6343679
6344203
6347080
6348316
6349405
6352155
6352307
6352750
6353107
6353316
6354700
6355190
6356290
6357723
6357818
6358661
6358932
6361097
6361289
6362077
6362105
6364247
6364708
6366782
6367992
6370272
6370732
6370768
6371527
6371681
6372441
6372805
6373084
6373630
6373695
6374412
6375058
6375122
6375820
6377484
6377753
6377815
6378096
6378299
6380001
6380716
6384835
6384944
6385074
6387917
6388826
6390310
6390644
6391941
6392541
6393163
6393712
6394878
6395216
6395493
6396259
6397053
6397419
6398317
6398681
6399075
6399509
6400920
6401205
6401789
6402029
6402307
6403775
6404707
6405328
6405489
6406173
6406890
6408116
6408783
6409150
6409276
6413134
6414789
6415110
6415229
6415663
6415734
6416477
6418313
6418860
6419656
6421152
6421528
6421853
6422108
6424319
6426403
6427218
6428545
6428671
6430732
6431317
6432099
6433142
6433437
6433864
6434239
6434524
6438684
6439101
6439950
6440277
6440591
6440867
6443055
6444891
6446725
6446862
6450248
6452128
6452376
6454389
6455038
6455791
6457414
6457564
6459139
6460078
6463375
6464929
6468597
6468858
6469127
6470405
6470640
6470913
6471559
6472269
6472522
6472571
6473104
6473290
6473933
6475043
6475220
6475523
6475742
6475848
6476093
6476104
6477293
6479596
6479932
6482799
6483164
6484693
6485073
6485109
6485526
6486948
6486972
6489136
6491129
6492275
6493576
6493594
6494871
6495900
6496322
6497763
6498048
6498630
6498872
6500318
6501002
6501611
6502321
6506735
6507296
6509864
6509969
6510574
6513034
6514182
6515651
6518792
6519055
6519328
6519911
6520076
6521938
6522789
6522838
6524066
6524397
6524425
6525076
6525584
6527656
6527733
6527763
6529421
6531137
6531364
6533003
6533475
6534151
6536072
6536596
6538190
6538242
6540811
6542061
6543058
6544375
6546100
6547083
6548485
6550040
6550690
6552693
6556473
6561737
6562004
6567842
6571907
6572480
6576650
6580654
6584052
6584673
6585352
6587686
6587986
6588494
6592058
6592370
6592636
6593864
6595999
6599048
6606253
6609983
6610818
6613603
6615167
6620781
6621496
6624200
6626012
6629163
6631862
6637768
6638290
6638736
6640941
6643191
6644947
6645582
6646068
6646086
6648558
6649015
6651453
6653567
6655482
6658823
6667560
6668627
6669926
6672188
6676910
6680240
6686693
6689713
6690655
6692087
6695535
6695787
6699536
6699694
6700089
6700315
6701190
6701729
6707108
6707202
6707875
6712674
6714079
6715664
6716324
6717069
6718207
6723647
6724081
6726904
6728571
6729556
6731455
6733089
6733673
6734004
6735069
6735385
6735665
6735979
6737234
6741558
6742410
6742860
6744092
6745496
6745694
6752403
6755169
6763705
6766582
6766811
6770035
6770212
6771284
6772019
6773590
6774158
6774942
6776076
6778274
6778685
6781593
6782705
6783611
6785515
6788283
6792027
6792449
6794623
6796959
6798034
6801133
6802724
6803191
6803585
6805707
6807203
6807206
6807525
6810405
6811658
6812971
6814111
6817709
6819508
6821910
6822285
6822864
6823123
6827215
6830766
6831387
6832165
6834204
6836265
6838023
6839286
6850741
6851177
6853752
6854896
6855548
6859969
6861634
6862708
6862934
6865427
6867582
6867925
6871105
6871843
6873403
6876860
6877738
6877927
6878943
6879877
6883812
6884522
6886359
6888197
6888757
6890066
6894405
6897750
6905901
6906611
6908252
6910006
6910069
6910730
6910863
6911196
6912344
6913369
6916271
6918290
6920235
6922452
6923844
6927270
6928064
6928570
6929532
6933468
6933557
6933578
6933814
6934232
6939503
6940653
6945129
6948356
6949940
6950581
6951748
6956790
6956853
6958336
6958412
6958835
6959348
6959412
6961972
6962206
6962907
6963246
6963956
6967026
6969932
6970468
6970570
6970603
6971767
6971958
6972373
6972743
6973314
6973392
6974090
6976700
6977488
6978758
6980572
6982426
6984023
6984203
6986293
6986701
6990152
6990163
6990650
6991524
6992224
6993772
6994505
6995913
6998471
7000754
7006109
7006963
7007455
7010285
7012354
7015194
7015360
7018918
7018991
7019091
7019778
7022005
7023842
7025584
7026140
7026533
7031283
7031539
7032538
7033009
7033058
7034777
7034791
7035133
7035272
7035477
7035916
7035980
7036680
7036736
7036776
7037304
7041496
7042240
7048132
7048294
7048501
7048671
7052902
7054368
7055033
7055469
7058633
7061753
7068842
7069113
7069983
7074770
7077097
7077102
7077956
7078108
7078344
7078852
7078870
7078973
7079153
7081749
7083484
7086173
7086372
7088203
7088900
7090783
7091441
7093757
7094070
7095837
7098008
7098595
7100699
7101005
7101264
7101391
7102965
7103934
7104001
7104180
7104340
7105178
7105720
7105943
7105994
7108308
7108476
7109503
7110084
7111473
7111479
7111766
7111792
7111814
7112586
7113147
7114122
7114386
7115114
7115118
7116151
7117064
7118224
7118390
7118884
7119024
7119372
7120692
7120705
7121081
7121905
7123391
7123723
7124884
7125039
7125112
7125113
7125602
7125822
7126663
7127577
7127818
7129307
7129649
7129809
7133024
7133955
7134515
7137403
7137810
7138542
7139002
7139401
7139611
7140030
7140366
7141195
7143042
7143704
7144244
7145364
7147399
7148057
7148423
7148731
7150134
7150873
7150986
7151226
7153266
7153574
7154175
7155670
7156295
7156576
7156751
7158969
7159322
7161415
7163184
7165141
7166264
7166710
7167041
7167964
7168144
7170440
7171382
7173194
7173211
7173453
7176986
7178861
7179226
7182112
7184782
7185290
7185848
7185977
7190733
7192860
7194951
7195046
7196444
7199081
7203789
7204408
7206103
7206174
7206333
7206737
7207687
7207754
7209208
7209463
7210544
7215929
7216827
7217444
7219097
7220057
7220510
7220653
7220695
7220706
7220942
7222893
7224973
7225185
7225309
7226443
7226483
7229834
7231133
7233042
7233195
7234502
7234748
7237033
7237282
7238432
7239021
7240181
7246881
7251467
7252945
7253817
7258189
7259624
7259909
7260166
7261439
7263238
7263666
7266553
7266646
7267772
7268343
7270100
7271582
7271973
7271994
7273123
7274629
7275091
7276252
7276622
7277275
7277290
7277299
7280259
7283135
7284889
7285604
7287334
7289756
7290299
7291749
7293751
7296020
7296973
7297211
7297644
7297936
7298983
7299642
7300368
7302546
7303285
7305040
7306826
7309091
7309995
7310116
7313178
7318717
7327909
7329021
7333028
7337111
7337552
7344127
7344344
7344478
7346236
7346660
7348045
7348100
7348325
7349494
7354729
7354885
7354958
7355034
7355148
7359330
7359867
7362170
7365463
7368919
7369859
7374990
7376563
7378313
7379316
7382217
7387027
7389345
7390715
7393556
7401423
7402781
7404169
7404182
7405714
7407657
7410304
7410831
7412293
7412384
7413585
7414023
7414373
7415234
7415857
7418396
7419063
7421722
7423074
7423553
7424066
7425224
7428154
7429125
7429373
7436398
7437381
7437525
7439776
7440149
7442152
7442880
7446423
7447736
7448591
7450479
7453005
7453914
7454234
7456079
7457627
7458877
7472704
7475597
7477158
7477727
7478293
7479237
7484410
7485340
7485773
7488237
7488676
7489716
7490069
7491517
7492553
7493055
7494203
7495393
7495445
7496253
7497525
7499568
7502079
7504197
7504495
7506325
7507315
7507999
7509231
7509601
7511440
7513721
7517063
7521188
7523962
7525263
7526187
7528678
7530181
7530694
7530825
7534781
7537011
7537591
7539224
7542588
7545476
7545906
7547140
7548037
7548103
7549935
7552922
7553089
7553307
7555008
7557011
7559951
7560398
7565094
7565234
7566526
7568154
7568713
7569225
7569265
7573466
7575118
7575209
7576236
7580574
7593625
7595062
7596313
7597501
7608931
7610061
7614653
7615901
7616032
7616259
7617306
7617307
7622789
7624606
7628908
7632550
7633777
7638742
7642153
7642734
7643623
7644261
7645243
7649776
7650363
7652611
7653276
7660725
7661109
7663002
7663024
7665082
7666583
7667398
7670074
7671147
7671933
7677543
7677694
7681240
7682401
7682559
7684751
7685239
7685545
7691620
7693124
7695164
7698622
7698762
7700954
7701956
7704049
7704185
7710395
7714060
7718359
7718759
7720237
7720625
7723402
7728672
7730188
7730643
7733534
7742814
7743983
7744125
7744623
7747939
7748906
7752432
7757997
7762422
7764733
7767723
7769279
7770057
7770217
7771426
7772110
7773855
7774102
7774502
7775796
7778333
7778973
7779298
7781291
7785793
7786014
7786308
7786412
7789994
7791733
7793583
7795088
7797839
7802544
7802810
7804275
7804295
7804947
7805835
7807310
7808247
7808484
7809142
7811985
7821847
7823173
7825011
7827744
7828846
7829305
7834203
7837174
7841960
7845638
7851708
7854497
7854515
7860523
7862096
7862537
7863427
7864767
7866192
7866619
7867772
7872144
7872275
7875096
7875394
7876422
7879924
7880336
7880727
7883252
7883991
7887201
7893307
7894291
7894464
7894947
7896990
7897646
7905653
7908383
7912285
7915602
7918019
7918538
7924266
7924896
7925495
7931584
7931665
7936509
7949363
7950237
7952755
7953062
7954779
7956299
7959411
7962831
7963622
7968338
7969693
7977201
7980232
7982648
7984607
7989699
7992385
7992614
7992639
7994931
7999257
8005322
8005830
8008378
8013585
8014780
8015005
8019048
8020354
8020793
8023792
8024545
8025513
8026813
8033816
8036404
8038866
8041360
8041985
8044618
8045099
8052743
8059676
8062248
8062321
8063245
8066897
8066966
8071178
8073424
8075532
8075904
8076752
8078095
8079946
8080821
8082017
8087947
8088465
8090683
8094650
8094748
8096007
8096032
8096450
8096857
8097694
8098398
8098780
8099051
8100676
8101034
8102593
8103221
8103470
8104467
8105073
8105142
8109748
8110885
8111095
8111608
8112188
8112981
8113224
8113294
8113416
8114049
8115271
8115833
8116161
8118231
8120669
8121582
8122659
8123568
8124775
8124949
8125530
8126374
8126427
8126716
8127992
8128471
8128933
8129575
8130531
8131579
8131661
8131905
8133087
8134234
8134997
8136861
8137590
8137787
8138834
8139346
8139375
8141837
8142408
8142942
8143835
8145298
8146137
8147211
8149166
8149402
8149776
8150156
8152719
8153676
8155745
8158104
8160600
8163476
8164828
8167827
8169112
8170723
8172343
8172502
8172633
8176682
8177101
8178657
8179450
8180655
8181811
8182419
8183225
8183503
8185428
8186339
8187061
8188193
8190130
8191586
8192368
8193965
8193970
8198553
8199016
8200636
8201029
8202190
8202378
8203304
8204056
8204553
8207115
8207891
8209000
8209616
8210326
8210580
8210918
8211273
8213000
8213220
8215755
8216467
8217216
8218022
8219088
8220455
8220775
8221058
8222219
8222245
8223388
8223809
8224185
8224642
8226245
8226671
8228810
8231395
8232331
8238678
8240515
8243872
8244623
8245408
8246517
8246808
8247119
8248015
8252492
8254048
8255853
8257113
8257763
8258764
8259573
8260918
8263740
8263913
8264189
8264353
8265121
8266374
8266967
8267160
8267793
8268469
8270121
8271739
8273918
8274903
8275764
8276519
8277855
8279036
8280152
8280973
8282001
8283291
8285056
8285260
8288988
8289170
8293139
8294620
8297193
8299398
8299455
8301148
8302722
8304549
8304895
8305271
8306309
8308119
8310741
8312550
8313004
8313827
8314447
8314822
8318254
8318559
8321856
8322626
8323248
8323415
8324577
8324664
8326160
8326583
8327043
8329264
8329433
8330210
8331397
8331983
8332141
8336456
8339996
8340150
8342071
8342336
8342597
8343434
8344293
8347802
8349640
8349849
8351683
8352512
8353026
8356679
8358048
8362823
8370376
8370742
8370810
8372021
8373106
8374579
8375131
8375681
8375786
8378034
8378083
8378832
8381841
8381942
8382471
8382501
8382605
8384059
8386288
8386579
8390289
8394488
8394879
8395845
8399468
8402262
8402455
8404135
8404189
8404857
8406263
8406579
8407037
8410965
8412695
8413065
8413440
8414776
8416832
8417044
8420433
8421554
8422309
8423592
8423778
8424129
8425397
8425592
8431302
8433397
8433568
8433616
8433691
8435803
8435988
8438682
8440596
8441420
8441739
8442239
8443005
8446291
8447410
8448294
8449898
8450124
8450726
8452896
8454832
8455645
8457331
8461381
8461844
8464530
8467711
8468381
8468525
8469001
8469617
8470187
8471732
8472670
8473152
8476639
8480301
8480762
8481192
8482068
8485117
8485154
8485217
8486351
8488741
8489008
8491901
8492500
8492726
8492738
8493096
8497725
8504200
8504999
8506479
8507117
8509023
8509097
8509727
8510454
8512849
8513992
8514084
8519214
8519362
8520367
8520919
8521118
8522281
8522658
8524917
8525460
8526523
8526837
8527082
8527235
8527847
8529717
8530000
8530032
8530933
8531003
8531406
8533055
8534473
8535193
8536028
8536076
8538042
8540431
8540490
8541389
8543670
8544233
8545784
8549366
8549813
8549839
8550816
8551626
8552243
8553473
8553619
8556544
8556751
8558104
8558649
8560822
8561334
8561401
8563005
8564309
8565051
8565320
8566485
8567289
8567831
8568455
8569935
8572636
8573814
8573826
8575317
8575359
8575474
8575824
8576471
8576626
8576964
8579145
8580085
8580947
8585113
8585199
8587135
8591423
8591820
8592937
8594415
8595960
8597544
8598031
8598051
8599749
8599832
8602105
8602347
8604466
8606123
8607130
8609071
8612199
8612340
8612815
8615303
8615602
8618142
8618259
8619036
8620061
8620694
8623011
8623151
8623378
8624179
8626121
8627514
8627806
8630134
8631642
8631711
8632062
8632629
8633375
8633707
8635415
8638928
8640198
8643276
8646505
8647715
8647723
8648151
8649326
8651264
8653377
8659197
8659235
8660174
8661133
8663666
8666613
8670040
8671740
8674269
8674373
8678940
8679148
8680012
8680548
8681238
8683073
8689392
8689820
8690126
8690394
8693136
8697025
8702634
8709130
8714708
8714709
8715388
8718964
8719799
8720673
8720801
8722697
8723162
8723727
8725674
8725906
8726486
8727346
8728983
8729171
8730123
8731275
8733972
8738536
8740272
8740457
8740939
8741547
8744589
8744635
8746031
8746473
8746951
8748148
8751581
8753218
8754108
8757549
8759118
8760597
8761463
8761802
8761883
8769344
8774531
8777833
8780500
8782322
8783886
8784122
8784691
8790916
8791821
8793246
8793685
8794862
8795363
8795856
8797372
8801475
8802052
8810233
8811544
8812198
8814707
8817141
8822875
8828815
8829490
8829839
8829934
8831651
8832429
8832682
8843146
8843801
8845552
8850523
8854059
8854818
8854907
8855396
8855572
8855986
8858572
8859006
8860516
8863187
8863841
8865748
8866988
8873885
8874634
8879338
8883933
8885434
8891911
8895763
8896381
8897010
8898302
8898569
8903550
8903887
8904522
8906601
8906638
8906884
8908260
8908871
8909144
8909629
8915169
8915551
8916880
8918545
8919314
8920317
8920489
8920930
8922088
8924447
8928619
8930645
8931255
8931709
8936449
8937890
8939496
8943294
8943708
8949098
8949648
8950790
8951644
8952084
8954291
8958473
8960098
8960894
8961058
8962232
8964322
8968298
8968683
8970191
8970591
8972998
8973703
8973929
8974203
8974859
8976111
8976357
8977234
8977564
8978413
8978761
8979128
8979374
8980033
8980138
8980419
8981701
8983455
8985849
8987763
8988324
8988346
8988934
8989045
8989375
8990741
8991172
8992570
8992948
8993124
8993926
8994540
8996046
8996355
8996738
8997106
8997303
8997926
8998091
8998898
9001330
9001916
9002366
9002639
9003800
9005205
9005587
9005795
9006117
9006244
9007000
9008452
9008472
9009056
9010607
9011126
9011551
9011699
9011989
9012294
9012695
9014217
9014396
9015676
9016294
9017152
9018281
9018725
9020499
9020559
9020785
9020983
9023737
9023902
9025642
9027142
9027269
9027608
9027906
9028255
9028461
9028914
9028935
9030405
9030639
9031493
9032330
9033753
9034331
9034363
9036149
9036410
9036658
9036896
9036935
9037109
9037833
9038582
9040261
9041346
9041701
9041866
9044232
9044686
9044833
9045226
9045585
9047459
9049353
9050557
9051865
9053395
9055766
9055825
9056696
9057192
9057686
9057862
9060004
9061161
9066477
9066837
9066839
9068674
9069776
9071095
9071361
9072698
9073287
9073816
9074905
9075226
9076612
9077078
9077109
9077493
9079573
9081176
9081883
9083115
9084785
9085277
9085777
9086294
9088435
9089098
9091324
9091787
9092106
9092686
9093280
9093491
9093733
9093870
9094686
9095619
9095664
9096642
9096796
9097186
9098867
9099022
9101675
9103658
9103770
9105287
9107016
9107721
9108924
9110548
9112110
9114584
9114819
9116506
9117850
9119720
9120555
9120759
9123459
9127290
9127675
9127770
9129141
9130765
9133892
9134538
9136734
9142711
9143887
9145075
9148447
9148938
9149460
9150931
9152246
9152692
9155063
9155628
9156718
9156989
9157968
9158491
9160812
9163572
9164950
9165328
9165364
9165631
9165727
9167879
9168363
9168735
9169017
9169141
9171258
9171328
9171613
9171798
9172083
9173943
9175770
9176374
9176688
9177227
9178517
9179054
9179580
9181023
9181368
9181598
9182048
9182216
9183271
9185398
9186622
9188658
9189276
9190107
9191377
9192436
9193972
9194117
9195415
9197321
9203532
9204565
9206348
9206524
9209690
9210075
9211119
9211534
9211812
9212043
9213507
9213830
9214742
9215924
9215982
9218264
9221801
9224634
9225537
9226651
9227486
9227682
9228564
9229186
9231665
9232063
9232515
9233163
9234882
9235990
9237732
9238628
9241311
9241589
9242526
9244961
9246049
9251654
9258101
9260935
9262194
9262539
9264336
9264745
9265039
9265959
9267925
9270188
9272197
9272651
9273689
9273945
9274192
9275220
9276981
9279124
9281459
9283013
9283646
9284293
9285868
9286378
9289740
9291784
9291827
9292631
9293140
9296189
9296251
9298390
9298616
9298930
9300301
9300670
9303424
9304914
9308112
9308390
9309091
9309142
9309975
9311692
9311841
9316719
9319296
9321324
9324342
9324480
9324894
9328008
9331892
9332919
9334016
9334378
9334708
9336295
9336840
9336925
9337176
9338106
9339907
9340542
9342090
9342181
9343116
9344266
9344800
9345211
9349689
9352457
9354988
9355253
9357686
9361945
9364968
9366843
9368819
9375951
9376932
9378252
9378760
9379601
9380759
9382137
9384646
9386076
9388737
9389375
9390100
9390931
9393706
9394100
9397559
9398059
9402066
9405220
9405520
9408571
9409630
9412410
9412948
9413152
9413178
9417911
9419192
9419262
9420170
9422502
9423422
9423756
9424163
9424630
9426828
9428808
9429569
9431041
9432083
9432554
9433103
9433238
9435851
9437102
9437962
9439302
9440322
9441785
9442124
9443150
9446369
9447678
9450199
9453461
9454177
9454301
9455728
9455752
9455778
9458766
9459151
9459641
9460946
9464612
9467326
9467618
9469271
9470915
9471196
9472028
9475286
9475623
9475730
9476359
9476920
9477324
9478144
9479733
9480396
9481847
9485273
9487366
9488146
9488254
9488969
9489079
9491607
9493606
9493852
9494464
9496768
9497944
9498276
9501376
9502457
9508024
9508486
9509482
9509613
9510268
9512693
9512737
9514741
9514761
9515775
9516877
9519488
9521391
9521582
9523074
9526238
9528340
9528881
9530608
9530636
9533154
9536167
9540854
9541570
9543652
9544569
9545909
9546127
9547988
9548844
9550623
9551952
9553244
9554766
9555809
9564025
9568179
9572003
9572137
9575951
9579228
9581488
9582020
9584619
9585244
9585522
9593510
9594435
9594804
9595652
9596703
9599760
9600874
9606537
9607000
9608091
9609505
9609691
9612307
9614512
9616462
9617213
9620148
9622959
9623956
9625885
9626076
9634012
9637148
9637287
9640796
9641453
9643403
9644009
9645268
9646373
9650331
9653977
9654595
9655265
9656647
9657992
9660813
9662251
9663578
9663712
9664346
9664591
9665516
9668333
9670166
9670394
9674900
9674964
9675342
9675499
9680230
9683023
9683282
9686572
9686808
9686884
9689418
9689688
9690757
9691605
9698632
9700770
9702198
9704869
9705249
9706210
9708010
9710125
9711221
9711481
9714373
9719112
9719712
9719891
9719938
9719995
9720238
9724678
9725165
9726093
9726198
9726592
9728669
9729755
9730651
9731090
9731923
9732157
9734864
9736481
9738170
9738291
9739020
9742009
9742431
9742609
9743994
9745790
9747812
9747978
9751315
9755545
9765087
9769059
9770131
9774310
9777588
9782712
9784565
9784912
9786031
9792396
9799175
9802135
9802935
9805524
9806931
9808422
9809668
9810164
9810883
9810931
9811909
9812648
9813280
9816412
9817718
9819272
9825991
9831962
9836360
9838349
9841616
9842059
9843251
9844101
9848175
9850246
9851331
9853025
9853947
9862923
9863812
9863820
9865016
9867444
9867854
9870974
9873601
9873816
9876262
9879780
9888899
9889269
9889313
9890495
9891145
9891380
9891467
9891736
9892857
9892872
9893575
9896158
9897056
9900832
9901608
9901665
9902330
9902569
9902803
9903078
9905513
9905753
9906298
9907393
9911112
9911117
9911386
9911441
9912162
9914715
9914977
9915616
9917607
9918642
9918911
9920130
9922350
9924621
9926356
9931309
9932411
9940020
9941683
9942794
9944870
9945548
9947908
9948279
9948517
9949203
9950321
9951930
9953190
9953475
9955400
9958149
9960224
9961008
9962337
9963328
9966186
9966637
9967215
9968496
9971021
9976956
9978202
9983507
9983975
9984693
9990942
9993688
9999119
9999772
10004709
10006739
10008643
10008884
10010567
10012191
10014567
10015805
10016154
10020707
10020755
10023502
10025006
10028174
10031794
10033330
10034873
10035375
10036565
10038426
10040418
10041267
10043652
10043665
10047128
10050997
10052623
10054100
10057002
10057539
10070701
10072704
10075178
10075384
10082019
10082416
10082509
10087203
10087774
10088346
10088803
10095138
10095801
10097112
10097142
10098111
10100583
10101751
10102173
10103079
10104230
10106453
10106598
10108201
10108312
10108869
10109364
10110493
10110678
10111749
10112344
10113264
10113426
10120874
10122107
10122225
10122553
10123108
10124465
10125859
10126165
10128747
10131172
10131946
10133211
10133649
10134249
10134328
10135445
10140966
10143341
10143369
10143649
10143985
10144159
10145598
10147187
10147422
10148265
10148838
10148962
10150078
10157546
10157721
10158094
10159350
10160479
10163919
10165831
10168519
10169926
10173471
10174347
10175948
10176463
10179483
10182541
10183521
10184212
10184384
10186828
10193577
10194046
10196527
10201131
10201302
10202394
10202796
10206220
10206951
10207908
10208029
10209229
10209866
10212865
10212866
10213322
10214896
10217174
10217299
10217638
10218933
10219345
10219726
10222319
10225327
10226245
10226962
10228047
10228163
10228259
10228935
10229818
10234354
10234937
10237310
10238538
10238638
10240118
10240342
10240812
10240944
10241378
10241555
10242791
10244202
10244544
10247033
10247388
10247480
10247538
10247623
10249764
10250268
10253008
10253614
10254750
10258916
10259097
10260957
10261010
10261125
10262449
10265436
10265444
10266180
10267856
10268797
10271629
10274683
10274897
10276555
10279091
10279256
10280485
10281022
10281550
10282071
10282971
10283901
10286677
10287539
10288010
10291189
10292073
10294742
10295154
10295168
10295326
10295501
10295908
10297144
10297981
10300094
10301735
10301794
10302352
10303500
10303948
10304668
10305441
10305500
10306472
10311012
10311126
10311183
10311524
10312666
10313216
10314698
10315602
10316118
10318244
10318476
10320967
10323459
10325502
10327674
10328733
10332697
10335152
10335240
10336458
10337946
10338529
10338801
10339233
10339618
10340016
10340104
10340161
10341246
10341861
10342336
10342865
10343505
10346175
10348021
10348994
10349187
10349707
10349906
10351107
10354566
10354731
10355653
10357520
10357533
10358330
10358551
10359104
10360917
10362196
10362203
10363650
10365535
10365559
10366412
10367302
10367402
10368866
10372559
10372729
10373888
10375172
10377025
10380532
10381921
10384350
10384461
10384703
10386023
10387506
10387672
10388279
10391110
10391847
10392223
10393548
10394972
10397418
10398878
10399264
10399339
10400146
10401018
10402758
10403934
10404524
10404537
10404583
10405216
10405406
10406134
10407205
10409207
10410419
10412348
10413852
10417603
10418582
10422536
10423365
10425295
10425620
10431883
10433303
10434259
10434684
10434911
10435935
10436181
10437409
10439209
10441010
10441119
10442342
10444499
10445174
10448338
10450339
10451598
10452046
10453893
10454390
10454443
10456009
10456405
10457916
10458982
10460584
10461404
10461929
10462078
10464275
10469597
10470594
10472590
10476062
10478575
10478590
10479807
10481103
10482551
10482848
10484535
10484746
10485965
10490387
10492671
10494413
10496586
10497309
10497615
10498408
10498619
10500699
10502028
10502872
10503661
10503963
10505778
10507194
10508624
10509990
10512370
10512837
10515077
10516659
10517503
10517913
10518624
10524084
10524262
10524289
10524314
10531184
10531346
10532145
10532432
10532461
10532695
10532697
10533442
10533776
10535175
10535522
10537718
10538010
10539008
10541089
10541144
10541313
10542621
10545766
10545778
10546152
10546761
10549014
10549045
10549435
10550023
10552405
10552976
10554148
10555382
10556443
10557194
10558419
10558819
10560221
10561262
10561896
10563300
10565027
10566379
10567684
10569661
10574411
10574804
10577943
10578117
10578192
10579830
10580493
10583167
10584662
10585757
10585769
10585954
10587581
10590623
10592012
10592100
10592113
10594557
10595168
10595418
10598193
10602400
10603095
10604353
10604855
10605030
10606287
10606868
10607268
10607451
10609640
10610344
10611018
10611614
10614177
10614792
10615958
10618593
10618608
10618990
10619356
10623878
10625171
10628417
10630785
10631701
10632599
10633275
10633944
10634548
10635428
10635850
10638996
10641362
10642641
10642668
10644495
10645274
10647561
10647709
10648940
10649958
10650237
10651913
10652050
10652986
10653202
10654929
10657022
10659599
10659666
10659890
10660981
10668004
10671750
10672465
10672663
10673760
10675524
10676869
10677176
10677756
10677775
10678646
10679103
10679505
10680045
10681846
10683224
10686099
10688636
10690676
10694021
10694517
10698067
10701586
10706100
10707708
10709191
10709378
10713862
10717419
10717785
10718062
10718300
10718477
10721479
10721718
10724098
10724968
10725018
10726041
10727076
10727163
10727505
10728051
10731370
10732261
10733201
10734121
10735573
10736852
10737860
10739905
10740303
10740891
10741344
10742499
10744369
10747734
10748097
10748752
10751265
10753011
10753622
10755595
10757052
10757932
10758732
10759208
10759231
10760072
10761044
10761219
10763783
10764457
10765249
10765410
10765771
10765966
10766052
10769858
10770353
10770857
10770938
10771511
10772482
10772921
10773098
10773457
10774302
10774478
10775492
10776780
10779349
10781633
10782040
10782109
10782259
10783003
10783180
10783187
10784918
10784958
10785516
10785875
10786799
10786850
10787257
10788934
10790247
10790701
10792275
10792296
10795138
10795550
10798469
10798983
10799834
10800172
10802958
10804516
10804876
10804977
10807236
10807885
10809466
10810772
10811194
10812777
10813431
10813957
10814176
10814831
10814862
10815622
10816218
10816669
10816884
10817095
10817506
10817681
10817791
10818433
10819117
10821115
10821731
10822081
10822344
10822574
10822773
10823149
10823283
10823662
10823940
10824754
10825408
10826316
10828803
10830256
10830455
10830919
10831531
10831943
10832048
10833096
10833799
10834099
10836157
10837316
10837811
10838086
10838531
10838704
10839369
10840562
10841033
10842970
10844025
10845549
10846327
10846339
10849035
10849359
10849870
10850083
10851143
10851421
10852020
10854287
10855428
10855639
10858784
10858847
10859086
10859703
10860671
10862224
10863159
10863579
10864379
10864691
10865078
10865570
10866349
10866544
10867266
10867373
10868346
10868420
10869015
10869785
10870108
10870822
10872489
10872512
10872718
10874055
10876610
10877274
10877322
10878858
10879022
10879602
10879930
10880404
10881358
10881457
10882871
10884403
10884521
10885173
10886784
10887104
10887513
10888551
10889175
10890832
10891495
10891818
10891877
10892708
10895212
10896036
10896203
10897350
10898370
10898713
10898875
10900732
10900799
10901840
10902477
10902704
10902754
10903945
10904680
10905068
10905089
10906796
10907438
10907879
10908098
10908228
10909562
10909723
10910762
10910882
10912432
10914465
10914662
10915495
10916304
10917478
10917515
10918615
10920892
10921052
10921960
10922109
10922505
10924033
10924354
10924662
10925666
10925896
10929602
10929700
10929714
10930487
10930867
10932404
10932699
10932877
10933108
10933649
10934457
10934915
10935482
10936717
10936904
10937031
10937983
10938514
10941278
10941642
10941672
10941684
10942037
10942454
10943799
10943909
10945323
10945422
10946211
10946459
10949069
10949219
10950488
10950520
10951000
10951415
10951932
10953067
10953197
10953359
10953477
10953497
10954842
10954877
10955584
10956077
10956602
10957319
10957425
10958156
10958253
10958783
10959191
10960698
10962015
10962327
10963104
10963349
10963729
10969584
10970212
10970940
10971267
10972292
10973703
10974198
10975130
10976512
10980134
10980986
10981130
10981188
10981218
10981317
10981774
10984641
10985012
10985224
10985648
10986230
10986676
10986872
10986874
10986977
10990975
10991395
10991398
10993655
10994649
10994964
10996045
10997307
10997370
10999047
10999735
11000565
11001782
11003224
11003838
11005971
11006092
11007405
11008149
11008347
11008464
11010337
11010541
11015953
11016309
11016802
11016870
11017146
11017182
11017441
11018476
11018757
11019666
11021140
11021156
11021705
11021806
11022557
11023776
11024120
11024565
11026394
11026533
11033573
11033769
11036027
11036927
11038294
11039861
11040709
11041509
11041759
11043615
11045723
11046191
11051068
11051134
11052672
11055872
11056479
11056793
11058453
11064047
11064165
11065716
11066909
11067014
11067775
11068517
11069135
11069971
11072357
11072977
11073532
11074267
11076019
11076985
11080340
11080673
11081108
11081563
11081604
11082118
11082466
11082776
11084273
11084733
11085003
11085504
11085580
11088796
11089956
11090364
11091949
11095639
11095863
11099050
11100040
11100450
11100876
11104111
11105344
11105689
11106480
11108020
11114033
11115389
11117425
11123853
11126052
11127185
11128952
11129959
11135277
11138944
11139513
11140288
11140584
11142472
11142997
11143197
11143792
11145730
11147296
11149536
11150395
11151723
11152598
11154090
11155635
11159753
11166629
11170593
11171209
11171219
11171431
11172308
11172582
11172625
11172945
11174450
11177242
11177889
11178454
11179180
11179448
11182372
11183686
11189334
11193750
11196257
11196657
11197215
11198331
11200470
11200968
11202394
11203291
11206397
11207208
11208004
11212782
11213446
11213856
11215859
11216865
11216899
11218565
11218863
11218885
11219258
11220353
11223761
11223994
11224607
11229618
11230217
11231395
11231742
11231774
11233716
11237080
11238080
11240576
11241430
11242963
11244152
11244489
11245050
11245718
11248141
11249281
11255695
11256313
11256824
11256953
11258648
11259392
11260071
11260886
11261188
11262284
11262663
11264237
11264344
11264377
11264398
11265910
11266542
11268840
11269211
11269454
11269523
11269792
11275532
11275538
11275727
11277637
11279054
11279383
11279735
11280208
11280871
11282990
11284725
11286245
11286735
11287073
11294505
11299188
11299494
11299969
11301656
11302555
11303580
11303594
11306630
11308462
11310137
11313405
11317447
11317564
11322489
11323064
11323435
11323689
11325041
11325439
11333475
11334133
11334589
11338516
11338951
11339593
11342168
11343787
11344253
11344971
11347089
11348279
11349846
11350406
11350717
11350967
11351106
11351214
11353644
11356552
11357114
11360153
11363071
11365283
11365857
11366665
11366694
11367714
11369996
11371798
11372274
11376321
11382049
11384053
11386007
11387747
11388476
11393271
11393597
11394084
11394932
11397610
11398614
11400522
11400805
11401147
11401399
11401898
11402726
11402796
11403148
11404204
11404282
11404957
11408362
11413332
11414251
11417463
11417635
11422092
11422500
11428054
11428218
11428681
11429217
11431049
11432308
11435015
11437112
11437855
11439120
11439242
11440393
11440882
11442952
11445005
11446694
11447360
11448138
11448993
11449432
11449512
11450541
11451606
11451634
11452096
11452121
11457614
11458047
11460946
11461433
11462363
11463437
11470631
11472377
11474782
11475778
11476315
11478732
11479322
11480528
11481984
11481995
11482203
11482547
11483967
11484535
11484728
11486749
11489240
11490040
11490068
11494061
11494783
11494985
11497797
11499356
11500960
11502222
11502937
11503893
11505559
11505853
11507207
11507414
11507496
11508338
11510310
11512910
11514518
11517983
11519578
11520261
11520854
11521797
11522170
11525005
11525385
11525741
11525835
11526706
11529523
11529593
11530120
11531574
11532949
11535330
11535409
11537380
11538574
11544156
11544161
11545919
11546217
11548050
11548416
11548776
11549062
11549807
11552130
11552444
11552521
11554009
11554095
11554120
11554561
11556345
11556526
11557464
11557640
11559337
11559929
11559985
11560358
11560568
11560598
11560668
11561104
11561432
11561463
11561908
11562486
11563637
11564491
11565685
11566806
11568776
11568786
11569114
11569666
11570812
11571251
11571569
11574857
11575501
11575889
11576001
11579094
11579349
11580512
11580860
11581100
11581937
11582104
11582663
11585867
11588745
11589765
11589956
11590433
11591022
11591746
11592034
11593610
11597742
11598537
11598592
11598950
11601800
11601965
11606051
11606623
11607994
11609540
11612915
11613128
11615066
11615072
11615466
11616123
11620043
11622483
11624449
11624872
11625033
11625087
11625154
11625663
11627568
11630963
11633344
11634876
11637421
11637850
11639343
11640710
11641952
11645199
11650529
11652168
11652992
11655161
11656097
11660224
11662045
11662841
11664560
11668064
11670720
11670889
11672781
11673256
11676209
11676520
11680158
11682166
11682882
11684083
11689244
11689389
11693807
11706147
11706479
11707077
11707793
11708107
11711573
11712389
11717026
11717799
11718399
11718753
11719983
11720821
11721058
11722595
11723032
11724557
11725373
11725495
11726592
11728604
11728638
11730058
11732272
11733095
11736514
11736971
11737085
11738269
11739208
11743200
11744403
11744743
11746377
11748355
11748428
11753778
11754876
11757882
11758061
11758126
11759415
11760238
11761667
11762496
11762741
11764455
11764625
11766020
11766447
11768172
11769272
11772845
11775042
11776129
11777443
11778846
11778928
11778975
11780863
11781957
11782172
11783590
11784130
11785923
11788565
11789862
11790959
11791239
11793691
11794354
11794434
11795168
11796606
11798914
11800350
11800439
11803327
11804741
11805205
11805557
11805910
11807525
11807868
11808046
11811560
11811687
11812619
11814125
11814502
11815712
11815860
11816911
11817151
11817554
11820815
11821189
11821279
11822275
11822815
11824842
11825520
11827786
11829637
11829886
11831127
11831876
11833226
11837260
11838327
11840656
11841098
11841507
11842786
11843018
11844135
11846066
11846149
11846986
11847523
11848006
11849235
11850823
11851562
11854471
11854646
11855255
11855937
11856899
11857040
11857288
11857775
11857982
11860724
11861041
11861471
11861830
11862781
11864767
11867686
11867849
11869390
11869459
11870275
11870698
11870773
11872541
11874157
11875280
11878576
11878685
11879485
11880103
11880988
11883943
11890824
11892856
11894652
11896340
11896443
11897046
11897791
11898086
11903137
11903882
11904694
11906905
11906991
11909447
11911411
11914592
11915326
11917362
11918698
11922269
11934499
11934901
11934975
11937452
11939892
11940852
11941360
11941556
11942877
11944272
11945283
11945417
11945904
11946668
11946776
11947201
11947210
11947271
11947376
11948341
11948749
11948762
11949210
11951267
11951497
11952145
11953192
11953847
11955076
11955576
11956542
11956614
11958991
11961222
11962782
11963912
11964271
11964478
11965635
11966105
11970241
11970615
11971169
11971767
11974516
11984083
11984482
11986623
11988105
11988336
11988991
11990128
11993568
11993948
11996675
11998161
11998731
11999827
12001948
12001955
12002490
12003864
12003884
12004189
12006601
12006930
12010220
12011104
12013064
12015375
12015482
12018863
12019261
12020102
12021520
12023399
12023564
12023993
12024603
12024673
12030804
12031666
12031738
12032747
12034304
12034396
12035392
12036358
12038692
12041395
12044901
12045215
12047607
12050112
12051001
12051901
12054288
12059172
12060617
12061231
12061865
12062337
12062841
12064623
12064976
12066346
12067174
12071067
12076054
12076412
12077428
12078060
12079909
12080517
12081417
12084440
12084473
12084628
12086164
12086251
12086358
12086955
12087061
12088790
12091406
12092565
12093171
12096958
12099628
12100606
12102173
12103761
12106202
12106370
12108120
12108239
12109286
12109641
12111119
12111459
12113966
12115984
12116869
12117512
12118913
12119315
12119535
12120939
12121204
12122402
12122911
12123509
12124553
12127163
12128911
12129021
12129082
12129115
12132927
12133906
12136578
12136866
12137462
12138750
12139438
12139878
12140862
12141947
12144448
12145163
12145825
12146147
12149693
12150481
12150712
12152032
12152846
12154243
12156718
12158704
12159676
12160014
12161324
12162572
12167746
12167815
12168059
12169016
12169883
12170434
12171367
12171568
12175030
12175489
12175840
12180382
12181132
12182686
12184472
12185328
12186054
12187653
12190557
12194048
12194613
12198652
12199117
12202301
12203865
12203954
12207559
12208870
12209434
12212826
12213563
12213958
12214608
12216037
12217607
12219424
12221237
12222161
12225374
12226858
12228600
12228965
12233199
12237396
12238512
12238712
12238928
12240212
12242984
12243186
12246784
12247297
12247541
12247552
12248252
12253354
12254309
12256779
12258267
12259447
12262379
12262634
12267062
12268176
12268864
12268992
12270380
12270946
12274148
12277184
12277581
12278203
12283528
12284058
12286186
12286942
12287504
12290378
12291201
12291307
12292401
12298486
12299962
12303395
12317098
12317272
12317989
12321414
12323267
12323333
12323353
12323757
12323830
12324552
12324788
12325267
12326899
12328181
12329816
12333620
12335725
12336026
12338255
12338458
12339806
12340699
12342112
12342283
12342302
12344074
12345155
12347487
12347805
12347808
12354310
12360546
12361130
12362186
12362541
12364090
12364112
12364330
12368542
12370741
12371102
12374674
12378090
12379339
12379447
12380878
12383629
12390909
12391327
12396872
12397839
12398305
12403036
12406274
12409399
12410780
12412884
12415235
12416570
12416749
12418394
12420345
12421429
12422520
12423128
12424056
12425164
12425621
12426826
12427353
12427926
12428831
12429699
12431933
12434758
12440314
12440891
12440962
12441598
12443323
12451691
12452884
12453443
12453647
12454250
12458321
12461710
12464070
12467399
12468791
12469260
12469389
12469457
12471328
12478905
12480644
12480836
12481406
12481800
12481875
12481932
12483697
12491084
12497463
12497920
12501544
12502444
12503478
12504936
12507387
12514885
12516754
12516911
12518319
12522423
12523653
12524306
12526540
12527526
12528586
12529684
12530291
12530354
12530980
12531117
12531460
12532327
12533731
12534169
12535231
12535568
12536387
12536479
12538380
12542451
12543804
12544585
12548218
12551731
12555896
12557216
12559624
12559800
12560760
12560960
12563206
12565281
12565610
12566295
12566881
12567008
12571435
12573199
12574460
12574503
12575808
12576668
12576689
12577933
12579482
12580210
12580405
12580724
12582091
12585652
12588591
12590011
12592517
12595459
12597248
12601271
12601521
12609718
12611561
12613959
12628100
12628812
12629332
12631855
12638326
12639119
12639299
12643904
12644516
12645127
12646807
12649621
12651151
12651289
12654228
12656438
12662993
12666404
12666948
12667489
12668912
12669820
12669871
12670946
12673707
12675993
12676642
12680197
12680770
12682852
12685574
12685660
12688680
12688736
12691484
12691694
12692185
12692207
12693334
12695546
12696157
12696302
12698900
12700267
12700831
12702020
12702963
12704999
12708099
12711111
12712808
12713357
12717126
12724092
12724338
12725049
12725417
12726750
12726959
12728727
12732370
12736234
12740637
12749065
12751040
12754260
12754884
12756014
12757389
12757634
12762711
12764297
12766240
12769587
12771830
12772511
12773138
12778809
12780077
12783398
12783940
12784098
12784129
12788457
12797966
12802152
12806880
12808904
12817251
12829066
12832933
12833520
12839571
12840331
12843268
12843893
12845068
12846576
12847203
12849274
12849726
12851141
12853706
12853982
12854680
12856114
12856135
12857704
12859324
12860099
12862303
12862523
12866437
12867917
12868450
12869505
12870305
12870608
12871812
12874410
12875140
12875539
12876151
12877220
12881683
12881903
12883027
12883084
12883660
12885686
12890405
12891345
12891847
12892186
12893657
12898115
12898725
12900101
12900841
12901247
12902705
12905348
12906777
12907990
12907997
12909553
12911092
12916586
12917421
12918580
12918729
12919429
12919708
12922266
12922574
12924870
12926712
12931625
12932312
12936113
12937884
12937968
12940184
12941351
12943131
12944116
12949599
12953692
12954261
12954688
12955635
12957717
12959537
12960797
12961398
12964858
12965635
12965647
12967413
12967423
12968224
12970471
12971940
12972406
12973419
12974698
12979121
12980120
12980677
12982855
12983413
12984118
12985720
12985845
12989685
12989722
12996326
12996483
13000770
13001403
13001763
13002522
13002926
13003047
13003699
13004326
13005058
13006709
13006938
13007594
13008728
13008899
13011409
13011908
13012509
13013271
13014326
13014857
13015388
13016561
13016902
13017184
13018032
13018152
13018301
13019027
13022208
13022427
13022677
13022859
13022997
13023105
13024785
13025517
13025871
13025950
13026474
13026991
13027119
13027451
13027804
13028117
13028905
13028989
13029419
13030880
13032534
13033659
13034056
13034230
13034383
13034479
13034774
13035358
13036412
13038708
13040140
13040258
13040540
13040596
13041998
13042061
13043141
13043451
13043882
13045922
13046178
13046690
13046693
13047700
13048666
13049835
13049934
13050269
13050305
13052465
13053013
13053379
13053800
13054784
13056889
13057563
13057908
13058030
13058330
13059194
13060055
13060056
13060949
13061013
13063107
13064166
13064730
13066486
13066864
13067256
13067462
13067667
13068031
13068205
13072740
13072800
13073867
13073888
13075168
13075333
13075794
13075844
13076708
13077277
13078768
13079105
13079899
13080942
13082130
13082311
13084319
13087549
13088197
13088428
13089150
13089813
13090433
13090944
13091655
13091979
13092412
13093432
13094374
13094872
13095199
13095580
13096458
13096575
13097672
13098335
13098669
13101321
13102100
13104009
13105726
13105910
13106424
13106764
13106844
13107240
13110519
13111749
13112083
13115925
13121703
13124761
13125348
13127075
13138476
13140049
13140186
13140374
13141505
13142870
13143430
13145799
13146150
13146856
13147601
13149831
13150453
13151748
13152058
13154317
13155752
13156214
13159810
13161504
13161942
13164537
13165217
13165528
13172595
13173557
13173692
13179609
13182231
13183328
13183818
13184096
13184257
13189701
13189979
13190919
13191009
13193288
13193731
13194574
13195891
13201031
13205114
13211892
13213231
13215050
13216925
13223812
13231657
13231811
13233093
13233833
13237367
13239429
13241951
13244148
13245364
13253917
13257290
13257764
13262164
13262678
13263000
13263599
13266325
13267463
13269922
13270564
13270957
13272847
13274665
13274950
13279150
13279969
13280041
13284059
13284908
13285498
13285509
13286051
13289048
13289525
13289736
13290153
13293094
13296862
13298210
13300375
13302329
13302991
13313138
13313854
13315035
13322913
13325914
13327184
13327765
13328281
13328981
13335387
13338302
13339874
13339930
13344989
13347095
13347206
13352428
13352797
13354818
13357310
13359183
13360632
13365513
13367246
13367597
13370554
13374345
13376529
13384467
13385917
13391781
13393024
13394209
13395550
13395867
13398606
13399654
13400188
13400531
13402193
13402785
13403608
13404032
13405368
13406915
13409089
13410300
13410492
13413008
13416060
13416494
13419552
13421586
13423563
13425451
13426002
13428081
13431398
13431976
13434172
13438882
13438895
13441737
13442222
13443476
13444169
13444245
13448302
13448795
13451681
13455540
13456264
13456645
13457109
13457681
13458469
13458527
13458921
13460045
13461720
13462990
13463851
13467168
13468953
13472792
13472909
13473807
13473934
13474161
13475426
13476028
13476602
13477575
13478143
13478197
13478266
13478547
13478606
13478674
13478942
13479920
13481870
13482185
13482990
13483612
13488072
13489523
13489993
13492305
13496015
13496864
13498121
13499055
13501455
13501582
13501902
13502360
13502430
13502540
13502598
13504950
13507540
13507571
13508145
13508755
13510002
13510163
13512340
13513523
13515345
13519615
13521095
13521715
13522372
13522461
13524005
13524453
13529781
13531825
13532121
13532309
13533893
13537066
13537702
13538181
13538434
13539172
13539418
13540705
13542139
13544378
13545979
13546177
13547808
13548693
13549436
13549901
13555931
13557899
13557958
13558036
13558763
13560704
13560953
13561294
13561596
13569379
13572546
13575812
13579366
13582771
13585347
13589829
13590805
13590981
13591330
13592119
13595862
13596971
13600344
13600373
13603828
13604522
13605367
13605678
13608359
13610149
13611520
13612654
13613759
13613973
13615961
13617610
13619942
