5675
9295
12818
13017
14043
19580
22180
22417
23102
23405
23887
24532
25285
25336
27113
28363
32270
32566
32779
34131
37123
37529
38455
39641
39771
40957
41413
43608
44289
44608
46193
46201
47649
48672
48980
49275
50313
51570
51793
52691
54430
58171
58693
59756
60122
60632
61080
61369
61499
62086
63191
63949
66903
67146
67235
68648
69657
70102
71659
75151
75163
75404
77265
79503
81731
82983
84892
84951
87476
87899
88742
90034
90897
91478
92784
94091
94242
94646
96225
97781
99258
100216
100952
101411
101519
101845
105243
105370
108489
110341
113867
115560
117020
117538
117619
121099
121772
122696
122924
123257
124905
125498
128054
128922
130257
131565
135277
136745
145160
145618
146163
147855
147951
149966
151824
153917
153973
154288
154407
155770
156112
157316
159225
159432
160398
160693
160708
165174
167345
168168
169277
170732
171027
172139
172717
174770
177162
177590
178212
178753
179793
181413
183870
185244
186756
186925
188922
189099
190633
192693
195375
199053
199752
200343
200928
201079
201737
202875
203937
204706
205941
208491
211087
212231
212274
213861
214091
215453
216510
216690
216971
219119
220240
222081
222824
223006
223122
224971
224977
225364
227011
228604
229442
229655
229879
230296
230786
230791
231891
232515
235027
236121
236216
236584
238217
238827
239765
240106
240278
241088
241780
242044
245085
245271
245870
247967
248918
249540
250748
253855
254239
254394
255008
255022
255111
257014
257358
258399
258571
258645
259525
259876
260470
261728
263252
263998
264138
264662
266049
267057
267751
267964
269390
271814
272353
272798
273590
277413
277477
278178
278240
283031
284718
284824
285663
285917
287992
289577
289595
289647
291195
292084
293444
294287
294337
295847
297422
299250
299273
299413
299520
299905
300681
300707
301897
302090
302335
303585
304198
304666
305401
305727
307620
307836
309111
309537
310014
310715
311925
313195
314174
314443
315079
315129
315615
315862
316058
316180
316397
316507
316590
316642
316715
316900
316936
317342
317355
319052
319364
319540
319756
320415
320418
321070
321128
321181
321400
323420
323501
326666
327149
327312
327869
328582
329406
329449
331011
333748
336437
337096
337697
339371
339735
339861
340453
341124
341572
344588
345733
346084
346711
346842
348029
348101
348581
348636
350878
355118
357151
358260
360211
360842
361796
363181
363547
364764
364795
364925
365344
365705
366131
366852
367724
368032
368106
369177
370352
371118
371677
372100
372176
372978
372998
373012
373230
373341
373610
376344
376369
376454
376757
376927
377263
377485
378473
378500
379197
379324
380463
381595
383654
384307
384718
384976
385802
387247
387985
388079
388083
389510
389516
391243
391502
391727
392845
393552
394882
395620
396701
397282
397963
398138
398417
398966
399409
400686
402035
403115
403187
403243
404032
404202
404411
405102
406464
407392
407394
407556
408160
408207
408535
408583
409745
410000
410596
410918
411884
413553
413863
415462
415675
417433
417892
418844
419634
419979
421524
422055
422180
422551
423572
423690
423853
424587
424759
424878
425450
425987
426092
426239
426435
427376
429071
432623
433983
435296
436287
436786
437330
437511
438797
439245
439653
441930
446201
448548
449320
449832
451628
452504
453066
453508
454107
454123
455172
456281
457159
457559
458397
460115
460689
462005
463834
464482
464806
465128
466529
469082
469642
469643
470080
471076
471260
472265
472777
473991
474089
474684
474754
477158
478607
479183
479361
479362
479646
479714
481639
482254
483207
483719
487244
487380
487551
488958
490041
490489
490962
492007
492525
492735
493035
493168
493812
494436
494563
494940
496205
497183
499316
500669
501673
502530
503243
504050
504976
505197
505801
506708
507009
507056
508344
508996
509516
509721
513029
514648
515220
515949
517050
518170
519330
519516
519672
521666
523582
523631
524309
525305
525702
527266
529719
530582
531473
531570
531582
531646
531694
532880
533030
534238
534945
537568
542159
543209
543623
544418
544612
545609
545689
547057
548110
548837
550055
551002
551378
551938
554591
555438
556044
558634
559098
560431
561014
562500
562627
563620
564604
564890
568002
568771
569145
569822
571062
573503
576386
579202
580081
585519
586385
587212
588674
588785
589877
591351
592840
594133
595529
599741
600145
600506
601124
601920
603807
609685
611265
611473
612961
614466
615242
616266
616291
616745
618115
619879
620016
622117
622378
622582
623837
624352
627402
627819
631302
633911
634628
634948
636005
637029
638267
638750
639208
639344
639384
644927
646896
648445
649800
651068
651179
651652
652162
658346
658846
660117
663079
664033
665343
666421
672243
673434
674188
674683
674850
674876
675177
679515
680849
681700
681881
681889
683151
683938
683942
684731
686202
686733
686925
688471
689017
689407
691848
691894
694029
694155
695426
695836
696900
697909
698961
699456
699569
699747
700307
700963
701448
703667
704781
705587
706472
708353
709998
710269
711844
712632
713011
713055
713171
713433
713551
713681
713737
714388
714971
714994
715990
716391
716502
719836
720293
724101
724174
724723
725666
728593
729253
729496
729546
734409
734997
735032
736399
736724
736846
737916
738400
738625
739035
740491
741196
741601
741824
742211
743450
743848
744478
744677
744945
745386
747294
748122
748676
750486
751641
753495
754723
755167
756433
758248
761082
762408
762723
762780
763194
763770
764301
764965
765633
765787
765958
766037
766447
766684
767701
767858
768600
768999
769809
771561
772526
774072
774475
775744
777494
779167
779192
779766
779907
780482
780727
780757
780835
781420
781821
782871
783191
783782
784175
785137
785520
787954
789846
791285
791788
792050
792440
792537
792913
792996
793367
794740
795622
795664
796737
797014
797288
797522
797579
797767
797906
798829
799056
799152
799173
799197
799499
800699
800738
800890
801181
801464
801586
801610
802076
803331
804599
804851
805233
805331
805752
805790
806248
806279
806910
807438
807955
808249
809217
810991
811366
811712
811806
812050
812393
812676
812919
813142
813318
813438
816114
816627
816979
817067
818410
818881
819116
820548
820582
822388
822564
822910
823857
824142
824768
826069
826786
827057
827607
828239
828337
829058
829140
829319
829968
830182
830598
831062
831092
831463
832028
832035
832432
833147
833232
833339
834873
836145
836849
838170
840162
840384
840630
842078
842237
842507
842593
842803
844582
845169
845518
846022
848390
848946
850195
851297
852343
852848
853647
853811
853872
854046
854211
856232
856458
856692
856868
857318
859788
860108
860613
861118
861170
861605
861773
861851
861960
862058
863024
863818
864298
864486
864495
866382
866435
868240
868479
868526
868853
869837
870716
871103
871550
871924
872657
872821
872991
873154
873543
873968
874328
875023
875606
875950
876862
877061
877097
877608
877903
878057
878387
878423
878639
881078
881195
881513
883320
883681
883979
884091
884096
884348
884407
884958
886028
886275
886937
887765
887851
888024
889619
890034
893051
893290
893323
894374
894843
896851
898128
899016
900300
901883
903916
904889
905682
905841
905901
907323
907947
908618
909105
909283
910206
911264
911377
913858
914369
914562
915494
916686
916792
917290
917574
917656
917814
917868
918061
918179
918939
918962
919681
919711
920326
920629
921242
921670
922215
923603
923685
923774
924161
924811
926849
927228
927643
929263
930353
930610
934973
937175
938447
938665
939014
940102
940903
940982
941013
942519
943603
943753
944259
944672
945151
947383
947442
948412
948637
948644
950625
951014
951197
953499
954653
955696
957320
957347
957653
957981
958573
958574
958619
958913
959270
959486
959939
959985
960736
961109
961492
962690
962714
963384
963915
964381
964571
964976
965074
965336
965355
966834
967666
967759
967793
970258
973525
974095
975255
975795
976072
977471
978293
978670
979137
981115
981292
981505
981521
981897
985518
985564
986521
987442
987914
989467
991424
991717
994375
994846
995110
995837
996425
996514
997410
997523
998119
998935
1001006
1002053
1002123
1004524
1004819
1005848
1007180
1007416
1007804
1012160
1012954
1014272
1014371
1015587
1017480
1018794
1019192
1019336
1021124
1021896
1022090
1023525
1024493
1025493
1026086
1026790
1027124
1027229
1027896
1028742
1029532
1030808
1033405
1036275
1036676
1037981
1038977
1039028
1039555
1039766
1040740
1040831
1042012
1042027
1045158
1047923
1049364
1050072
1051993
1052244
1055165
1055218
1055297
1055536
1056538
1056727
1057530
1058960
1058991
1059340
1059992
1060048
1061170
1062119
1063502
1065477
1069876
1070947
1071745
1073696
1074287
1074675
1075725
1076170
1076896
1078138
1079636
1081819
1083563
1084175
1084974
1085757
1086572
1088532
1088609
1089052
1090386
1090797
1090811
1091783
1092913
1093091
1093244
1093555
1093563
1095415
1096742
1097504
1099756
1100556
1101613
1102153
1103123
1103606
1103695
1104163
1104352
1104705
1105965
1107092
1107316
1108157
1108758
1109357
1109654
1110381
1111091
1111929
1112372
1113361
1116314
1117704
1118203
1119751
1120596
1121043
1122575
1122807
1125083
1126543
1127456
1129911
1130902
1133820
1135751
1136573
1138962
1139388
1139915
1140857
1141671
1143934
1145432
1147791
1148038
1148821
1149032
1149521
1150813
1152305
1154141
1156101
1157503
1159206
1162661
1162746
1165405
1167271
1167303
1169441
1169538
1170199
1171253
1171276
1172359
1173004
1173569
1177407
1178184
1178327
1179662
1179855
1182100
1182509
1184051
1185250
1185266
1185330
1186724
1187545
1187580
1188310
1189845
1190026
1190039
1190159
1190846
1192466
1193320
1193335
1193573
1194185
1195368
1196349
1198154
1198752
1199219
1199665
1200916
1201024
1202282
1203240
1204024
1204601
1204811
1205867
1208438
1209316
1209364
1212335
1212388
1213346
1214134
1214946
1216594
1217158
1217205
1218785
1219605
1220283
1221285
1221498
1222559
1223106
1223352
1224140
1224524
1225792
1225832
1227866
1229912
1230159
1232371
1232540
1234526
1234814
1235439
1237462
1241901
1242601
1248680
1250560
1251050
1251558
1252809
1253059
1253625
1253947
1253983
1254278
1256303
1257078
1257444
1257479
1258137
1259032
1259638
1259920
1260240
1261053
1262024
1263701
1264171
1265211
1265259
1265270
1265319
1265879
1266083
1267899
1267900
1268269
1268535
1269442
1271886
1272092
1273508
1273597
1273754
1274179
1274699
1275088
1276021
1276831
1277762
1278825
1279819
1280548
1281238
1281311
1281442
1281708
1282983
1283705
1285359
1287438
1288483
1290922
1291038
1292032
1292116
1293240
1296123
1296739
1297707
1298133
1299533
1299717
1301814
1302831
1303031
1304337
1304434
1306474
1306519
1308684
1311277
1311959
1312051
1312254
1313620
1314097
1314424
1315841
1315849
1315972
1316928
1318724
1319510
1319977
1320648
1320828
1321415
1321943
1324218
1328910
1330188
1330835
1333502
1334288
1337424
1337865
1338209
1339110
1339140
1340286
1341996
1344365
1344850
1346071
1348090
1350285
1350384
1351428
1351599
1353045
1353526
1354207
1355365
1355485
1355498
1356382
1356776
1359381
1361076
1362671
1363561
1364874
1365396
1365980
1366637
1366641
1367356
1368571
1370930
1373245
1375806
1376287
1377550
1378444
1378509
1379497
1379570
1379716
1380411
1380642
1380919
1380988
1381286
1383041
1384833
1385620
1387679
1388157
1388738
1390959
1391282
1391353
1391357
1391509
1392061
1392153
1392981
1393425
1394422
1395200
1395798
1396354
1396926
1398590
1399801
1400297
1401827
1402826
1404164
1404989
1406373
1407302
1407669
1407862
1408030
1408413
1411941
1412003
1412270
1412274
1412591
1415141
1415188
1418716
1419697
1421473
1422308
1423171
1423515
1424672
1425735
1427086
1428917
1431879
1431882
1432049
1432073
1432997
1433119
1434917
1435619
1437132
1437211
1439152
1440859
1443858
1444502
1445653
1445803
1446352
1447068
1447339
1448351
1449806
1449979
1451863
1452021
1452640
1453912
1453987
1454917
1455485
1455663
1456427
1457328
1457389
1457845
1458085
1458806
1459514
1460123
1460215
1461566
1461950
1462392
1463594
1463627
1466052
1466273
1467325
1469843
1470196
1471409
1471948
1472308
1474571
1474849
1474890
1475192
1476682
1478262
1479147
1479336
1480084
1480125
1480225
1482478
1482841
1484457
1488657
1489347
1489711
1491852
1491915
1494190
1494271
1494975
1495303
1495388
1495935
1497654
1498234
1499134
1500560
1500765
1502766
1504071
1504517
1505078
1505419
1506043
1506351
1506378
1507701
1507705
1507712
1508473
1508627
1511858
1511933
1512913
1513071
1513594
1514537
1514579
1515725
1517694
1518903
1522554
1523404
1523490
1524519
1526072
1527840
1528194
1528483
1529124
1529266
1530623
1531115
1531347
1532090
1533047
1533060
1533170
1533256
1535363
1538501
1539924
1541436
1541494
1541933
1542202
1543978
1544133
1544851
1545557
1545584
1545729
1546842
1546990
1548882
1550160
1550869
1551629
1552318
1553313
1553329
1554520
1554525
1555128
1555426
1555680
1556354
1556683
1557749
1560018
1560480
1560691
1560695
1560765
1562055
1562283
1563697
1565127
1565788
1566265
1566302
1566830
1566922
1567076
1567197
1568287
1569372
1569381
1570269
1570677
1570732
1570889
1571031
1571450
1571981
1572285
1573488
1574011
1574668
1574671
1574728
1575023
1575998
1576380
1576435
1576705
1576860
1578319
1579313
1580457
1580820
1580892
1582913
1582962
1583567
1583671
1583690
1586052
1586398
1586432
1586867
1586963
1588308
1589288
1589411
1590250
1591776
1591906
1592167
1592425
1592925
1593915
1595401
1595759
1595984
1596105
1596223
1597542
1598650
1599102
1599463
1599878
1603925
1604625
1605090
1605381
1606086
1606543
1607383
1608067
1608827
1609275
1609943
1611516
1612105
1615328
1616595
1618620
1618684
1619355
1619360
1619605
1620949
1621165
1621286
1621555
1622065
1622259
1624878
1625047
1625363
1626014
1628117
1629343
1630412
1630653
1631206
1631413
1632154
1632396
1632767
1633468
1634440
1635461
1636380
1636535
1638167
1638431
1639030
1639327
1641233
1642558
1646915
1652111
1652515
1654141
1655174
1655984
1656195
1656380
1656478
1656752
1657497
1658691
1659077
1661392
1662856
1664831
1665077
1665499
1666036
1667285
1667785
1667788
1667944
1668273
1670173
1670329
1671494
1671557
1673983
1674380
1674551
1676105
1677723
1677889
1678015
1679014
1679057
1681536
1681722
1682256
1682806
1682866
1683587
1683984
1684958
1685165
1685190
1686137
1686760
1690563
1691073
1692237
1695213
1698783
1699220
1699710
1700053
1700192
1700812
1700817
1701616
1701859
1702670
1704844
1707281
1709608
1709682
1711515
1712578
1712654
1713217
1713958
1715216
1717070
1717330
1717452
1717995
1718037
1718388
1718553
1718601
1719516
1719860
1720121
1721661
1723173
1723596
1723658
1724254
1724537
1724578
1725222
1725494
1727443
1727638
1727657
1727762
1728749
1730485
1730582
1733048
1735488
1736640
1738686
1739442
1739531
1739981
1740548
1744727
1748755
1749314
1749668
1751201
1752628
1752859
1753786
1755485
1756473
1757539
1759386
1759716
1760827
1761784
1761881
1764967
1767960
1768095
1769582
1769770
1769784
1771651
1772601
1773960
1774630
1779535
1780785
1780918
1781974
1783682
1786282
1786908
1787042
1787906
1787975
1788687
1789368
1790498
1791755
1792107
1792303
1792456
1793093
1795572
1798970
1800376
1800912
1802215
1802893
1804011
1804034
1804246
1805317
1807873
1809342
1811656
1816734
1817530
1817816
1818438
1819807
1819969
1820909
1821661
1823827
1826888
1827230
1827606
1827888
1832700
1834946
1837392
1839344
1840787
1842545
1843009
1843794
1844870
1845053
1845908
1850571
1850926
1854428
1855120
1856690
1856928
1857565
1857880
1858616
1858863
1859276
1859943
1860587
1865524
1865681
1867533
1868557
1869684
1869893
1870870
1873257
1873401
1874383
1874942
1875989
1876387
1877169
1877174
1877662
1878049
1882962
1883256
1883788
1884462
1885118
1885372
1885880
1891415
1891893
1893026
1893944
1894474
1894595
1896729
1900703
1901163
1903566
1904844
1905303
1906107
1908770
1910946
1913684
1916511
1916515
1917055
1917178
1918383
1919021
1919802
1922838
1923297
1923762
1925037
1926688
1927476
1927650
1929475
1930624
1933645
1935192
1935892
1937429
1937436
1938180
1939955
1940637
1941725
1941745
1945308
1948304
1948699
1949261
1950165
1953490
1955983
1959119
1961187
1961518
1961557
1963216
1964493
1964635
1965336
1965598
1965946
1969137
1971025
1971726
1972790
1973656
1974420
1974606
1975732
1976631
1976667
1978412
1978556
1978974
1979210
1979539
1980081
1980530
1982114
1984435
1985857
1986169
1986816
1988442
1989098
1990214
1991362
1993048
1993057
1993111
1995054
1995455
1996073
1996388
1996430
1998042
1998955
2000657
2001668
2003092
2003127
2003679
2004236
2005611
2006789
2007253
2008378
2013130
2014338
2015263
2018858
2019341
2020833
2021269
2021558
2022046
2022472
2024355
2025463
2027511
2030405
2032810
2032990
2034141
2034623
2034853
2035244
2036005
2041338
2045488
2047690
2049013
2049963
2050510
2050821
2053135
2053193
2053491
2053996
2054071
2054348
2054619
2055980
2057881
2058331
2058921
2060191
2060659
2061152
2061977
2062048
2062147
2062928
2065084
2067287
2067646
2067982
2068178
2069350
2069685
2071675
2071989
2072193
2072994
2073958
2075663
2075883
2078640
2080029
2081098
2081835
2082095
2083648
2084150
2084235
2086344
2086651
2087113
2087194
2087713
2087770
2087882
2087896
2087958
2088417
2088781
2088802
2088915
2089340
2089417
2089960
2090393
2091180
2091517
2091857
2093216
2093512
2093707
2093804
2094398
2095664
2096436
2096452
2096794
2097546
2098029
2098963
2100174
2100521
2100645
2100994
2102108
2102385
2102660
2104182
2105378
2105815
2106519
2106639
2107188
2107476
2107917
2108267
2108700
2109187
2109922
2110103
2110559
2110880
2111736
2112229
2112348
2112380
2113061
2113434
2114132
2115043
2116318
2117841
2117997
2118685
2118996
2119224
2122698
2123837
2123930
2125233
2125845
2125870
2127175
2128933
2130435
2132231
2132703
2134314
2135685
2136990
2138033
2139500
2139907
2142720
2143014
2143344
2144704
2144783
2146555
2151683
2151871
2153868
2154330
2155199
2156113
2160022
2161669
2161896
2162288
2164415
2165252
2165975
2168894
2169164
2170001
2170505
2171523
2171566
2171681
2173130
2173282
2173493
2177087
2180023
2180060
2180178
2180530
2182118
2183522
2183733
2183770
2185530
2188630
2188675
2191952
2191973
2192496
2194612
2195551
2196054
2196906
2197970
2198134
2198363
2199075
2200177
2200600
2201177
2201767
2202349
2202843
2204057
2204352
2204953
2207207
2207524
2207863
2208044
2208282
2208400
2208987
2209151
2210268
2210951
2211109
2211372
2213919
2216187
2216904
2216925
2217001
2217143
2219512
2222397
2222434
2225418
2227028
2227898
2228102
2228779
2228795
2229379
2229392
2230030
2231087
2231821
2231913
2233158
2233788
2235917
2236639
2236846
2238016
2238187
2239037
2241270
2242205
2244489
2245453
2245649
2250011
2250537
2250646
2252836
2254214
2258285
2259057
2261170
2262064
2268829
2269944
2271319
2271356
2271932
2271967
2273891
2278730
2280184
2283125
2283810
2286621
2288472
2292623
2292638
2292992
2293387
2294133
2295123
2295330
2295332
2295393
2300865
2301208
2307054
2309048
2309503
2310438
2314448
2316520
2318891
2321640
2322505
2327839
2328910
2329029
2329972
2330713
2333151
2335873
2339934
2340110
2340884
2342550
2344372
2344664
2348230
2348590
2350656
2352826
2353555
2361911
2364338
2364950
2368498
2370871
2371957
2372415
2372700
2375201
2376406
2378760
2379692
2379871
2380745
2381669
2383061
2383930
2384630
2386444
2387267
2388615
2389142
2390357
2391077
2393926
2394895
2395502
2395955
2396288
2398215
2398409
2398911
2399939
2402025
2402348
2403545
2403639
2404290
2405044
2405185
2405622
2406944
2407023
2407470
2408215
2409423
2410421
2410813
2411281
2411479
2411928
2411929
2412855
2413321
2413535
2414547
2415255
2415301
2415578
2415811
2416149
2417229
2418684
2419029
2419706
2420862
2421905
2422189
2422923
2424151
2426314
2427021
2428256
2428305
2432561
2432822
2435207
2435285
2435804
2435888
2435924
2435961
2436409
2436474
2436522
2438031
2438704
2438859
2440835
2442186
2442372
2442660
2442914
2442922
2444086
2445803
2449276
2449848
2450144
2451869
2452877
2453200
2453251
2453477
2454379
2454851
2455518
2455669
2455851
2455927
2456191
2456573
2457106
2457525
2457871
2458621
2459725
2460503
2461035
2461166
2461523
2462168
2462285
2462821
2462853
2463070
2463734
2463751
2467503
2468505
2469138
2470665
2470804
2471533
2472841
2473594
2474721
2475057
2475770
2476713
2477214
2478483
2479260
2480078
2483505
2487548
2489647
2491822
2491970
2492634
2495624
2496633
2496785
2497687
2498158
2499090
2499650
2502061
2502742
2503367
2506075
2506267
2506828
2508420
2509136
2509498
2509700
2510126
2511157
2511491
2513415
2514676
2518069
2520909
2521160
2522496
2522545
2523199
2523537
2523746
2524690
2525825
2526642
2527816
2527910
2529050
2530074
2530634
2531122
2531168
2532501
2534261
2534402
2536028
2536092
2538314
2539180
2540236
2540952
2542085
2542395
2544420
2545702
2547187
2547491
2552677
2554916
2555206
2555241
2557617
2559117
2561338
2561613
2566129
2566793
2567486
2569345
2570474
2571734
2579295
2580261
2581971
2584336
2585597
2585626
2586523
2587126
2588123
2588178
2588694
2589023
2589686
2592576
2593004
2593849
2594896
2597510
2602459
2602794
2603451
2603739
2604344
2605067
2606353
2606808
2608419
2609830
2611003
2611081
2612557
2612776
2614059
2615420
2616356
2616953
2618248
2618713
2619902
2620839
2621944
2622465
2624141
2625450
2628562
2632552
2632906
2635296
2636292
2637026
2638431
2638440
2640516
2641707
2642883
2643247
2643819
2643999
2644409
2646971
2648740
2652449
2657591
2658069
2658125
2660254
2662986
2664337
2666759
2670482
2670930
2670948
2671226
2671341
2672115
2672413
2672984
2674115
2674156
2676926
2677210
2677494
2677916
2679362
2680158
2681150
2684821
2686234
2686490
2688191
2688323
2688601
2688923
2689026
2689032
2690713
2692391
2694757
2696652
2698041
2698583
2698843
2699329
2699556
2703145
2703544
2706273
2710808
2711481
2712017
2712257
2716750
2716810
2717492
2718506
2718549
2719259
2724106
2724146
2724195
2726394
2727885
2727984
2729691
2732135
2732526
2732778
2737141
2737895
2739670
2740140
2740581
2740633
2742349
2743724
2744903
2747707
2749657
2750637
2752569
2757648
2758017
2759531
2759555
2761007
2761169
2762626
2766511
2766536
2766728
2766906
2769548
2773262
2773444
2777076
2781452
2782604
2783051
2784708
2785125
2787822
2788148
2788877
2790926
2790954
2794042
2795620
2796811
2801206
2803389
2804529
2805377
2805953
2810937
2811046
2815769
2815915
2817409
2820035
2823947
2825679
2825971
2826433
2827301
2829627
2829941
2830293
2831485
2832164
2833511
2834845
2835494
2836795
2837410
2842335
2843117
2844894
2845602
2845822
2846977
2849541
2854840
2855855
2856631
2857353
2858003
2859426
2859592
2860925
2861359
2865478
2870881
2871059
2874958
2876592
2876614
2878392
2878535
2882293
2884445
2885935
2886632
2886823
2886887
2889710
2890603
2890777
2892408
2893034
2897499
2898442
2898764
2900797
2900874
2905944
2908646
2910593
2911303
2911816
2911836
2913234
2914260
2914550
2915599
2916668
2919326
2925407
2927869
2928351
2929348
2932755
2933055
2933260
2933922
2935378
2936160
2937725
2939143
2939215
2940410
2942808
2943658
2949306
2953035
2953576
2954415
2956800
2959699
2960414
2961448
2961876
2964198
2965769
2970859
2971046
2971453
2972137
2973077
2974478
2974595
2977514
2978788
2979142
2979755
2979821
2980144
2980731
2984244
2984256
2984465
2985612
2987480
2987557
2990121
2993323
2993451
2995090
2998083
2998881
3000268
3004647
3006051
3006066
3006488
3006622
3007039
3008176
3008984
3010710
3010836
3012554
3012593
3013551
3014749
3015727
3016913
3017641
3018482
3019559
3020829
3024545
3024651
3024820
3025483
3025896
3025960
3026290
3027005
3028206
3028485
3030190
3031919
3032450
3032535
3033551
3035840
3036296
3037811
3038681
3039076
3039269
3039791
3040334
3041834
3042367
3042567
3042818
3043584
3043596
3043736
3045013
3047990
3048101
3048130
3049246
3049439
3049478
3049666
3050896
3051813
3053130
3053588
3055256
3055361
3055860
3055942
3057084
3057508
3058180
3058712
3059016
3059816
3060306
3060550
3062664
3064937
3066964
3068375
3068699
3072243
3073571
3075860
3075883
3076140
3076420
3077019
3077332
3077517
3077630
3077732
3078600
3079976
3080252
3082249
3086474
3087029
3089117
3090048
3090401
3091183
3095255
3096901
3096962
3098374
3102597
3104498
3105320
3105364
3105542
3106362
3107616
3107902
3110004
3112239
3112436
3115492
3115675
3116400
3116473
3116674
3117159
3119220
3119890
3120975
3121682
3122111
3123767
3124313
3124343
3125116
3126595
3127807
3128139
3128345
3128473
3128816
3128957
3129732
3130242
3131522
3132249
3132346
3132534
3132838
3132884
3133690
3133903
3133926
3134068
3134090
3134176
3134962
3135416
3135667
3135784
3135847
3136672
3137624
3137632
3137729
3137758
3137882
3138031
3138172
3138381
3139015
3139219
3139807
3139982
3139991
3140512
3140719
3140879
3141023
3141446
3141665
3141851
3141955
3142036
3142190
3142692
3142803
3142863
3143226
3143268
3143310
3143773
3144087
3144301
3144322
3144484
3145359
3145774
3146313
3146390
3146688
3147440
3147521
3147566
3147720
3147894
3148343
3148494
3148560
3148585
3148667
3148671
3148799
3149003
3149298
3149329
3149531
3150298
3150313
3150774
3150822
3150840
3151031
3151636
3152872
3153491
3153574
3153724
3153993
3154173
3154707
3154792
3155015
3155516
3155810
3155879
3156723
3157897
3157940
3158094
3158579
3158592
3159071
3160158
3160342
3161063
3161175
3161336
3161728
3161896
3162077
3162296
3162640
3162668
3162669
3163335
3164559
3164650
3164655
3164987
3165255
3165744
3166263
3166404
3166960
3167536
3167561
3167933
3168083
3168205
3168590
3168789
3168962
3170956
3172198
3172254
3172725
3173367
3173916
3174268
3174871
3174955
3175565
3175652
3175689
3177077
3177141
3177500
3178049
3178651
3178889
3179278
3179418
3179683
3181278
3183022
3183652
3184006
3184025
3184124
3186057
3187185
3188838
3189429
3190336
3190676
3191895
3192044
3193617
3195046
3195276
3197421
3197700
3197784
3198663
3199550
3199571
3200314
3200689
3202406
3203025
3203538
3204674
3205154
3205882
3205979
3207590
3207896
3208709
3210290
3211047
3212693
3212978
3212988
3214351
3214676
3215285
3215332
3215646
3215812
3216127
3216389
3216637
3217249
3217438
3218498
3218525
3219432
3220603
3220790
3220795
3220796
3221479
3222726
3222881
3223266
3225388
3225896
3228235
3228332
3228462
3229031
3230202
3232214
3232809
3233392
3233925
3234553
3235353
3236305
3238127
3238758
3238831
3239455
3239505
3240634
3241384
3242547
3242633
3243013
3243842
3244802
3244879
3245143
3247801
3247901
3248854
3249934
3250021
3250432
3250797
3251166
3252826
3252975
3253090
3253328
3255003
3255178
3256059
3256167
3257150
3257153
3257692
3258485
3260159
3260374
3260452
3260827
3260834
3262185
3263360
3263665
3264061
3264446
3264937
3265458
3265491
3265512
3265745
3266457
3266466
3266635
3267339
3268048
3270039
3270286
3271450
3272573
3273146
3273319
3274323
3275155
3275648
3276872
3277209
3278408
3278575
3279214
3279367
3280214
3282342
3283161
3283460
3283582
3284369
3286255
3286353
3286448
3286503
3286614
3287471
3289219
3289663
3289881
3290796
3290909
3290963
3291076
3291438
3292187
3292287
3292392
3292407
3292884
3294928
3297310
3297536
3298699
3299049
3299617
3299757
3300690
3301314
3301458
3301582
3301891
3301926
3302230
3303695
3304316
3305462
3306984
3307166
3307486
3307985
3308072
3308560
3309898
3310048
3310220
3310601
3310990
3311083
3311202
3311772
3311901
3314088
3315619
3316032
3316359
3316540
3316619
3316662
3316786
3316903
3318756
3319958
3324409
3324706
3325490
3325580
3326631
3327446
3328415
3328511
3328845
3328899
3330015
3331458
3332935
3333370
3333428
3333979
3334474
3334974
3335139
3336087
3336377
3336395
3336698
3338374
3338437
3339082
3339300
3339409
3339875
3340459
3340482
3341330
3341488
3341627
3342976
3343074
3343803
3345976
3347553
3349438
3349537
3350314
3350737
3351701
3352291
3353275
3353742
3356780
3358174
3358970
3359292
3361486
3361802
3362755
3363105
3363199
3363627
3365078
3365630
3365737
3365902
3366536
3366611
3366741
3366916
3367010
3367517
3367973
3369168
3370902
3370945
3370948
3371897
3374662
3375486
3376990
3377580
3377994
3378505
3378646
3379050
3379330
3379639
3380116
3380695
3381608
3381680
3381905
3382403
3383010
3384057
3384244
3384563
3388464
3388623
3390338
3391592
3391705
3393265
3393783
3394386
3397123
3397356
3398307
3398408
3398470
3400851
3401956
3402301
3403051
3403289
3403817
3404023
3405076
3405597
3406132
3408604
3409252
3410457
3411041
3411993
3412491
3412499
3412593
3412666
3413414
3414239
3414703
3416613
3417270
3417876
3420029
3421831
3421893
3422622
3423065
3424132
3425751
3426239
3426383
3428011
3428538
3428918
3429828
3430397
3430509
3431038
3431391
3431912
3432133
3434694
3434827
3435264
3437704
3439904
3442056
3443732
3444176
3444178
3444448
3445754
3447378
3447989
3452220
3452314
3454599
3457111
3458147
3458961
3462842
3463100
3463425
3463794
3463818
3463931
3464046
3465211
3467310
3469808
3469827
3470724
3471289
3471663
3473929
3474362
3474938
3475175
3475269
3475574
3477313
3477387
3478708
3478920
3481163
3481471
3482678
3483011
3485697
3485724
3486125
3486343
3488285
3492904
3493405
3493722
3495213
3496506
3497254
3497447
3497642
3505099
3505895
3508173
3512892
3515352
3516655
3516663
3518122
3519085
3522684
3524513
3526068
3526366
3526546
3528361
3530793
3531489
3533256
3537486
3543815
3543995
3546058
3547225
3549577
3549689
3549974
3550921
3551024
3551113
3551239
3552499
3552520
3552539
3552659
3552887
3553663
3555927
3556137
3556345
3556775
3556971
3557104
3557417
3561052
3561458
3561502
3561579
3563029
3563143
3565348
3565465
3565610
3565918
3566351
3566589
3567352
3568159
3568457
3570220
3570356
3571331
3571384
3571782
3572022
3572211
3572566
3573564
3573970
3574042
3574626
3574736
3575152
3575187
3576610
3576876
3576938
3578560
3579592
3579896
3580308
3581084
3581847
3584121
3584506
3585312
3585746
3587489
3588499
3588664
3589731
3590185
3591636
3591912
3592793
3593352
3593526
3594554
3594698
3597537
3597894
3598178
3598938
3599830
3600700
3601796
3603811
3604255
3604332
3604877
3605966
3607131
3608365
3608665
3609975
3610186
3610874
3610916
3612375
3612719
3613026
3614730
3617551
3617845
3621258
3622752
3623406
3627135
3627822
3628935
3631707
3632699
3632741
3633099
3633546
3637290
3637409
3637652
3638101
3639706
3640374
3641233
3641594
3642292
3643017
3643382
3643774
3644029
3647545
3649120
3654645
3655000
3655001
3656354
3656540
3656763
3657091
3657692
3658528
3660178
3660181
3660293
3660295
3660549
3661760
3662981
3663203
3665575
3666435
3668060
3668113
3668635
3672466
3672548
3672948
3673662
3674655
3675453
3675681
3676829
3677122
3681740
3681845
3682434
3684312
3685911
3687156
3690689
3690713
3693308
3693687
3693772
3694786
3695283
3697501
3697634
3699097
3704667
3704778
3706954
3709427
3712125
3713586
3720076
3721970
3725106
3725166
3726305
3726423
3727632
3730537
3730656
3731248
3733573
3734126
3734657
3735787
3736290
3737623
3738287
3738972
3739565
3739961
3740604
3744417
3745411
3746296
3748726
3748843
3749105
3756257
3757730
3757917
3759151
3759279
3759434
3761235
3764507
3765589
3767492
3768319
3768475
3768863
3770566
3771957
3773558
3773881
3775082
3776714
3777928
3779040
3779811
3780269
3781112
3782258
3782641
3785632
3785762
3791453
3791888
3792135
3793525
3795586
3796496
3798565
3799577
3801242
3801504
3802662
3804071
3805322
3809664
3810556
3810844
3816441
3816787
3817265
3818073
3818731
3819016
3821186
3821612
3823033
3823969
3824580
3824646
3825252
3826034
3826732
3826892
3827666
3828083
3828303
3829494
3829540
3830022
3830715
3831153
3833024
3833419
3834261
3834269
3835871
3835990
3836911
3837758
3838853
3840955
3841565
3842830
3844501
3844659
3846136
3846469
3847237
3847840
3847864
3847886
3848798
3850663
3851534
3853285
3853427
3854528
3854672
3856523
3857590
3858875
3859828
3859916
3860352
3860971
3861004
3861202
3866689
3868515
3868800
3870393
3870624
3871495
3874043
3874281
3874412
3874577
3875755
3876150
3877318
3879972
3880804
3883727
3885378
3885539
3885824
3886023
3886192
3886631
3886788
3887287
3887371
3887592
3889278
3889646
3889794
3890877
3892429
3892437
3892752
3892885
3893427
3893498
3894951
3895181
3895224
3895439
3895701
3895713
3895718
3896707
3898106
3898156
3899326
3899466
3900480
3901338
3901436
3902631
3902880
3904335
3904590
3904833
3904865
3905519
3906567
3907712
3909531
3910486
3910574
3910834
3912205
3916475
3917892
3918160
3920024
3920111
3920682
3920763
3920843
3921111
3921181
3921202
3921796
3922649
3922807
3923470
3923477
3923600
3924276
3924792
3925432
3926178
3926614
3927330
3927645
3928190
3928619
3930162
3930394
3933028
3934932
3935672
3936398
3938477
3938851
3939177
3939416
3939758
3939850
3940164
3941857
3942008
3942379
3943630
3945059
3946221
3946754
3946812
3946817
3947912
3949052
3949612
3950354
3950941
3951073
3951716
3952642
3953365
3953677
3954188
3955296
3955383
3955396
3956003
3956608
3956884
3957081
3957639
3958064
3959501
3959755
3960385
3960634
3961946
3962164
3962531
3963744
3963887
3965848
3966850
3967820
3967902
3969161
3970750
3971287
3972881
3973169
3973816
3974244
3974292
3974476
3977411
3978001
3978232
3979434
3980665
3980922
3981938
3982112
3982563
3982899
3983541
3984305
3984726
3985427
3985845
3985860
3986666
3987141
3987427
3987512
3988163
3988577
3990017
3991263
3991917
3993049
3993324
3994400
3994509
3995831
3995996
3996208
3997270
3997730
3997841
3998582
3998709
3999202
3999955
4000059
4000256
4000437
4000632
4002157
4002307
4002983
4003512
4003520
4003593
4004971
4006215
4006887
4007316
4008627
4010005
4010541
4011232
4011341
4012890
4012907
4012975
4013296
4013999
4014185
4015309
4015320
4015469
4015656
4015819
4016317
4016482
4016784
4016805
4016900
4017303
4017617
4017681
4018810
4019700
4020044
4021276
4022066
4022184
4023105
4024193
4024453
4025689
4026114
4026214
4028640
4029252
4029652
4030095
4030214
4030738
4031948
4032592
4034130
4034405
4034565
4034941
4035683
4038073
4038500
4039546
4039724
4041214
4041463
4042289
4043442
4046643
4049145
4050287
4050850
4051052
4051399
4051511
4052713
4052855
4054114
4057665
4059206
4059550
4060681
4062050
4063400
4066013
4067891
4068745
4069887
4069942
4070046
4070538
4071005
4071127
4072001
4072571
4074700
4075195
4075583
4077235
4077760
4078546
4079743
4080996
4081409
4081523
4081535
4081894
4083108
4083199
4083817
4084128
4086550
4088538
4089490
4089893
4091617
4092482
4092761
4092827
4093920
4094703
4095823
4095837
4096025
4097674
4099003
4099661
4103801
4105204
4105778
4106557
4110055
4111792
4112289
4114103
4115814
4118244
4118572
4121003
4122393
4122488
4123301
4123357
4124618
4128086
4131225
4131704
4132094
4132331
4132954
4132994
4133468
4134410
4134734
4134826
4135507
4135729
4137061
4137290
4138006
4138690
4139980
4141008
4142230
4144077
4144133
4145844
4147040
4147384
4147561
4150600
4152777
4152951
4153484
4157121
4159497
4160324
4160995
4161281
4161875
4163115
4163303
4165357
4166008
4168399
4168709
4170917
4172106
4172400
4172740
4175001
4175934
4177032
4177753
4179369
4181189
4184053
4186151
4188763
4189210
4190268
4190410
4191282
4193965
4195504
4198175
4201455
4202256
4202614
4203053
4204900
4204907
4206879
4208335
4208840
4209675
4210172
4211166
4218290
4219680
4220395
4225252
4225706
4225765
4226017
4227190
4230161
4230650
4230910
4231858
4232155
4232565
4233503
4236494
4240296
4240622
4240942
4241201
4241540
4241919
4243023
4243621
4243977
4244665
4245350
4245681
4245810
4246328
4246561
4249315
4249459
4251265
4251983
4252192
4252273
4253110
4254266
4255450
4257110
4257130
4257504
4258374
4258448
4258561
4258580
4260577
4263884
4264312
4265166
4265923
4267789
4273106
4273269
4274392
4274955
4275081
4275137
4275510
4275655
4281628
4282493
4282860
4285121
4285274
4287062
4290347
4291235
4292350
4292868
4292947
4293123
4294008
4294760
4295383
4295553
4296721
4297786
4298848
4299419
4299541
4300277
4300682
4300756
4301165
4301624
4302690
4303064
4303201
4303961
4304115
4305180
4305848
4305954
4306295
4307453
4309246
4310936
4310958
4312008
4312376
4312707
4313725
4315787
4315848
4317924
4318409
4319944
4322008
4325692
4330632
4334807
4334869
4335119
4335222
4337735
4338101
4338584
4338746
4339023
4341814
4342093
4343020
4343272
4344775
4344964
4345256
4347180
4347192
4348432
4348983
4349313
4349556
4350410
4350766
4352940
4353740
4353898
4355239
4355693
4356233
4357443
4358787
4360377
4360903
4361670
4362057
4362680
4362875
4363919
4365466
4365862
4367227
4367627
4367987
4368109
4368529
4368651
4368727
4369058
4369339
4370055
4370438
4370646
4370975
4372347
4372399
4372521
4373531
4373688
4374123
4375106
4375769
4375854
4377144
4377814
4378092
4378210
4378949
4379338
4379418
4379449
4379532
4379770
4379822
4380361
4380362
4380727
4380835
4381697
4381937
4384044
4384640
4385237
4386444
4386565
4387469
4388191
4388214
4388703
4389092
4389218
4389445
4390108
4391765
4392789
4393091
4393196
4393832
4394672
4394961
4395813
4395976
4396612
4396648
4396665
4397005
4397415
4397504
4397568
4398253
4398310
4398406
4398452
4399069
4399612
4400326
4401755
4401831
4402111
4402480
4402739
4403388
4403643
4403901
4405015
4406123
4406217
4406266
4406305
4406624
4406819
4406938
4407031
4407093
4407443
4407813
4407875
4409087
4409429
4409495
4410303
4410425
4411154
4411701
4411848
4411950
4412071
4412690
4412894
4414141
4414246
4414389
4414981
4415579
4415599
4415709
4416990
4417135
4417217
4417281
4418077
4418093
4418158
4418484
4419029
4419304
4419846
4420260
4420722
4420826
4420970
4421138
4421255
4422326
4423055
4423316
4423495
4423815
4423870
4423886
4425534
4425677
4426225
4427967
4428356
4428909
4429110
4429304
4429434
4429473
4429872
4431247
4431884
4432630
4433382
4433509
4433674
4433798
4434084
4434417
4434859
4435367
4436513
4436583
4436739
4436855
4436997
4437179
4437339
4437657
4437757
4438213
4438398
4438993
4440260
4440494
4441817
4442139
4442457
4443422
4443431
4443732
4444198
4444295
4444449
4444779
4444901
4445192
4445444
4445847
4446075
4446126
4446276
4446304
4447701
4448099
4448543
4449332
4449549
4452024
4453457
4454231
4454604
4454900
4454948
4455081
4455572
4455732
4455902
4455917
4457250
4457478
4458842
4460261
4461086
4461779
4463856
4464326
4464519
4464825
4465134
4466386
4466509
4466774
4466810
4467831
4468031
4468663
4469081
4469676
4469708
4471003
4471227
4471354
4471772
4472259
4472425
4473753
4474420
4476525
4477585
4477831
4477932
4478171
4478175
4478923
4480035
4480295
4481515
4482264
4482700
4482917
4483002
4484566
4484935
4485434
4485501
4485627
4485666
4485951
4486053
4486483
4486533
4486967
4487611
4488772
4489901
4490543
4490876
4490969
4491036
4491824
4491986
4492837
4493882
4494181
4494245
4495580
4496034
4496746
4497920
4497990
4500718
4501505
4502177
4502356
4502617
4502934
4503797
4504056
4504154
4505328
4507233
4507886
4509036
4509449
4509489
4509830
4510274
4510323
4510761
4511387
4513021
4513419
4513550
4513656
4514690
4515381
4516491
4517893
4519684
4520656
4520747
4521108
4521265
4521360
4522414
4522576
4522767
4523738
4525087
4525635
4526988
4529300
4529655
4530037
4530941
4533362
4534873
4534890
4535864
4535959
4535979
4537134
4537784
4537806
4538388
4539801
4539900
4540236
4540521
4540617
4541019
4541126
4541405
4541461
4541670
4541829
4542608
4544084
4545692
4546076
4546237
4547176
4547596
4547632
4547757
4548264
4550193
4550634
4553278
4554412
4554421
4555768
4556108
4557936
4557943
4558272
4560112
4561774
4562389
4563244
4563933
4564100
4567478
4569133
4570065
4572480
4572915
4573644
4573733
4573786
4574090
4574107
4581044
4581342
4583916
4584895
4589392
4589395
4590085
4590765
4590957
4590972
4591545
4591680
4591958
4592388
4592869
4594443
4596371
4596796
4597602
4601262
4601296
4601523
4602158
4603195
4603651
4604688
4604698
4604740
4604962
4608358
4609594
4610623
4612776
4613035
4613452
4613565
4613895
4614790
4615061
4616225
4616885
4616925
4617266
4617741
4617814
4617916
4619500
4620258
4620697
4621457
4628048
4628639
4629280
4630418
4631013
4631023
4633091
4633185
4634228
4636316
4641716
4643209
4645892
4646109
4646748
4647057
4647451
4648982
4650590
4650837
4650841
4651003
4651998
4653302
4653592
4654271
4655108
4655157
4655840
4656093
4657231
4659655
4660537
4660819
4661749
4662557
4664125
4664283
4664328
4665755
4665928
4666900
4667163
4667934
4668590
4669176
4669465
4669953
4673496
4675934
4679261
4679941
4681135
4682161
4682887
4683903
4686419
4688869
4689426
4689600
4689940
4690440
4691019
4691342
4692757
4692922
4693154
4693294
4693318
4693507
4693545
4694041
4694093
4694324
4695118
4695989
4696285
4696393
4696542
4697493
4697728
4697856
4698513
4698558
4698902
4699631
4699673
4701135
4701204
4702376
4703438
4703907
4703985
4704093
4704341
4705015
4705057
4705838
4706000
4706292
4706576
4706922
4707326
4707389
4707830
4707949
4708240
4708899
4709346
4710141
4710866
4710950
4711086
4711800
4712329
4713081
4713128
4713492
4714879
4715268
4715444
4715808
4717009
4717099
4717508
4719520
4720335
4720492
4721138
4721411
4722285
4722673
4723425
4724235
4724470
4726126
4728067
4728241
4728268
4729225
4731977
4732850
4733094
4734580
4734784
4734905
4735781
4738223
4739077
4739383
4739575
4741283
4741521
4742882
4742934
4743060
4744833
4746050
4750686
4753914
4755719
4756023
4758896
4759567
4760712
4761179
4761808
4762096
4766216
4766249
4766395
4766518
4766569
4766993
4767492
4768669
4774021
4775052
4775758
4775974
4779972
4783677
4784410
4786191
4786520
4787942
4788443
4788684
4788728
4788844
4789464
4789970
4790489
4791039
4791141
4791410
4791895
4791937
4792301
4792466
4792980
4799462
4800610
4800660
4801039
4802654
4805489
4805852
4806253
4807228
4808278
4808471
4813475
4813537
4814445
4814508
4814875
4817495
4818087
4818545
4819011
4819454
4819620
4820287
4820291
4820634
4820777
4820817
4821018
4822644
4822981
4823414
4824201
4824632
4824830
4825571
4826704
4831279
4834151
4835092
4835963
4836363
4837377
4840941
4842110
4843404
4843589
4843695
4844719
4846717
4850020
4852591
4852599
4853096
4855975
4857549
4859536
4859926
4860128
4861396
4861896
4861946
4862273
4863581
4863913
4865651
4866037
4866373
4872040
4872727
4873362
4874089
4874920
4879272
4881472
4881780
4882644
4885342
4885921
4886753
4887969
4888298
4888518
4890165
4891199
4891500
4892245
4893331
4894435
4895818
4896025
4896041
4896793
4897356
4897995
4898543
4899820
4899953
4900960
4903359
4904815
4907639
4908922
4910293
4910495
4911597
4912102
4912511
4914849
4916263
4916942
4917848
4920121
4920356
4920923
4921328
4922774
4923017
4923125
4923145
4923435
4923488
4924508
4928939
4929555
4930306
4931343
4931431
4932267
4933668
4933975
4934536
4934624
4934693
4934996
4935260
4935617
4937643
4938188
4938963
4940348
4941018
4941139
4941384
4941423
4941503
4941578
4941587
4942078
4943017
4943077
4943732
4945592
4945737
4947922
4948074
4948104
4952323
4953750
4953834
4955843
4956706
4958790
4959471
4959931
4960358
4960805
4961553
4961669
4961817
4962964
4963428
4964809
4964874
4965115
4965358
4966407
4967966
4968457
4969182
4969184
4970113
4971950
4972062
4972667
4972677
4972754
4972783
4972913
4973108
4973214
4973273
4973476
4974014
4974287
4974491
4974748
4975168
4975419
4975475
4976203
4976443
4976602
4977050
4977118
4977846
4977979
4978750
4979086
4979341
4979561
4979840
4981631
4982293
4982557
4983521
4983930
4984098
4984490
4984494
4985625
4985788
4988154
4988979
4989208
4990965
4991279
4991363
4992090
4992131
4992492
4992617
4992630
4992842
4993389
4993414
4993691
4993693
4993763
4994775
4995631
4996016
4996983
4997407
4997532
4998156
4998971
5000052
5000431
5000528
5000665
5001083
5001578
5001608
5002115
5002600
5004004
5004020
5005351
5006277
5006791
5007104
5007789
5008220
5008473
5008781
5008857
5008867
5008874
5008963
5008981
5009179
5009980
5010600
5011336
5011541
5011934
5012468
5014091
5014536
5014618
5015239
5015583
5016452
5016584
5016963
5017759
5018387
5018913
5019411
5021113
5022270
5022396
5022714
5023269
5023730
5023911
5025027
5025275
5026156
5026178
5026713
5026850
5027188
5027229
5029422
5030201
5030217
5030644
5030812
5031611
5032055
5035206
5037468
5037476
5039317
5041454
5042832
5043216
5043682
5044250
5044798
5044859
5045420
5045987
5046050
5046053
5046720
5046811
5047537
5048208
5048285
5049025
5049320
5051494
5052080
5052753
5053048
5053914
5054056
5054298
5054469
5054986
5055476
5056256
5056925
5057345
5057764
5058003
5058358
5058945
5059234
5060131
5061589
5062336
5062406
5063650
5063783
5064661
5064729
5065370
5067468
5068289
5070464
5070517
5070676
5071622
5071874
5071877
5073332
5075516
5076615
5076822
5077859
5079061
5079223
5079672
5080257
5081617
5082842
5083168
5084920
5084945
5086440
5087125
5087367
5087882
5088298
5089161
5089198
5089751
5091095
5092191
5092326
5092331
5092701
5093645
5094234
5095916
5100071
5103268
5104726
5106333
5106334
5108208
5108474
5108866
5108998
5109485
5111556
5112315
5112629
5113274
5113343
5113680
5114344
5116560
5116962
5117192
5118343
5118576
5119446
5120263
5121995
5122275
5123836
5124679
5124789
5125291
5125859
5126040
5131470
5132433
5133276
5133499
5133721
5134568
5135431
5135757
5137700
5137906
5138844
5138846
5138995
5139538
5140037
5140379
5140977
5141531
5142469
5143691
5143702
5144640
5145922
5148307
5148886
5150057
5151218
5152873
5153078
5155250
5155876
5156890
5157417
5157912
5158584
5159175
5159576
5160074
5160611
5162183
5165412
5166562
5167940
5169010
5169449
5169850
5175049
5175621
5175937
5176703
5177023
5177282
5178370
5179435
5181628
5183246
5183713
5184172
5185693
5186607
5187384
5188423
5188588
5188606
5188795
5189197
5189233
5189451
5189887
5191247
5191709
5191765
5191928
5192446
5192750
5193100
5193403
5194324
5194434
5194763
5194822
5195241
5195693
5195851
5196042
5196570
5196819
5199120
5200876
5201375
5201695
5202950
5203050
5203842
5204028
5204676
5204710
5205783
5206182
5206667
5206836
5207723
5207740
5207847
5207974
5208085
5208299
5208467
5208930
5208953
5209325
5210353
5210448
5210823
5211571
5212331
5212689
5212931
5213556
5214477
5214791
5215071
5216053
5217541
5217805
5219063
5219479
5219796
5221010
5221625
5223064
5223741
5224066
5224553
5225995
5226102
5226225
5226317
5226461
5227728
5229554
5230172
5230373
5231366
5231692
5232298
5232373
5233010
5234047
5234963
5236857
5237600
5239057
5240362
5241161
5241451
5241545
5241547
5241944
5241957
5242062
5242405
5242680
5242792
5242986
5244419
5244497
5244668
5245338
5245960
5246154
5247753
5248219
5248239
5248773
5249388
5249419
5249467
5250191
5251104
5251122
5252539
5252704
5252768
5253193
5254226
5254901
5255347
5256873
5257132
5257468
5257477
5257537
5258368
5259776
5259878
5260038
5260692
5260842
5260987
5261055
5261305
5261351
5261391
5262203
5262510
5263042
5263107
5263547
5263686
5264201
5264209
5264222
5264571
5264666
5264728
5265017
5265687
5265936
5266383
5266498
5266752
5266926
5267455
5267695
5268009
5268103
5268153
5268596
5268801
5268996
5269438
5269826
5271154
5271261
5271647
5273614
5274178
5274777
5274949
5275817
5276625
5277495
5277993
5278897
5279775
5280160
5282624
5283172
5283980
5284842
5284883
5285339
5285391
5285781
5285831
5288678
5290047
5291007
5291641
5291780
5292591
5292806
5293429
5293617
5294811
5295048
5295766
5296227
5296273
5297824
5298638
5299080
5300246
5301422
5301462
5301676
5302222
5302770
5303865
5304610
5305817
5306060
5306554
5307019
5308759
5309502
5309832
5310976
5312145
5312178
5312301
5314081
5315263
5317826
5319999
5320079
5321646
5323199
5324364
5324600
5324670
5324918
5324935
5327048
5327713
5328891
5329519
5330251
5330376
5330619
5331271
5331604
5331752
5332651
5335592
5337811
5339629
5339978
5341013
5342214
5342451
5343570
5343877
5344069
5346924
5347147
5347586
5348441
5348550
5349053
5350349
5350992
5353487
5354280
5354790
5355338
5359963
5360310
5362646
5362667
5363181
5364664
5366651
5367691
5367739
5370350
5371840
5371893
5372124
5375023
5377134
5377345
5377828
5379879
5380043
5381890
5384149
5385596
5385632
5385713
5388864
5389275
5390517
5391800
5391826
5392376
5395164
5396809
5398271
5399085
5400198
5401076
5401690
5402431
5405724
5411266
5412106
5412817
5412866
5415810
5416061
5417933
5419926
5420573
5421048
5422076
5423238
5423655
5427987
5430126
5431538
5433140
5433197
5433654
5433817
5433964
5434216
5434270
5434546
5434588
5435585
5435678
5436168
5437866
5438145
5439181
5439404
5440411
5441424
5442248
5442750
5443476
5444212
5444961
5446249
5446741
5447888
5448591
5450571
5453235
5455196
5456018
5456304
5457272
5459880
5462361
5463926
5465930
5466050
5466136
5466763
5467206
5469273
5469309
5469549
5473341
5480058
5480654
5482156
5482329
5483958
5484771
5485006
5485913
5486443
5487323
5488466
5488732
5489259
5493603
5496288
5496306
5496448
5496626
5499333
5500196
5501979
5503156
5503740
5503926
5504276
5505150
5506851
5510204
5511023
5512594
5513937
5516755
5517485
5519359
5520528
5521050
5521138
5521236
5521767
5522604
5523561
5525693
5526142
5528861
5530977
5531707
5532385
5534837
5535753
5536011
5536876
5537047
5537122
5538273
5539335
5539742
5540051
5541294
5542257
5542519
5543869
5545520
5545794
5546718
5548394
5549354
5550374
5552062
5552256
5552799
5553841
5553957
5554284
5554356
5554958
5555266
5556805
5557289
5559421
5560747
5561061
5562640
5562945
5563405
5563462
5563969
5564497
5564592
5565935
5566811
5567387
5568194
5568207
5568428
5568698
5568794
5570141
5570893
5571741
5571966
5572114
5572949
5572983
5573642
5574097
5575917
5576827
5577123
5577266
5578326
5579396
5581256
5583377
5583577
5588961
5589508
5589777
5590101
5591334
5592510
5593322
5593603
5595813
5596148
5597494
5597626
5598796
5598972
5599090
5600092
5600246
5601509
5601775
5602620
5603274
5603953
5604650
5605436
5605731
5605760
5606826
5606937
5607796
5607888
5608239
5608730
5609047
5609315
5610120
5610721
5611298
5611484
5611767
5611822
5611962
5612061
5612484
5613138
5613471
5613490
5613978
5613990
5614348
5614479
5614502
5614545
5615669
5615687
5616796
5618024
5618276
5618937
5618978
5619147
5619883
5619981
5620024
5621084
5621100
5621236
5622115
5622779
5622868
5625671
5625684
5625855
5626926
5627115
5628139
5628520
5628885
5628923
5631333
5631829
5631838
5633329
5633364
5634310
5635826
5637237
5639478
5640316
5640343
5641489
5642305
5642500
5642654
5642967
5643565
5643571
5644168
5644229
5645504
5646081
5646800
5646894
5647071
5647319
5647364
5647837
5647972
5650528
5651272
5653252
5653800
5654976
5656186
5656365
5658633
5659201
5660206
5660643
5660645
5661329
5661593
5661690
5663065
5663283
5663617
5664117
5664285
5664485
5664785
5664888
5668436
5668743
5668844
5670294
5671337
5671698
5672235
5672422
5672545
5672692
5673001
5673747
5674206
5674570
5675092
5675521
5675833
5678073
5681345
5681470
5681624
5682127
5682399
5682452
5682512
5683407
5684968
5685454
5685881
5686366
5687097
5687393
5687617
5687863
5689422
5690614
5690878
5691536
5692186
5694156
5694184
5696097
5696686
5696935
5697463
5700023
5700405
5700961
5701276
5703051
5706002
5706072
5707088
5708391
5709017
5709925
5710869
5711116
5711652
5712896
5714119
5714932
5715115
5715624
5716813
5718436
5718906
5720809
5722112
5722520
5723415
5724198
5726344
5726931
5727467
5727913
5728281
5732329
5733425
5734427
5734888
5736517
5739487
5739764
5741890
5742100
5742464
5742690
5747212
5748905
5750404
5750912
5751364
5751614
5752448
5752533
5752923
5754358
5755387
5756347
5760230
5761874
5763938
5764377
5764691
5765539
5766001
5766855
5767543
5768143
5769399
5771755
5772503
5773644
5774162
5774826
5775579
5776562
5776992
5777215
5778417
5783304
5784192
5784736
5784873
5785823
5787115
5789401
5789738
5791678
5791718
5792014
5792487
5792714
5792947
5793094
5793246
5793608
5794276
5794837
5796543
5797855
5798678
5798769
5798778
5799120
5799636
5800433
5800883
5801019
5802983
5803234
5803917
5803990
5805290
5805626
5805660
5805911
5806467
5806692
5807196
5807635
5807659
5808445
5808720
5808770
5809738
5809950
5809985
5810241
5810797
5811618
5813401
5815381
5815639
5815754
5815886
5817365
5817379
5818896
5819310
5821120
5821748
5821839
5823283
5824183
5824276
5824500
5826680
5827056
5827417
5827468
5828540
5828994
5829406
5829528
5830114
5830240
5830766
5830826
5831965
5832159
5833673
5834538
5836491
5837055
5837421
5838060
5839312
5839536
5840496
5841335
5841491
5843285
5843393
5843860
5844924
5846084
5847186
5847696
5847718
5849136
5851223
5853617
5853794
5854282
5854382
5854731
5855280
5855956
5857190
5861246
5861292
5861379
5862952
5865148
5866150
5866759
5866890
5867091
5867717
5868189
5868514
5870927
5872558
5874586
5875098
5876100
5878481
5879247
5880445
5880512
5882212
5882898
5883733
5883990
5885045
5885079
5886470
5886478
5886546
5887273
5887535
5890124
5890486
5891487
5891862
5892184
5892894
5894728
5894829
5894887
5895218
5896131
5896157
5903444
5905143
5905842
5906462
5907352
5907423
5907446
5908398
5909143
5911682
5912097
5913782
5913904
5917332
5918028
5918473
5919134
5919354
5922869
5925069
5926170
5929913
5931462
5932353
5933005
5933281
5937133
5937480
5939075
5939725
5940266
5941159
5942144
5942616
5943247
5944078
5944637
5945436
5945674
5946181
5947521
5947572
5947679
5950292
5950698
5954721
5956891
5957588
5959183
5959367
5960143
5960275
5961837
5962956
5964407
5964537
5965777
5966028
5966157
5966699
5972330
5972636
5973528
5976146
5977841
5977991
5978275
5978474
5978520
5978872
5979702
5983279
5988328
5990427
5991752
5993436
5994127
5995293
5997864
5998527
6000209
6000277
6000736
6000797
6001582
6008524
6008542
6008866
6009683
6009757
6012514
6012703
6015928
6016134
6016705
6017538
6018956
6019806
6022627
6024798
6025044
6027845
6028635
6029360
6029662
6030564
6031444
6031781
6035025
6036252
6036296
6038199
6038382
6038665
6038989
6039225
6039792
6040132
6040547
6040850
6040889
6041890
6043346
6044343
6044410
6044933
6047263
6047411
6048067
6049665
6049833
6050684
6052849
6054305
6056617
6057122
6058714
6059358
6062791
6063303
6063921
6064201
6064478
6066125
6067792
6072195
6072657
6073325
6073654
6073868
6074628
6076009
6077461
6077689
6078030
6078696
6078931
6079149
6080072
6081168
6081892
6085710
6085800
6088644
6089406
6089612
6089821
6090037
6092164
6093185
6098293
6099850
6101955
6105887
6108401
6110891
6111264
6111565
6112909
6113665
6119419
6120013
6120083
6120227
6122624
6129528
6129852
6130353
6131134
6131681
6134468
6135590
6135621
6137609
6139269
6139415
6140522
6140631
6140804
6142002
6142611
6142857
6144454
6146718
6147467
6149249
6149302
6152066
6153340
6154428
6156883
6157554
6158896
6160664
6160736
6160923
6161139
6161384
6161668
6163548
6163662
6164000
6165136
6165239
6165431
6166379
6166490
6170263
6173694
6175258
6175868
6176155
6176231
6177302
6177847
6178212
6178540
6179613
6182230
6182610
6183360
6188907
6189137
6189668
6190347
6191134
6192136
6192360
6194229
6194659
6194765
6195995
6198992
6199640
6199667
6201894
6202635
6203756
6203891
6204705
6206327
6207182
6208711
6211142
6211341
6211535
6211540
6216320
6217775
6218092
6219170
6219354
6220629
6221271
6221501
6221707
6221849
6222027
6222530
6223365
6223464
6223696
6224809
6225255
6226324
6227155
6227324
6227335
6227912
6228657
6229406
6229666
6229793
6230765
6230873
6231349
6232845
6235120
6236013
6236449
6237257
6238719
6239105
6239633
6243896
6244547
6245615
6246098
6247283
6247544
6248365
6248386
6250101
6250590
6250658
6251073
6251223
6251764
6253256
6254450
6255133
6255417
6257548
6262073
6262862
6263708
6264288
6264609
6266810
6268210
6270316
6271118
6271879
6272030
6274108
6274270
6276770
6279217
6281831
6282136
6282184
6286045
6286615
6288283
6288507
6290055
6290622
6291409
6291765
6294051
6294813
6298145
6300534
6300743
6300845
6301735
6302302
6302563
6304021
6304205
6304382
6305377
6306133
6309386
6311423
6311935
6312108
6312775
6313995
6314169
6315542
6316011
6317357
6319666
6320653
6323252
6323275
6326816
6327140
6328730
6329197
6330992
6331137
6334181
6335328
6337189
6338899
6339741
6344281
6345469
6345998
6347507
6347513
6348407
6349488
6349788
6349876
6352231
6353516
6353967
6354750
6355589
6366334
6369438
6369565
6370019
6370554
6373073
6373261
6373393
6373412
6373469
6373975
6374011
6377036
6382294
6384571
6384980
6385346
6385894
6386497
6386512
6388192
6388331
6389238
6389305
6390085
6390389
6391629
6392020
6393896
6394482
6395446
6395898
6396237
6396909
6397619
6399328
6399823
6400306
6400928
6402365
6402891
6402953
6403879
6405035
6405672
6406973
6407165
6408680
6409130
6409529
6411017
6411704
6412144
6412207
6412598
6412663
6413569
6413927
6414093
6414564
6414774
6417011
6418641
6419888
6419891
6424320
6425307
6426267
6426458
6426952
6429040
6429048
6430122
6430811
6430868
6431847
6432899
6433155
6433794
6434376
6435172
6437611
6437665
6438830
6440499
6440506
6441239
6441311
6442252
6443216
6443368
6443781
6446287
6446424
6446577
6446957
6447401
6447821
6448772
6451128
6454733
6454862
6455707
6457137
6458496
6460350
6460372
6463124
6463428
6463504
6463722
6464639
6465622
6465631
6465712
6466023
6466155
6467520
6468188
6468321
6469923
6469932
6470088
6472496
6473145
6473404
6475598
6477032
6477270
6479503
6484692
6484737
6484820
6485001
6487565
6488910
6488914
6491195
6491457
6492968
6493574
6494171
6494339
6494388
6495250
6495349
6495771
6496088
6496286
6496560
6497394
6498262
6498562
6498945
6499459
6500098
6500580
6501911
6504113
6504856
6505003
6505543
6506193
6506749
6506893
6507638
6508256
6509101
6509806
6510164
6511318
6511798
6512171
6513189
6513653
6514188
6515598
6515925
6517644
6517946
6518810
6519406
6520369
6521538
6521683
6522008
6522119
6523474
6523907
6525814
6525996
6526827
6528158
6528454
6528507
6528907
6529115
6529513
6530600
6532338
6533903
6534459
6535120
6535959
6538386
6538579
6539439
6539886
6540787
6540848
6542441
6542817
6542986
6546003
6546331
6546413
6546992
6547624
6548886
6549523
6550275
6550472
6554077
6554332
6554539
6554748
6554958
6558205
6558367
6558472
6558797
6559249
6560126
6560177
6560670
6561104
6562582
6563225
6564688
6566692
6567500
6567812
6568516
6568756
6569101
6569501
6569782
6571282
6571812
6573356
6573693
6574689
6575554
6579628
6579818
6583889
6584746
6584949
6585899
6589715
6591065
6591752
6594213
6595892
6596974
6597343
6597614
6598589
6601970
6602698
6603026
6603525
6605476
6605944
6606087
6607506
6608733
6610182
6612698
6614420
6616785
6618058
6618957
6619691
6620067
6620982
6622229
6622876
6623078
6623441
6624061
6624424
6624745
6625008
6625185
6625287
6627155
6628136
6632305
6633071
6633419
6633486
6634896
6636001
6636619
6638040
6638546
6638759
6638982
6639376
6640027
6643482
6643613
6643941
6645375
6647302
6647489
6648086
6648509
6649781
6650330
6650331
6650462
6650589
6650903
6651509
6654365
6654451
6658267
6658609
6658760
6661670
6664914
6666667
6667403
6667530
6667661
6667861
6667904
6668425
6668515
6668830
6669045
6669437
6670400
6670440
6671854
6671876
6673682
6675667
6676010
6677770
6678252
6679420
6679595
6679893
6680235
6683025
6683049
6683835
6683981
6684671
6684889
6685155
6685518
6687199
6688258
6689569
6690061
6690786
6692404
6692749
6693069
6693810
6695275
6697907
6701450
6705188
6706191
6706225
6706844
6707168
6708180
6708460
6709310
6710531
6710793
6711655
6711861
6713568
6714528
6716383
6717627
6717702
6720468
6720852
6721150
6721221
6721559
6724688
6724972
6725711
6727893
6731455
6731809
6732037
6734561
6735494
6736066
6736414
6736539
6737162
6737504
6737704
6737963
6737995
6738104
6738466
6738778
6740720
6741193
6741367
6741517
6741581
6741601
6741776
6741781
6743149
6743291
6744868
6744988
6745462
6745540
6747479
6747678
6748969
6749225
6750666
6750770
6750909
6751172
6752978
6753024
6753813
6753977
6754240
6755216
6756742
6757078
6757373
6758548
6759553
6759966
6760887
6762415
6762741
6762813
6762890
6765145
6766239
6766452
6766756
6769170
6770680
6770976
6772994
6773674
6774174
6776227
6776578
6776769
6777043
6777711
6779458
6780255
6781994
6782483
6783828
6786892
6787360
6787376
6793976
6794460
6800261
6802035
6802922
6804831
6805810
6811626
6812184
6812810
6813791
6814918
6815946
6816582
6818338
6823203
6823337
6823714
6823995
6825269
6828238
6829253
6829306
6831638
6832294
6835720
6836846
6837410
6838275
6838692
6840065
6842396
6842495
6843314
6843837
6844247
6844944
6845766
6846625
6846704
6847275
6847329
6848158
6848766
6848806
6850695
6851440
6852744
6853153
6853834
6854023
6854075
6854179
6855546
6855686
6855947
6856261
6857064
6857298
6857710
6857757
6858548
6858820
6858843
6858916
6859134
6860346
6860517
6860632
6860803
6861003
6861122
6861559
6862535
6862771
6864369
6864488
6864967
6865003
6865578
6865921
6866294
6866423
6866755
6867461
6867637
6868093
6868764
6870054
6870803
6871090
6871329
6871448
6871636
6871646
6871873
6872899
6873067
6873650
6874635
6875082
6877127
6877324
6878162
6878536
6879052
6879446
6879818
6879843
6880270
6880449
6880474
6880500
6881542
6882805
6882981
6883020
6883176
6884222
6884421
6884531
6885234
6885520
6885705
6887105
6888079
6888959
6889374
6889481
6889633
6889896
6890934
6891021
6891045
6891910
6891916
6892133
6894342
6895216
6895225
6900406
6900706
6902249
6902492
6904773
6905219
6905404
6907187
6907792
6910416
6912672
6913057
6913160
6913190
6914040
6914225
6914240
6914552
6915670
6916657
6917566
6917914
6918752
6918832
6919493
6919560
6919946
6922378
6924531
6924540
6927235
6927499
6929845
6929981
6930295
6931373
6931845
6933576
6933870
6934194
6935584
6935647
6935897
6936350
6936531
6936623
6936795
6937485
6938205
6939255
6942260
6942686
6943014
6943030
6943796
6943849
6944359
6944751
6945427
6945699
6946651
6947842
6948729
6949895
6951075
6951212
6952718
6954828
6956159
6956280
6956546
6957984
6958249
6959934
6960224
6961508
6961811
6962453
6963084
6965302
6965377
6965978
6966120
6966221
6967381
6967613
6968340
6971185
6971682
6971794
6972221
6973339
6973352
6973391
6974674
6976496
6977206
6977393
6978347
6979134
6979435
6979949
6980036
6980288
6980796
6980990
6981381
6981479
6981696
6983446
6983643
6984639
6984850
6985596
6985650
6985932
6987563
6988196
6989808
6990805
6990866
6991240
6992448
6992581
6993736
6994068
6995114
6996551
6998318
6998583
6999058
6999544
7000547
7001232
7001478
7008191
7011025
7012342
7012613
7013534
7014612
7016331
7017236
7017531
7018124
7018455
7020050
7021296
7021508
7021771
7021852
7021859
7024345
7024541
7025525
7025782
7026146
7026340
7026412
7026644
7026726
7029202
7029257
7029955
7030267
7030499
7031322
7031384
7031933
7032090
7032156
7032691
7032823
7033014
7033237
7033513
7034197
7034859
7035137
7035574
7035969
7037216
7039003
7040447
7040779
7041922
7042933
7043427
7044041
7045376
7046273
7046557
7046693
7048119
7048443
7048453
7049317
7049848
7049979
7050351
7050534
7051762
7052039
7052158
7052326
7053653
7053683
7054343
7054824
7054860
7054956
7055377
7056235
7056466
7056519
7056840
7056848
7057564
7057952
7058296
7058638
7060032
7060590
7061033
7061219
7061862
7061909
7062011
7062257
7062738
7062817
7063364
7063658
7064059
7065260
7065351
7065674
7066551
7067531
7068353
7068514
7068553
7068555
7068634
7069237
7071158
7071257
7071553
7072516
7073018
7073163
7073214
7074352
7075118
7075619
7075828
7076059
7076916
7077240
7078074
7078964
7079681
7079861
7082444
7083093
7083756
7084899
7084915
7084942
7085635
7085864
7086959
7087815
7088166
7088481
7088503
7089144
7089815
7090774
7091813
7091849
7091950
7092127
7092303
7092339
7092627
7092713
7093672
7094420
7094564
7097114
7097245
7097266
7097524
7097697
7097799
7097932
7098039
7098310
7098324
7098614
7100797
7101572
7102910
7102955
7102973
7103295
7105069
7105153
7105637
7105692
7107220
7107826
7108563
7108606
7109185
7109260
7109780
7110163
7110533
7111470
7112083
7112443
7113735
7114945
7115770
7116438
7118182
7119273
7119482
7120239
7121657
7122604
7123473
7123496
7123606
7123618
7125787
7126177
7126466
7127425
7127944
7128539
7128550
7128879
7129281
7129565
7129702
7129703
7131294
7131473
7134081
7134640
7135247
7136420
7137814
7138291
7138414
7139650
7139698
7140596
7142306
7142312
7143019
7144081
7145072
7145098
7145304
7145859
7146960
7146962
7147007
7147756
7148421
7148475
7148606
7149311
7149765
7150036
7150058
7151322
7152886
7153439
7154294
7155724
7155970
7157104
7157497
7157553
7158893
7159174
7159391
7159429
7160031
7160303
7161794
7162060
7162810
7162912
7163187
7163424
7164221
7164670
7164838
7166280
7166322
7168518
7169231
7169918
7173142
7173598
7174575
7175140
7175717
7175964
7176144
7176282
7176293
7176353
7176530
7178648
7179034
7180127
7180446
7181364
7181773
7181965
7182117
7182704
7182900
7183305
7183324
7183534
7185269
7185426
7185625
7185952
7185995
7186426
7186482
7186917
7187228
7187325
7187551
7187751
7188151
7188465
7188470
7188502
7188830
7189024
7189531
7189535
7189751
7189773
7190221
7190579
7190665
7190688
7191218
7191372
7191412
7192104
7192302
7192978
7193136
7193227
7193363
7193522
7193650
7194221
7194867
7195440
7195542
7195852
7195859
7196128
7196592
7197083
7197174
7197518
7197657
7197680
7199019
7199423
7200526
7201267
7201614
7202510
7203109
7203557
7203609
7203715
7203983
7204058
7204320
7204353
7204386
7204447
7204504
7204904
7205120
7205687
7206439
7206681
7206781
7208233
7209449
7209664
7210595
7210942
7211092
7212304
7212846
7212965
7213116
7213520
7214228
7214765
7215579
7215819
7216754
7217032
7217289
7217399
7217932
7220277
7220784
7222041
7222607
7222905
7223038
7223759
7224359
7224744
7226098
7226270
7226850
7227774
7227926
7229858
7229954
7230048
7230141
7230176
7230300
7231396
7231527
7231642
7232825
7236255
7236833
7237461
7237482
7238281
7238748
7238800
7241703
7242408
7244668
7245044
7245108
7245284
7245553
7245950
7245956
7246121
7246329
7246399
7246606
7248758
7249168
7249441
7249495
7249497
7250343
7251510
7253217
7254464
7254932
7255919
7259526
7259775
7260432
7262709
7262762
7263626
7263834
7264307
7264794
7265221
7265555
7266425
7266993
7267903
7268155
7268797
7269306
7271285
7274489
7275313
7276256
7276622
7277661
7278133
7281241
7281566
7282424
7283523
7283528
7283983
7287984
7288513
7291821
7292282
7292318
7292600
7293409
7293521
7293753
7294419
7295135
7295411
7295592
7296226
7296263
7296617
7296924
7297038
7298267
7301475
7302360
7304338
7305006
7305330
7305746
7306101
7306593
7307633
7308178
7309259
7313849
7315206
7315575
7315841
7319309
7319710
7321311
7321407
7321799
7322082
7324196
7325601
7327523
7327677
7327931
7328169
7328818
7329310
7331869
7332348
7334116
7336038
7337127
7337515
7338592
7339184
7343522
7343953
7345359
7346777
7347646
7350693
7350914
7351528
7351963
7352462
7354703
7355808
7356258
7357656
7357811
7357997
7358049
7359636
7360461
7361196
7361748
7362194
7363553
7365010
7366706
7367626
7368039
7368358
7368682
7368705
7368899
7372050
7372705
7373137
7376230
7376442
7376584
7379366
7379632
7379673
7381163
7384501
7386240
7386436
7386769
7387040
7388163
7389239
7390500
7390537
7391642
7392116
7392358
7392600
7392601
7394443
7394941
7395782
7397242
7400841
7401193
7401940
7402204
7403114
7406098
7406267
7407470
7408961
7411825
7417470
7418685
7419367
7419519
7421372
7423927
7424243
7424426
7424688
7425303
7426404
7426424
7427318
7427539
7428870
7430425
7431781
7432135
7436561
7436620
7438590
7441535
7441586
7443201
7446707
7451282
7452166
7452922
7453596
7454805
7455253
7455267
7455471
7457243
7458011
7462406
7463569
7463956
7465495
7465620
7467589
7472274
7473315
7474818
7478171
7478293
7482785
7483656
7484494
7485417
7486779
7487402
7488094
7488130
7489361
7489779
7490922
7491002
7492263
7492725
7494023
7494566
7495528
7495558
7497841
7499058
7499167
7500376
7500390
7502671
7503493
7503560
7506645
7507010
7508850
7509134
7509489
7511670
7512487
7514324
7514502
7514782
7516351
7518014
7518473
7518875
7519428
7524107
7524695
7525725
7525792
7528574
7529686
7530723
7530877
7535763
7536998
7537188
7539579
7539833
7542287
7543151
7544486
7544660
7544905
7546886
7552866
7553833
7554249
7554545
7555161
7555230
7556127
7556553
7561878
7563258
7570045
