3129
5774
6204
7384
8565
8597
10282
13024
14275
19455
20020
20255
20554
21342
21751
23167
25106
26858
27842
30078
31281
33438
36047
39186
41724
42585
45088
45606
46624
47576
49353
49835
51083
52211
53570
55478
59259
63059
69532
71992
73223
73679
74178
75509
75856
78169
80126
81535
83700
85977
86334
86453
86743
87534
88389
88861
89310
89943
92113
96938
98687
100300
104967
106608
107141
108009
114121
114690
114937
119909
122202
125879
128980
129132
129579
134025
140519
140619
141351
142006
142558
142621
142736
143272
146049
146785
148382
149415
154213
156749
158638
160185
160498
162546
164512
167263
170248
172535
179286
179326
179423
185314
203487
205699
209627
214481
215643
216405
219430
219749
220807
221620
223538
224689
224773
224900
225122
226748
228349
228454
230061
232472
236975
237181
238724
241479
244620
245284
245652
246451
248368
250395
252733
254669
255920
256495
260522
263102
263895
265868
268464
271372
273052
275149
275480
280723
286926
287393
287981
289592
289979
292305
292351
292547
294393
297347
297819
303524
304153
306287
306362
308720
311771
312768
313218
313391
313899
316457
321499
322773
323587
326180
327116
332297
334325
339271
341336
341944
345601
345798
346475
346583
348762
349940
350676
352327
354003
355176
355878
358241
362333
366148
368180
368441
368476
369309
372626
374002
376941
377125
378505
378519
379450
380286
380573
380741
381865
381919
382267
383059
383491
383853
384788
386066
386855
387689
390615
391020
393192
394125
396137
398386
398697
398942
399864
400853
400874
401572
402651
403086
405851
406140
406167
406234
406305
406417
407532
407933
408754
410046
410300
412073
413232
413510
418245
418436
420148
421163
422245
422706
423374
424213
425662
426584
427530
427812
428816
429522
434939
435903
436036
438882
439285
442000
443270
446730
448826
451067
451246
451451
453221
453550
454309
454474
456876
456941
457557
458311
459791
461967
468054
470821
471256
472228
472577
474992
477967
479495
480555
480626
482191
485678
487017
488684
488705
490071
490892
491888
493918
495436
496058
496639
498560
498707
499385
500876
502578
503211
504975
505579
505657
505669
506106
506462
507800
507862
511758
512005
515016
515311
516111
518176
518684
520684
524003
526384
526417
526660
526718
527156
528543
529347
530569
530833
532223
532759
532873
535006
535471
536737
540042
541381
542290
542333
546873
547896
550737
551263
552342
553147
557559
558219
560362
561335
561889
562323
563477
566410
567739
569084
569851
571236
572003
572144
574157
574918
575493
575762
578161
578863
579515
580893
581994
582067
585475
589566
590484
596906
599595
601237
601612
601893
602653
604845
606965
611132
611484
615025
616043
617201
617425
622683
622996
623695
624209
633157
634115
638392
639207
639598
640904
641581
642712
643023
644640
645097
646215
648021
648738
653534
653587
665669
666888
667377
669337
670331
670339
672490
674771
674803
676930
679050
680434
680636
681149
690797
693015
694179
696905
697514
697939
699637
700534
701153
702871
703400
704003
706322
706839
707163
707587
710247
711656
711674
711912
711988
714179
718709
719651
721621
723184
723485
723630
727047
727354
727452
727466
727678
727893
728841
729067
729999
735677
736142
736791
739882
742833
743039
743874
744136
744211
744364
745152
747176
748822
750344
751508
752314
752505
754135
754823
755731
756031
756786
758563
760202
761003
762005
767674
768455
769441
769820
770320
770390
770409
770667
770826
771256
771520
771683
774903
775754
776384
777726
778626
778756
778945
779097
780262
780699
781288
782750
785223
785340
785383
785850
787931
788998
791114
791417
791841
796055
798122
799001
799339
799682
800319
800447
800612
802692
802924
803701
804886
805619
811409
815139
815262
817460
817915
819175
819378
822159
828422
830390
833837
838954
840250
840752
840939
841898
842075
843370
844903
845421
846501
849543
852159
853002
855949
857141
857730
859590
861036
861958
864206
864491
864702
865324
865594
867017
869458
869498
871810
872469
873885
875055
876776
877054
877856
878984
880118
881409
882078
882342
886683
886882
888075
890372
892458
896438
900098
902098
906377
907844
910799
911681
915208
915720
917595
919918
925989
926163
926627
932682
933326
934345
934761
936911
937215
942438
943842
946165
949472
953447
957963
960349
961063
962053
962431
963077
964341
966525
967342
968611
970153
973623
973790
977375
979272
979811
980123
980236
981874
983402
986922
988221
990009
990718
992086
992429
995923
997684
1000397
1002669
1004369
1005010
1005525
1006373
1008186
1008942
1009811
1018300
1023439
1023682
1025587
1026725
1028704
1029460
1032634
1032640
1037532
1046020
1048538
1048546
1051742
1052122
1052670
1053386
1053888
1054186
1054927
1055624
1057063
1057737
1058804
1060193
1062833
1062996
1064554
1066259
1066358
1066374
1067215
1068228
1068565
1069671
1069887
1070538
1071126
1071842
1072919
1073271
1076993
1077745
1080822
1084298
1085354
1087522
1087854
1088826
1088872
1094795
1095786
1096286
1097262
1097770
1099077
1100123
1100625
1100731
1101584
1103104
1103612
1104148
1104917
1105425
1107487
1110883
1112234
1118783
1119488
1119714
1121158
1121188
1121292
1122218
1122946
1125110
1126176
1127305
1128383
1130469
1132602
1133665
1135703
1136526
1138253
1142345
1147095
1148266
1150621
1154906
1159517
1160170
1160890
1165527
1167266
1169458
1169842
1172153
1172157
1174127
1174735
1175094
1175211
1176436
1176864
1178691
1181778
1190608
1192846
1194961
1198298
1198352
1198952
1200406
1202281
1203319
1204934
1207097
1207921
1208040
1210818
1211141
1211718
1212109
1212370
1212514
1212979
1213026
1220546
1224131
1224435
1225320
1227633
1228286
1229211
1231977
1232066
1233681
1234555
1234570
1235845
1235888
1237638
1241709
1243332
1243442
1243872
1245813
1248715
1253364
1254784
1260470
1260917
1262942
1263009
1266755
1266778
1267099
1267287
1267495
1272368
1274830
1275974
1279368
1282376
1283258
1284672
1284930
1286231
1286588
1286652
1287487
1288536
1295391
1300337
1301903
1302200
1302261
1303245
1304350
1305502
1308855
1310408
1311780
1312012
1312025
1313678
1314907
1315317
1316617
1317276
1318709
1318785
1320129
1321428
1322928
1323002
1323230
1323499
1327652
1328139
1333773
1341225
1342391
1342673
1344125
1345691
1348968
1349412
1349505
1353104
1353894
1354621
1355017
1360399
1362292
1362656
1362916
1363111
1363818
1367446
1368661
1371059
1371573
1375714
1380668
1380823
1381717
1384884
1384895
1387134
1387331
1387641
1392903
1393467
1393975
1397429
1400234
1400372
1404989
1408699
1411622
1412619
1416968
1417192
1418400
1418610
1421037
1422611
1422992
1426775
1427830
1430718
1434855
1435370
1438282
1438373
1439736
1445854
1446193
1447366
1449597
1454248
1456954
1458139
1459651
1460822
1461139
1461597
1465608
1466949
1468846
1472367
1473309
1477049
1480416
1481068
1481363
1481837
1482096
1483565
1483791
1484562
1485071
1485984
1488359
1494256
1494831
1495109
1496357
1500665
1502499
1504233
1504997
1506159
1506358
1509130
1509948
1510266
1511193
1511232
1512214
1514081
1514508
1515378
1517226
1519064
1521550
1523145
1523928
1523989
1524017
1524088
1524643
1525796
1528243
1528475
1528591
1528952
1528995
1531717
1532466
1532580
1536593
1538108
1541749
1542562
1549257
1551495
1552812
1553487
1554165
1554627
1555326
1557951
1564240
1567987
1570960
1575267
1581844
1583261
1585102
1588553
1593178
1594089
1595761
1595870
1598407
1600561
1603051
1603930
1604527
1606086
1607949
1612079
1612294
1613105
1613524
1614144
1614308
1614579
1616688
1620584
1621119
1626393
1628265
1628284
1628684
1629228
1629754
1629795
1632663
1634855
1635481
1635651
1636959
1640054
1641484
1643840
1649226
1649339
1649560
1651342
1651668
1653807
1655846
1656992
1660771
1665224
1667010
1667185
1671621
1673018
1676916
1677282
1678389
1680025
1680993
1681096
1681406
1682740
1688674
1689584
1690537
1690648
1691160
1696896
1697319
1697663
1699723
1701681
1702661
1703986
1707174
1707258
1707693
1707914
1709898
1710132
1711186
1711410
1712808
1713759
1714587
1719356
1721317
1722579
1722994
1723089
1723406
1724032
1725999
1726391
1726960
1727049
1727162
1727306
1727844
1728972
1732881
1734175
1735391
1735916
1735955
1736638
1739717
1739786
1742986
1744922
1745420
1749103
1751653
1751668
1751897
1753199
1753286
1753644
1753790
1755875
1757118
1758981
1761157
1762001
1762880
1763187
1764220
1764402
1765576
1767014
1768644
1768790
1770300
1772227
1772237
1773436
1773523
1774209
1776891
1776942
1777138
1777488
1779106
1781322
1784616
1786213
1787759
1790880
1791534
1796530
1798012
1800477
1800516
1806521
1808044
1809859
1810600
1811552
1814724
1815249
1818031
1818098
1819142
1819623
1820421
1820741
1822092
1823170
1823466
1824007
1824563
1824700
1825206
1825276
1827963
1828056
1832347
1833395
1835107
1835530
1835918
1836242
1836257
1837132
1838698
1839059
1839108
1839633
1840519
1841979
1842074
1842155
1845663
1845886
1848029
1848243
1848838
1849435
1850602
1850964
1851593
1853418
1853974
1854696
1854927
1855001
1855791
1855979
1858622
1858953
1859250
1859340
1859687
1861881
1862567
1863809
1864360
1864946
1865091
1866367
1867256
1867420
1868475
1868566
1868723
1870896
1873671
1875255
1875845
1876408
1878012
1878614
1880208
1880462
1880931
1882030
1882725
1883127
1883757
1883945
1885438
1885835
1887618
1889570
1890106
1890250
1891122
1891759
1891849
1892924
1893114
1895113
1895238
1895317
1896855
1897675
1897823
1898272
1900758
1901486
1902062
1904444
1904642
1905648
1908013
1908254
1908864
1910775
1911207
1911993
1912197
1914920
1914977
1924719
1926439
1927151
1927759
1928032
1928196
1928313
1929001
1929933
1930790
1931193
1933253
1934919
1935821
1936859
1936910
1937019
1937187
1937287
1938216
1938848
1941088
1944001
1944419
1944464
1945245
1952506
1954642
1955819
1956283
1956549
1956873
1957230
1959253
1964709
1967871
1969433
1969870
1970338
1970965
1973083
1975218
1976878
1977595
1978241
1978773
1980165
1983907
1984194
1986007
1989801
1991504
1991797
1992068
1993127
1995021
1995533
1996238
1996851
1996958
1998497
1998527
1999681
2001399
2005425
2007113
2008895
2009289
2009677
2009678
2010616
2010981
2012459
2014041
2015223
2015497
2015556
2017116
2017420
2021743
2022060
2022191
2024672
2024960
2025070
2025221
2026021
2026300
2026735
2027281
2028801
2029904
2031343
2033593
2033784
2035437
2035888
2035926
2039391
2042253
2042700
2044021
2045314
2046301
2046771
2047109
2047298
2047718
2049844
2049902
2051161
2052804
2052896
2053857
2055534
2057759
2060811
2063005
2063103
2063376
2063838
2063876
2063909
2067105
2067375
2067735
2068806
2069469
2069807
2070850
2072399
2072494
2073226
2075606
2076228
2080259
2083235
2083528
2085533
2086416
2087083
2087225
2088430
2089544
2089974
2090607
2090660
2091779
2091871
2093225
2094531
2099035
2100662
2101818
2103185
2103197
2103978
2104224
2105139
2105976
2106184
2108085
2108976
2109045
2110751
2110950
2112708
2114020
2114102
2116048
2116622
2118304
2119888
2120135
2120501
2120503
2120686
2122536
2124657
2125397
2126990
2132002
2132193
2132687
2133440
2133526
2134394
2134607
2137055
2139364
2139531
2141924
2142024
2143512
2144556
2144617
2144960
2153413
2153926
2154146
2156117
2156413
2157008
2157085
2157248
2158669
2161350
2164113
2165212
2165467
2169234
2170457
2171359
2171405
2175066
2176198
2177741
2178486
2178691
2179172
2180803
2185935
2188372
2188970
2189821
2190241
2190994
2191802
2193173
2194281
2194476
2195858
2196123
2196995
2198857
2201244
2201929
2205339
2205603
2209367
2211491
2213034
2213681
2215244
2215338
2218707
2218810
2224761
2225085
2225233
2225779
2226349
2226416
2228171
2229231
2230238
2234659
2235787
2244222
2244509
2244713
2245773
2248231
2249442
2251971
2255754
2256744
2259682
2260285
2260427
2261467
2262507
2263282
2264378
2266959
2268993
2269004
2269682
2269980
2270018
2275580
2275674
2275708
2275943
2276959
2277476
2279172
2279388
2281510
2281805
2282067
2285057
2288949
2290341
2292243
2292630
2292936
2295282
2296135
2296626
2296629
2298087
2298121
2298686
2299547
2302679
2307981
2313315
2315097
2315705
2315721
2315754
2316359
2317091
2318169
2318193
2320929
2321514
2326953
2327256
2329667
2330337
2331629
2331815
2332503
2334209
2334288
2334499
2334976
2338886
2338913
2338979
2339706
2340752
2341766
2342775
2343608
2345387
2348697
2349112
2349129
2349665
2350085
2351821
2351939
2353954
2355774
2358952
2359947
2361059
2365844
2366108
2372054
2373943
2374530
2377802
2378487
2381502
2381654
2391646
2392940
2393408
2393852
2393984
2394530
2395152
2396049
2397108
2400496
2401640
2402779
2405450
2409309
2409322
2410186
2410833
2411304
2411929
2413449
2415187
2416177
2416739
2416918
2418850
2419406
2423174
2424345
2426939
2426971
2427136
2431491
2434731
2435770
2436814
2438723
2440342
2440758
2441650
2441716
2442622
2442896
2444701
2447901
2448567
2448937
2449357
2451055
2453032
2458372
2460172
2473652
2473867
2475525
2483490
2483708
2487836
2488152
2488565
2490240
2490282
2491800
2495773
2498120
2498319
2500010
2501824
2502680
2506019
2507517
2508782
2517347
2520310
2526428
2526749
2526773
2529726
2532486
2532601
2533356
2534493
2539034
2540077
2540498
2541890
2542109
2544421
2551557
2551804
2558822
2560295
2560575
2560987
2561383
2561820
2561955
2563091
2564554
2565360
2565718
2565856
2566551
2567942
2569302
2569804
2571215
2572576
2572581
2572695
2573114
2575880
2577054
2578061
2578086
2578941
2580047
2582901
2582977
2584466
2584664
2584913
2586333
2586383
2587110
2587160
2587362
2587765
2589068
2589616
2589868
2592643
2592980
2593310
2593803
2594958
2595579
2596324
2596336
2596602
2596617
2597365
2597418
2599308
2599783
2601588
2602828
2604275
2606016
2606064
2607714
2607936
2612031
2612384
2614098
2614173
2615035
2615924
2616121
2616353
2619809
2621995
2623464
2623563
2624601
2626591
2626628
2631338
2631399
2631775
2632404
2632604
2635180
2636717
2640040
2641005
2642443
2643081
2644318
2647262
2647567
2650538
2652141
2652350
2654004
2654838
2655407
2657627
2661293
2661985
2662145
2663334
2665318
2670032
2671034
2671042
2671221
2671525
2672449
2673026
2673194
2675641
2676878
2677725
2678544
2679654
2679711
2679935
2679967
2680114
2680565
2680857
2682646
2683812
2684937
2685438
2685886
2688534
2691371
2698134
2698426
2701768
2702683
2703184
2703759
2705459
2706741
2707569
2708055
2709004
2709419
2710762
2711300
2711337
2711454
2711727
2712040
2713181
2714373
2714695
2715049
2715999
2716431
2718906
2719373
2719859
2720187
2721285
2722774
2724566
2724616
2725664
2726354
2726674
2727815
2727947
2728749
2730066
2730134
2730920
2731922
2738577
2739567
2741944
2743031
2745036
2745252
2747668
2749209
2749850
2751222
2756265
2756796
2759027
2762386
2765479
2766393
2770063
2770121
2770800
2771151
2774264
2779357
2779714
2780197
2782431
2786724
2787967
2792634
2793938
2795957
2798319
2800882
2804813
2808708
2813351
2815278
2817547
2820648
2821680
2823059
2823793
2825181
2826166
2827137
2827192
2827530
2831556
2838362
2838870
2843932
2846494
2853707
2855303
2855937
2856160
2862544
2869399
2869400
2872985
2875670
2876168
2876782
2877688
2879315
2879681
2880639
2881380
2881869
2881987
2882419
2883836
2884028
2885071
2892388
2892894
2896253
2906084
2906461
2906514
2907207
2907629
2915503
2920656
2921714
2922187
2922396
2924424
2925244
2925372
2925545
2928472
2928811
2929421
2931501
2931667
2931848
2932146
2932296
2938573
2938603
2939281
2945171
2951220
2953468
2955092
2956732
2957720
2958448
2959764
2960266
2963853
2970610
2973482
2974285
2975147
2977197
2980310
2987948
2988971
2989033
2989172
2989690
2990471
2993542
2997322
3000615
3002834
3007388
3012300
3013129
3015893
3016357
3016397
3017414
3021438
3029800
3030851
3032092
3032308
3032503
3032657
3033594
3033865
3034381
3037472
3038302
3040316
3043083
3046966
3049541
3053554
3053682
3055993
3056517
3060878
3064837
3065640
3069393
3070552
3072344
3073746
3073837
3075324
3075363
3075785
3076294
3077830
3080462
3081838
3083979
3084000
3084270
3088520
3090713
3092140
3094960
3095776
3104233
3105775
3107353
3110956
3112395
3117038
3117154
3117365
3120288
3121115
3126302
3129993
3133026
3134477
3137961
3138050
3138487
3143417
3144655
3148041
3150469
3150876
3153455
3154072
3160062
3161604
3161974
3164266
3165462
3171633
3174794
3178841
3185166
3191866
3196480
3198471
3204633
3207336
3208378
3213530
3213877
3218370
3219328
3223438
3224872
3234075
3234084
3236241
3241265
3242942
3243146
3244877
3247019
3248146
3250334
3252477
3253193
3255423
3257051
3260841
3262096
3263599
3265731
3267039
3270287
3270972
3273817
3274244
3274996
3276279
3276612
3276679
3277084
3277116
3277959
3278068
3278948
3280364
3283609
3285336
3287297
3288699
3290945
3291293
3292227
3297280
3302482
3303679
3303692
3306671
3306828
3308138
3309606
3309642
3313431
3317371
3318563
3319345
3321833
3326663
3330629
3332611
3337018
3342763
3343794
3345335
3346478
3353264
3354323
3354559
3356073
3358340
3358666
3361080
3361697
3362183
3364705
3370093
3372405
3374641
3376898
3377981
3383336
3385018
3388487
3389072
3393763
3394750
3399033
3399411
3400818
3401828
3401882
3403128
3403332
3405639
3406937
3408575
3409112
3410136
3410370
3410428
3412264
3412295
3414082
3414324
3415184
3415899
3418333
3421811
3423962
3425909
3427188
3431817
3433011
3433019
3433320
3433353
3434789
3437927
3438993
3439969
3440509
3440606
3441538
3441869
3441895
3444266
3445695
3446011
3446702
3450941
3452705
3453649
3454808
3455690
3455957
3457381
3458263
3458547
3458789
3458833
3459078
3461549
3461579
3464928
3466148
3466518
3467370
3467851
3468972
3470841
3472436
3472543
3473990
3477686
3478796
3480540
3480713
3481296
3483098
3484112
3485675
3486409
3486591
3487952
3488336
3488657
3488828
3489544
3489891
3490619
3492340
3497546
3501362
3503497
3503957
3504341
3505022
3506233
3507126
3507379
3508680
3509507
3511361
3512258
3512755
3516329
3517993
3518528
3519579
3520301
3523345
3523394
3523948
3525806
3528174
3528188
3529018
3534099
3534426
3534496
3535770
3536995
3537010
3539191
3540569
3541812
3542093
3545087
3547768
3548935
3552420
3555031
3555461
3555746
3556814
3558080
3562583
3562795
3569144
3572902
3573505
3573774
3573986
3575045
3576543
3576684
3577442
3577712
3580493
3585234
3591820
3597455
3598381
3600505
3600874
3600985
3601576
3604685
3606530
3607034
3607078
3609040
3610292
3611807
3613923
3615123
3616954
3620393
3623269
3623851
3624862
3628050
3629025
3629604
3630520
3633191
3634410
3638165
3639026
3639425
3639839
3641347
3642277
3646284
3651557
3652995
3653424
3654256
3654433
3655465
3655941
3656526
3656734
3657383
3659517
3663677
3669509
3672827
3674470
3675579
3675739
3676616
3677466
3682914
3684036
3687062
3688285
3688371
3692975
3695849
3697968
3706927
3709627
3713113
3714187
3714333
3715179
3715334
3719837
3727173
3728477
3728825
3729197
3729670
3735146
3736909
3737335
3737379
3740377
3744538
3748901
3751706
3754468
3758019
3758198
3760908
3761651
3766236
3766608
3767190
3768228
3772126
3774243
3778992
3780175
3784030
3786397
3791679
3793333
3794782
3794992
3796163
3800114
3800490
3801203
3802207
3802539
3803708
3804532
3804998
3808385
3808601
3812625
3813855
3814012
3814221
3815503
3819363
3822372
3823321
3825827
3825896
3828333
3829100
3830035
3831682
3833169
3833698
3833870
3834712
3837926
3837958
3838269
3842180
3844867
3845184
3845401
3847317
3849465
3850744
3851327
3854094
3854404
3856060
3858590
3859203
3861070
3861305
3862084
3862364
3865277
3866468
3866750
3867055
3868550
3869628
3869690
3872067
3874255
3874662
3874716
3877216
3877640
3878261
3878453
3879153
3879633
3882377
3882741
3883534
3884658
3886452
3886821
3887260
3888036
3889189
3889226
3889633
3889984
3892028
3892281
3892301
3894330
3896053
3896154
3897311
3897478
3897892
3898545
3898995
3904143
3905407
3910560
3911233
3911868
3913876
3914432
3914444
3915349
3917153
3917336
3917709
3918424
3919043
3921938
3921971
3924805
3925362
3925422
3926449
3929193
3929294
3929479
3931085
3935045
3935296
3935404
3936516
3938179
3940900
3945698
3949516
3953789
3954566
3955034
3955274
3956620
3958624
3960848
3962279
3964569
3964656
3966443
3966621
3966702
3967519
3967966
3969646
3969734
3970972
3972799
3975354
3975867
3977295
3977302
3979686
3980489
3980767
3981007
3981319
3982041
3982214
3982316
3983523
3983909
3984961
3985041
3988571
3990037
3990422
3990748
3991501
3992297
3992326
3993330
3994723
3994762
3994803
3995481
3995721
3997620
3997638
3998263
3998576
3999090
4002317
4006463
4006986
4008842
4009460
4011858
4013293
4013864
4016762
4018933
4019163
4020058
4020745
4022788
4026142
4027757
4029892
4030975
4032940
4033572
4033760
4035897
4039383
4039770
4040684
4040753
4040935
4040962
4046749
4047088
4048210
4050466
4052091
4052139
4052377
4054189
4056325
4056564
4058291
4061274
4062468
4063267
4065595
4067276
4069212
4070502
4072576
4081498
4086122
4087329
4087851
4094550
4099428
4099746
4099955
4100323
4101161
4102795
4105891
4109341
4109364
4110672
4115527
4117261
4118777
4121521
4121737
4122617
4122818
4123513
4123625
4124317
4124731
4126252
4129207
4132276
4133428
4133912
4133992
4134991
4136508
4138964
4139152
4142874
4144045
4145221
4149306
4149522
4149649
4150493
4150759
4151182
4151687
4152073
4152823
4154018
4154688
4155219
4155887
4157974
4158738
4160945
4162469
4164030
4164300
4166045
4167082
4169002
4173328
4174650
4176954
4178376
4185114
4188658
4189036
4190617
4193350
4193973
4194399
4200607
4201088
4201688
4203740
4204985
4205229
4205655
4205983
4209028
4209890
4212420
4212859
4218713
4220634
4222430
4223376
4231582
4236411
4237175
4239911
4241956
4244880
4247071
4249713
4259485
4260740
4260801
4262496
4262877
4268670
4269128
4270850
4271583
4276098
4277111
4278004
4279780
4284814
4293840
4296026
4297465
4302540
4303683
4303803
4304166
4305521
4309327
4311589
4312005
4315891
4317708
4318826
4319329
4319832
4320860
4321875
4322009
4324751
4325822
4326459
4328061
4330538
4330617
4332091
4333667
4334148
4335401
4337544
4341298
4341587
4341855
4343621
4344056
4344935
4348646
4351042
4351423
4352128
4353660
4354892
4357787
4358626
4360097
4363229
4365534
4368927
4373531
4376941
4377191
4379223
4379683
4380481
4384913
4385825
4386084
4387437
4388596
4390241
4394836
4396263
4396768
4398724
4399652
4404699
4407917
4409327
4410926
4411738
4412656
4415937
4416371
4419062
4420392
4422153
4424014
4424154
4430242
4431253
4433407
4442713
4451030
4453522
4454092
4455395
4457712
4458641
4459640
4462811
4467561
4467781
4470750
4476413
4477611
4478307
4479350
4479894
4481154
4482420
4488767
4488902
4494602
4497548
4497834
4503543
4504173
4504607
4511721
4514010
4515152
4517602
4517952
4518545
4524064
4525903
4526295
4527049
4527491
4527756
4531339
4532768
4533508
4534061
4535781
4537517
4537863
4537962
4538229
4538539
4539938
4541016
4542119
4543202
4544605
4546249
4547442
4548465
4549760
4550149
4551836
4553103
4554187
4554399
4556049
4556572
4558323
4559768
4560520
4560551
4561880
4565938
4570314
4570560
4570783
4571709
4573410
4573560
4574242
4574986
4575874
4576916
4577772
4580569
4583986
4585605
4586907
4588184
4590344
4595737
4595988
4596962
4598821
4599194
4599371
4602287
4603737
4603792
4604557
4604825
4604992
4606802
4607138
4607366
4607682
4607818
4609240
4611115
4611847
4613636
4615232
4617153
4621568
4625023
4627527
4628329
4632367
4632560
4636085
4640215
4640256
4641495
4642346
4642565
4643401
4644008
4644648
4644684
4645749
4646361
4646431
4646708
4649035
4649054
4650512
4650546
4650727
4651609
4652739
4655169
4660016
4662992
4663580
4664571
4664608
4669593
4671318
4671438
4672976
4675797
4677048
4677142
4678949
4679972
4681901
4684106
4685016
4685823
4688431
4691380
4698280
4702307
4702753
4702946
4704680
4711932
4712989
4713051
4714129
4715340
4715685
4719448
4720147
4720455
4721879
4723989
4724244
4724954
4726954
4729115
4730562
4735836
4737600
4738761
4739102
4740122
4740452
4741620
4742575
4744183
4744871
4746348
4748644
4748744
4749877
4750203
4750637
4751643
4751669
4751836
4754297
4756765
4760301
4761940
4762849
4763097
4763259
4765719
4767866
4768398
4769481
4770050
4771334
4771886
4773000
4773599
4773725
4777667
4778804
4783039
4783253
4783508
4783792
4789317
4793317
4796783
4797061
4801728
4802820
4803733
4804570
4806553
4806855
4807368
4808228
4808633
4809191
4809746
4811390
4814457
4815001
4815785
4817222
4817666
4818199
4818353
4818784
4818908
4821440
4822029
4822703
4823081
4824880
4826321
4827753
4827843
4827957
4828143
4828509
4830649
4832030
4836368
4844213
4844221
4845882
4847164
4848055
4848184
4850597
4852562
4855966
4861621
4861866
4862195
4865608
4867398
4867704
4868256
4868779
4869734
4870522
4870815
4872064
4873080
4873197
4873419
4873494
4874172
4875244
4878714
4880387
4881182
4882529
4882773
4883020
4883663
4885593
4887361
4887709
4890740
4890905
4890917
4891726
4891822
4892633
4893644
4895124
4895977
4896890
4896905
4898858
4898927
4899169
4899389
4899910
4899989
4900181
4901882
4903158
4903880
4904071
4904250
4905343
4906029
4908608
4908802
4910018
4910587
4911096
4911920
4911993
4912133
4912925
4913512
4913770
4918305
4918897
4918919
4919615
4920203
4921502
4922501
4923700
4924150
4924905
4925800
4930558
4931049
4931422
4931792
4932377
4932480
4933044
4934335
4936246
4937112
4937596
4938832
4939508
4940667
4940739
4941363
4941458
4942659
4943340
4944485
4945607
4946935
4947541
4948408
4948650
4948884
4949574
4950298
4951512
4952215
4952528
4952765
4953929
4953982
4954708
4956249
4956600
4957679
4959321
4959496
4959637
4960629
4961480
4961545
4961719
4961735
4963431
4963598
4963677
4964057
4964778
4966095
4968786
4969201
4970129
4971215
4971644
4972332
4973582
4977105
4977569
4978745
4980000
4980405
4980876
4980995
4982559
4983089
4983121
4984725
4985777
4987194
4991867
4993729
4993885
4993897
4994592
4997104
4997567
4998126
4998269
4999433
5000825
5002034
5002907
5002932
5004032
5004224
5005109
5005562
5006000
5008341
5009586
5009669
5010065
5011451
5012468
5013432
5015202
5015879
5016037
5016930
5017309
5018606
5018809
5019034
5019059
5019913
5021958
5025894
5026615
5027706
5029596
5030172
5030506
5030693
5031191
5033142
5035194
5037178
5039961
5040132
5040352
5040569
5040623
5041608
5042964
5044880
5045199
5047137
5050834
5051884
5051907
5052370
5052862
5053326
5054467
5055354
5055599
5057322
5059277
5060466
5061192
5061378
5062006
5062776
5063810
5065335
5065701
5066228
5066382
5072621
5072949
5073256
5075357
5075904
5075965
5078313
5084842
5085897
5086409
5086805
5088699
5090109
5091051
5092424
5093116
5093428
5094328
5094350
5098209
5099123
5099825
5100916
5102370
5105018
5105226
5105768
5105811
5106493
5106634
5106781
5107896
5112775
5114140
5115321
5115631
5117187
5118029
5118050
5120525
5121038
5121320
5121326
5121505
5122600
5125537
5128415
5134818
5137466
5142078
5142478
5142626
5144746
5145082
5147969
5150287
5151085
5154209
5157442
5157840
5158535
5160321
5161045
5162407
5166960
5169797
5170275
5173356
5175993
5176636
5176991
5177570
5179696
5179822
5181083
5181266
5182270
5182416
5183005
5183762
5184052
5185794
5185906
5187847
5187880
5187915
5191401
5192097
5192450
5192495
5194064
5197519
5197603
5200034
5200476
5202480
5204203
5205325
5206617
5206689
5207329
5207558
5207949
5209762
5209817
5210328
5211213
5211554
5212028
5212080
5212306
5214585
5215508
5216615
5217188
5218529
5218660
5218711
5219707
5220854
5221279
5222099
5223088
5223197
5224276
5225315
5225681
5227741
5229475
5235542
5239332
5240886
5241720
5242524
5243016
5243827
5250244
5251645
5251648
5251891
5251920
5256651
5259528
5261652
5263002
5265709
5266661
5267356
5267591
5271466
5272936
5275816
5276647
5279249
5280150
5281068
5282985
5283689
5283752
5289061
5290154
5292616
5294240
5294274
5299077
5301542
5303452
5304794
5305176
5306491
5306728
5306844
5309212
5309543
5310136
5310347
5311156
5312165
5313092
5315127
5317700
5319619
5320262
5320928
5320981
5321907
5322401
5324171
5325304
5325923
5326595
5327520
5327594
5331153
5335324
5338828
5338873
5340129
5340809
5342641
5343724
5347906
5348795
5349664
5351939
5352153
5353512
5353545
5355214
5359917
5360537
5365885
5368191
5371318
5371631
5375499
5380847
5381790
5384852
5385701
5386422
5386655
5390087
5390183
5391599
5392162
5393440
5393686
5393807
5394080
5394106
5395136
5395738
5398525
5398586
5401154
5401436
5404766
5404792
5408725
5411933
5411965
5412476
5412512
5412592
5412929
5414139
5414145
5414675
5414731
5415050
5417610
5420140
5421326
5424953
5425592
5427418
5427645
5430350
5433436
5433641
5434926
5436576
5436623
5437421
5439024
5440014
5440351
5440664
5440675
5441435
5442134
5442708
5445560
5447243
5447253
5448205
5448462
5450763
5452138
5452921
5453044
5453065
5453071
5453105
5453499
5453540
5455375
5455492
5455858
5456390
5456442
5456478
5458543
5459412
5460228
5460928
5464247
5464344
5467968
5469716
5471049
5471899
5472843
5473404
5473667
5474033
5474794
5475250
5475455
5475939
5476229
5476457
5476697
5477324
5479834
5480117
5480169
5481526
5483000
5484494
5485614
5486944
5489099
5489734
5490651
5490669
5491382
5492533
5494095
5498121
5499480
5499512
5500646
5501330
5501653
5501803
5502822
5506837
5507394
5509921
5510214
5510961
5512293
5512653
5513602
5513750
5513876
5514696
5515113
5515276
5516033
5516566
5517128
5518531
5518954
5520539
5521763
5521952
5525182
5526888
5529202
5530292
5533351
5533967
5537566
5538249
5538332
5538402
5539189
5540291
5544181
5544465
5546242
5547860
5548183
5548644
5549782
5553550
5554088
5555140
5557369
5563336
5564015
5565248
5565785
5567851
5567967
5568762
5568825
5569443
5571795
5572574
5574644
5578159
5580857
5581056
5581308
5583951
5585135
5588430
5590176
5591138
5591210
5592041
5593606
5596153
5596384
5597501
5599349
5600602
5601074
5602729
5603984
5604108
5604739
5604823
5606087
5606125
5607897
5609562
5609749
5610443
5612758
5612848
5612894
5617500
5618309
5620313
5620398
5622127
5622533
5622663
5623386
5624885
5625377
5628583
5629151
5629844
5630945
5631512
5635179
5636312
5637877
5639813
5641866
5643134
5643315
5645646
5645887
5646659
5646955
5648784
5651656
5652710
5653926
5655958
5658605
5660749
5663212
5665167
5670371
5670516
5671539
5673610
5675182
5678402
5679867
5683016
5683651
5683678
5684481
5690683
5692655
5693154
5695008
5701926
5705556
5706832
5710414
5710990
5711414
5711865
5714122
5715114
5719842
5723622
5726939
5730892
5731189
5731409
5731680
5734689
5736635
5739109
5741246
5743308
5744271
5745163
5746192
5746598
5748641
5750110
5750576
5751303
5752750
5756087
5761486
5762840
5765723
5765933
5766654
5768054
5768737
5770692
5770774
5771370
5774217
5775668
5776054
5779729
5781680
5783101
5787270
5789756
5790184
5791873
5791962
5793654
5795547
5797990
5802283
5803093
5803564
5805659
5805739
5810492
5814419
5816568
5821581
5822781
5823524
5824600
5827478
5829097
5831548
5833034
5835400
5840579
5842364
5843063
5843557
5843787
5847098
5848305
5848371
5848448
5850229
5851168
5855224
5855613
5857398
5858976
5860260
5860364
5861620
5861691
5861994
5862378
5862526
5866133
5867212
5867543
5868820
5870886
5870931
5871952
5872426
5878346
5881509
5881530
5883893
5884870
5884957
5887429
5887875
5888187
5889016
5890281
5890504
5891201
5893591
5894141
5894893
5895018
5897642
5899947
5900267
5901424
5901464
5901501
5902404
5903860
5905185
5906944
5908852
5911686
5913365
5916116
5916170
5916304
5916970
5917482
5918708
5920644
5921036
5921951
5923076
5925439
5926187
5926756
5927347
5927453
5927583
5930808
5931200
5931890
5932870
5932932
5933605
5933828
5933985
5934142
5934174
5934348
5935307
5935502
5935780
5936719
5936774
5937163
5938148
5938292
5940606
5940819
5941182
5941966
5943472
5944164
5948188
5948250
5950175
5951479
5952130
5953021
5954584
5956522
5956832
5957772
5964150
5964972
5965148
5965462
5975584
5976880
5977132
5985572
5987474
5988821
5990614
5991293
5995460
5998002
6001457
6003458
6005751
6007519
6007696
6008829
6009481
6010054
6011278
6012082
6013312
6016480
6016796
6018966
6019867
6020186
6020599
6021396
6022620
6023391
6023946
6024475
6024748
6028302
6028832
6029569
6031053
6035433
6037675
6039465
6039890
6039971
6041072
6041824
6048147
6049537
6055204
6056390
6058833
6059744
6059859
6064450
6065033
6065178
6067097
6068897
6070106
6073437
6075140
6075839
6076321
6076635
6077769
6077787
6081089
6081591
6082047
6082578
6084051
6084957
6086642
6093145
6096202
6097854
6101089
6103630
6106470
6111442
6115157
6115781
6117051
6117598
6117961
6119606
6122156
6125350
6125621
6127168
6129290
6129309
6131934
6133271
6135869
6136772
6138280
6139552
6141546
6141606
6141850
6146856
6147093
6148650
6152511
6159076
6161507
6163123
6163419
6163488
6165598
6165902
6168478
6170053
6170608
6170851
6170893
6174560
6176853
6177361
6177887
6179597
6180391
6182630
6184176
6187657
6192071
6196299
6197243
6200462
6200572
6201250
6201461
6202370
6206361
6207341
6207460
6211337
6212005
6213203
6213566
6214031
6214706
6214885
6215099
6221901
6223813
6223978
6224733
6228434
6229606
6230166
6231802
6232126
6235723
6236641
6238086
6238975
6249903
6252858
6253738
6253765
6254996
6261803
6268196
6274301
6281337
6282295
6282467
6282918
6289174
6291768
6293969
6294192
6305981
6306229
6306913
6307857
6308673
6309416
6310462
6311460
6312471
6312784
6315986
6317358
6317934
6318710
6319394
6319682
6321372
6322387
6322412
6326248
6326628
6329378
6331049
6332799
6333743
6333821
6335079
6336388
6339651
6339942
6342063
6344541
6346708
6346752
6347266
6348081
6349093
6349343
6349571
6352683
6353256
6356743
6359198
6360661
6362233
6362275
6362431
6362789
6366075
6366094
6366720
6368707
6369375
6369671
6369860
6371638
6371989
6372071
6372088
6372972
6373165
6373255
6373492
6375423
6375482
6377141
6379735
6380870
6382061
6382439
6382446
6383961
6384835
6385543
6386327
6387286
6387537
6387929
6389721
6391677
6392507
6393054
6394274
6394576
6395157
6396214
6396687
6397463
6397581
6398019
6398058
6398744
6398956
6400739
6402692
6403244
6403473
6403709
6406653
6407696
6410254
6413061
6413380
6414191
6417407
6417797
6417967
6418119
6418968
6420900
6421262
6422391
6423593
6423826
6425305
6425536
6425992
6426441
6427718
6428111
6428333
6428891
6429718
6429893
6430479
6430557
6434246
6435051
6435297
6435592
6436427
6436946
6437086
6440716
6440808
6444496
6445703
6446457
6447478
6447624
6450251
6451715
6452312
6453189
6453217
6453315
6453384
6453823
6454006
6455237
6461208
6462231
6465352
6465734
6465957
6467650
6467693
6467740
6468696
6469912
6470007
6471929
6472186
6473783
6475146
6475458
6476348
6478078
6479718
6480522
6480555
6482116
6483571
6484811
6485281
6486051
6486166
6486559
6487283
6489195
6489219
6491207
6492398
6492560
6493290
6493490
6494688
6495701
6496451
6496751
6496984
6497015
6497255
6499043
6500751
6500923
6501685
6502004
6502727
6505595
6506126
6508791
6508798
6509525
6510212
6511206
6513643
6514066
6514353
6514436
6515309
6515324
6517899
6518429
6518563
6519811
6519908
6520871
6521514
6522234
6522947
6523726
6526799
6528015
6528069
6528725
6532604
6532746
6534686
6535660
6535962
6536408
6536936
6537856
6539069
6539095
6539523
6540514
6543623
6546741
6551691
6552358
6552393
6552809
6553502
6554010
6557081
6557091
6557402
6559017
6559260
6559702
6561616
6561920
6563153
6564737
6567637
6568072
6568142
6569334
6569369
6573397
6577128
6581350
6582358
6582615
6582734
6588526
6588601
6589800
6590048
6591003
6592910
6593556
6594311
6595511
6597042
6597304
6597980
6598116
6598185
6598326
6598728
6599894
6601009
6603604
6605742
6606152
6606780
6608835
6609285
6609653
6612415
6612612
6613783
6617010
6618602
6620388
6621474
6622144
6626707
6627210
6627481
6633791
6635349
6637018
6637721
6639302
6639891
6639990
6643748
6644522
6649141
6652450
6653258
6653696
6655412
6656769
6657816
6661582
6663399
6665099
6667444
6667530
6667806
6667950
6668459
6672648
6674078
6674330
6674558
6677926
6680015
6681995
6682281
6682844
6686845
6687286
6687468
6688075
6688656
6691410
6694189
6695121
6695384
6696192
6698747
6699596
6704247
6704628
6708186
6709149
6713311
6713380
6713643
6715070
6715781
6716126
6716211
6716256
6717961
6719202
6719540
6720592
6722618
6724454
6724892
6724904
6726742
6726904
6726960
6729409
6730747
6730793
6731815
6732087
6732149
6732195
6732481
6733085
6733792
6734757
6737370
6737828
6738950
6739266
6742910
6743795
6745174
6745597
6748944
6750129
6750520
6750985
6752424
6752914
6753544
6753576
6760191
6761345
6763649
6766310
6766376
6768355
6771239
6772134
6772629
6773133
6775828
6776440
6778008
6778814
6779782
6779996
6781559
6784093
6786657
6788284
6789226
6796635
6796983
6797140
6798861
6799081
6800006
6801493
6801676
6804012
6805102
6805305
6805729
6806005
6806203
6810419
6810999
6811754
6813318
6814178
6814888
6815418
6819494
6822556
6823561
6823597
6831055
6835314
6835760
6840473
6842014
6842250
6842400
6844248
6845000
6846605
6848345
6850567
6850574
6852012
6855839
6859031
6861055
6861485
6863293
6865463
6866224
6867117
6872202
6872613
6873423
6874471
6875769
6875925
6876236
6876576
6877099
6877966
6878446
6881826
6881975
6882853
6883264
6889845
6891694
6892004
6893905
6895233
6896199
6896467
6898409
6898907
6900972
6901402
6904061
6905110
6905743
6909362
6910069
6913771
6914626
6915892
6916772
6918485
6919785
6919909
6921038
6923279
6924535
6925620
6928029
6928254
6932374
6934554
6935696
6936443
6946607
6946740
6947315
6947859
6948173
6948829
6949545
6950653
6952503
6954531
6954645
6955411
6957550
6960574
6960864
6961414
6964637
6965850
6965970
6968916
6969122
6969526
6971622
6972412
6975359
6975805
6975833
6976032
6977143
6980848
6984345
6984564
6985599
6985660
6986246
6986834
6987040
6987248
6987763
6991594
6996029
6996400
6996781
7000348
7000866
7001676
7006635
7007567
7007986
7010437
7010826
7011836
7011966
7012986
7014869
7016250
7016636
7017288
7018046
7020154
7023316
7023509
7025854
7026130
7029638
7032861
7036217
7037193
7038790
7039014
7041598
7042418
7044654
7050837
7051164
7051402
7051411
7052272
7055365
7055661
7057741
7058001
7058143
7058640
7059709
7060804
7061205
7061744
7062810
7062946
7063716
7066085
7066229
7067236
7067495
7067656
7069944
7070438
7071791
7072354
7075521
7077592
7079026
7080429
7081321
7083528
7084448
7085830
7085851
7085883
7097344
7098349
7098972
7099459
7100384
7100549
7100586
7103844
7104261
7106136
7110720
7119493
7125483
7125880
7131547
7132065
7133808
7135265
7136708
7139043
7139563
7139612
7141894
7142053
7147135
7149111
7150657
7150767
7152882
7154863
7157948
7157986
7158840
7163092
7163140
7163442
7163807
7164577
7164759
7164868
7165262
7165500
7166387
7166619
7166998
7167830
7169492
7169956
7170031
7170962
7171667
7172408
7172872
7173150
7174137
7174147
7174911
7175115
7175777
7178947
7181315
7181635
7182541
7182623
7183449
7183737
7183861
7183961
7184933
7185360
7187535
7188701
7189921
7190101
7190270
7190766
7190952
7192903
7192957
7193029
7193764
7194073
7194897
7195194
7195903
7196317
7196785
7196885
7197107
7197193
7197219
7197749
7197829
7198706
7200888
7202030
7203011
7203687
7204927
7206737
7206742
7206859
7207074
7207664
7207695
7208313
7208428
7209037
7209710
7209948
7210536
7210855
7212243
7212857
7213050
7213075
7213330
7213570
7213885
7214684
7214821
7215141
7215907
7217359
7217421
7217937
7219616
7220012
7220439
7221194
7222115
7222626
7223556
7224208
7225574
7225935
7226434
7226477
7226801
7227077
7227158
7230018
7238900
7239590
7239662
7239924
7244157
7245029
7245181
7245443
7245487
7246964
7247598
7248257
7249179
7250365
7251481
7252275
7253450
7255120
7255727
7257954
7257994
7259623
7259666
7261100
7262783
7263709
7269321
7271474
7274617
7275586
7275610
7280598
7280648
7281328
7282660
7287682
7290554
7293727
7294535
7294983
7296222
7296336
7297533
7297646
7298990
7299397
7299895
7300012
7300531
7301822
7302038
7303976
7306643
7306990
7307638
7307883
7308666
7309718
7309967
7310227
7312123
7313032
7313247
7313341
7313958
7314271
7314634
7315222
7316029
7319235
7320759
7321484
7321653
7322987
7324764
7324862
7325358
7326670
7327191
7328006
7329274
7329366
7330187
7332023
7332341
7332521
7332913
7334317
7334398
7335999
7338392
7338447
7339924
7342444
7344576
7344951
7345984
7348013
7348042
7351059
7351439
7353053
7353491
7354029
7355977
7356967
7360475
7360594
7363733
7364585
7365314
7366763
7370307
7373412
7374501
7377121
7377555
7379137
7380120
7382820
7383149
7384538
7385927
7386446
7393927
7394837
7395506
7398166
7401803
7402358
7405797
7406334
7406554
7408052
7408581
7408705
7412263
7413167
7414701
7416095
7418013
7420758
7423557
7425205
7428891
7429699
7430073
7430401
7430707
7430874
7431537
7432262
7432605
7433490
7434769
7436331
7439169
7439268
7441146
7445760
7446067
7446166
7449512
7450116
7451670
7453416
7453436
7455273
7455446
7455575
7455790
7457815
7457817
7457989
7460265
7464870
7467068
7467814
7468400
7470019
7471636
7475206
7475949
7477263
7477497
7477564
7479000
7479081
7479682
7481913
7482229
7482518
7484008
7484096
7484972
7485085
7487384
7488862
7489564
7489809
7490175
7491594
7491957
7493808
7495096
7496828
7497578
7497630
7499849
7500564
7502739
7505148
7505626
7505720
7505906
7507078
7509360
7513514
7517368
7518731
7520156
7521691
7522264
7522626
7523115
7523647
7524095
7524628
7525793
7531917
7532148
7532244
7534028
7534031
7535562
7536046
7536256
7537064
7537277
7538031
7538181
7540461
7541602
7542326
7543424
7544444
7546553
7547859
7550639
7551579
7552162
7552454
7554479
7555167
7559640
7560718
7561042
7563733
7563844
7564441
7565110
7569584
7570932
7571581
7573911
7574050
7576416
7578587
7583028
7584796
7585439
7586145
7586305
7588572
7588878
7589241
7591448
7593849
7599808
7602809
7604751
7605685
7607814
7609081
7610966
7621890
7621948
7623042
7626344
7630059
7631061
7631487
7631769
7631785
7633617
7633632
7634372
7634544
7636630
7636878
7638204
7638338
7638755
7641787
7647544
7647822
7647877
7649957
7652118
7654217
7656407
7657179
7660211
7660342
7660579
7663791
7664483
7664736
7666040
7669575
7669894
7670881
7673373
7676752
7676772
7678169
7679790
7680284
7681703
7683739
7684678
7685308
7686778
7687222
7691278
7691739
7693129
7693659
7696832
7697772
7698168
7700288
7701646
7701647
7702016
7704012
7705903
7706525
7706527
7708626
7710847
7711250
7712283
7712617
7713401
7713813
7716674
7716987
7718605
7721204
7722066
7722668
7722918
7723104
7725240
7726560
7727860
7729759
7732704
7732726
7732827
7733985
7734420
7736968
7737294
7738282
7738400
7738551
7739057
7741030
7742604
7743298
7745813
7746226
7747871
7747946
7750877
7751207
7751575
7752334
7754626
7755633
7755892
7758025
7758806
7760060
7760532
7761159
7761192
7761200
7761788
7763626
7765093
7765306
7765592
7766150
7766162
7767684
7768243
7768273
7768589
7771468
7771502
7771670
7771716
7772226
7774090
7776538
7777600
7778135
7778288
7779220
7780708
7780765
7781954
7782741
7785070
7786156
7786636
7786848
7787748
7788767
7790274
7791362
7792397
7793107
7794281
7794427
7795076
7795412
7796664
7797584
7798183
7798359
7799072
7799366
7800235
7800629
7800869
7801210
7804419
7804482
7805346
7805767
7806080
7806475
7810479
7811227
7816245
7816851
7817643
7818766
7819202
7819564
7819794
7820653
7820998
7821788
7821932
7822063
7822445
7822845
7823692
7823821
7823857
7824444
7824911
7826045
7826261
7826580
7826932
7828456
7828700
7829348
7829411
7829489
7831484
7831561
7831929
7832395
7833527
7834112
7835138
7835569
7835928
7835938
7837366
7837938
7838280
7838884
7840960
7841059
7842013
7842146
7842391
7843249
7843666
7844197
7844602
7845080
7845418
7845504
7846294
7846742
7846931
7847045
7847690
7848921
7849131
7849153
7851058
7851553
7851678
7852453
7852476
7854341
7856748
7857466
7858120
7858906
7859667
7859790
7861568
7861710
7861838
7862187
7862377
7862710
7863118
7863280
7864249
7864873
7865251
7866653
7867246
7868731
7869671
7869984
7870440
7871445
7872635
7873643
7874168
7875115
7875346
7875721
7876590
7877864
7878022
7878146
7879157
7879846
7880251
7880276
7881226
7881448
7882537
7883405
7883469
7883678
7883680
7884090
7884800
7885886
7886387
7887889
7888394
7890242
7891405
7891635
7892272
7892293
7894085
7895970
7896365
7896662
7896854
7896907
7897228
7898381
7898768
7899052
7899125
7899242
7900114
7900658
7901194
7902643
7902829
7903005
7903097
7904730
7905886
7906118
7906708
7906846
7907580
7908083
7908114
7908425
7910669
7910698
7912553
7912911
7914486
7914490
7915105
7915597
7916389
7916647
7917425
7917465
7918249
7919074
7919313
7920158
7920833
7921194
7921786
7922145
7922424
7923485
7923810
7924438
7924537
7924837
7925120
7925241
7925756
7926223
7928484
7929388
7930048
7930579
7934611
7935106
7936305
7937596
7938861
7939756
7939885
7940884
7940984
7941718
7942146
7942605
7942928
7945408
7945853
7946608
7947294
7947499
7947538
7947929
7948773
7949707
7950083
7950349
7951054
7952024
7952268
7953860
7955139
7955182
7956635
7958172
7960814
7963842
7966986
7967207
7967471
7967548
7967796
7968344
7970772
7971337
7972242
7972413
7972793
7973005
7973157
7974552
7974878
7975754
7975760
7976924
7977083
7977978
7978518
7979667
7980943
7981695
7984645
7985737
7987161
7987985
7988030
7989018
7991896
7993655
7993681
7993808
7994110
7994144
7994759
7994772
7994989
7995534
7995779
7995807
7995908
7996135
7997881
7998284
8000168
8000370
8001827
8001863
8004139
8004308
8004413
8004471
8005658
8005670
8006557
8006712
8008280
8008319
8009420
8009971
8010010
8010183
8010800
8012908
8013992
8014988
8015734
8016054
8021258
8021904
8022910
8023310
8023868
8024103
8026568
8027074
8027422
8027578
8027637
8028272
8029844
8030210
8030621
8032250
8034327
8034980
8038387
8039734
8039880
8040253
8041301
8045716
8046439
8046599
8046609
8054143
8055136
8055254
8055893
8059367
8061368
8061830
8062320
8063295
8064435
8065106
8068358
8070951
8071606
8072124
8072210
8072284
8072975
8073543
8073608
8073650
8074778
8078196
8080696
8081399
8081556
8082724
8083934
8084074
8084288
8084617
8088534
8096114
8096383
8097215
8097702
8097853
8101309
8101496
8103971
8104413
8106788
8107321
8109338
8109728
8110963
8111561
8111803
8112777
8112888
8113917
8114096
8115249
8115480
8115836
8117745
8118044
8118317
8119519
8120169
8122476
8123536
8124353
8130679
8130915
8131012
8131849
8132496
8132713
8133243
8133487
8133644
8134839
8136392
8136553
8137699
8138874
8138980
8139830
8139846
8140626
8143631
8143670
8144515
8144756
8144977
8147218
8150070
8150876
8152298
8153065
8154183
8154531
8155806
8156664
8156676
8156849
8157040
8157419
8157772
8157989
8159605
8159836
8164343
8164370
8165168
8167001
8170199
8170606
8170730
8170973
8171603
8172054
8172114
8174042
8174544
8175610
8176970
8176989
8178420
8180656
8180721
8181190
8181748
8182009
8182170
8183815
8184527
8185673
8185924
8186532
8186562
8188581
8188591
8190063
8190142
8191054
8191798
8192038
8193538
8193925
8194009
8194249
8194534
8194676
8195047
8196419
8196556
8196792
8196861
8197767
8197810
8198026
8202583
8202694
8202914
8203365
8205817
8205882
8206700
8209681
8210314
8210981
8211111
8211438
8211958
8211990
8214076
8214170
8214344
8215110
8215351
8216848
8218544
8219041
8219924
8220519
8221499
8221644
8222979
8222984
8224440
8224545
8228386
8229601
8229714
8232065
8232559
8232887
8233148
8234421
8235822
8237516
8237733
8237748
8240581
8243692
8244237
8244959
8250614
8250931
8251002
8251417
8251493
8252413
8255246
8256222
8256821
8256925
8257104
8257474
8258372
8258599
8258631
8260353
8260635
8261023
8261854
8263646
8267184
8268549
8269088
8271955
8274357
8274845
8274916
8275221
8275531
8278195
8279251
8280848
8281982
8283802
8285268
8285588
8286632
8287184
8287660
8288117
8288236
8288344
8290301
8291184
8291413
8291743
8292176
8292600
8294405
8295069
8295129
8295667
8296068
8297309
8297397
8297402
8297917
8298335
8298723
8298745
8299260
8299861
8300321
8300458
8301767
8301857
8302270
8304806
8304876
8305385
8305540
8305849
8306108
8306644
8306655
8307094
8307282
8307547
8307559
8307987
8308115
8308348
8308921
8309921
8310305
8310317
8310564
8310648
8310887
8311675
8311720
8311990
8312091
8312962
8312984
8313538
8313777
8313869
8314563
8315446
8315947
8315950
8316246
8316340
8316718
8316970
8317125
8317186
8317490
8317865
8318571
8318939
8318943
8319330
8320011
8320207
8320547
8320899
8321263
8321898
8322115
8322124
8322254
8323276
8323319
8324138
8324732
8324736
8324975
8325855
8325874
8326148
8327298
8327621
8328291
8328334
8328533
8329010
8329164
8329224
8330135
8330270
8330378
8330740
8331053
8331402
8332588
8332631
8332650
8334906
8335151
8336762
8336968
8337070
8338061
8338185
8338622
8338968
8339201
8339650
8340009
8340238
8340539
8341162
8341292
8341366
8341439
8342465
8343447
8346544
8346884
8347111
8347727
8349254
8349397
8349895
8351761
8351801
8352786
8353740
8353754
8354707
8355124
8356817
8358143
8358577
8359318
8359323
8360244
8360793
8360918
8361218
8361529
8362380
8362554
8364258
8365470
8366604
8367738
8368127
8368985
8368998
8369494
8369742
8371086
8374182
8374277
8374606
8375751
8376544
8377370
8379439
8379981
8380138
8380309
8381305
8381626
8383012
8384047
8384664
8386062
8386589
8388034
8388133
8389240
8391980
8395218
8396146
8396675
8397019
8397903
8399072
8400319
8401902
8402332
8404104
8405302
8405683
8405985
8408892
8410585
8410668
8410712
8411341
8411833
8411968
8413875
8414542
8414993
8415774
8420840
8421047
8421354
8421948
8423845
8423915
8424241
8424904
8425251
8425497
8426101
8426464
8427344
8427545
8428784
8429476
8429477
8429888
8431475
8433307
8435577
8436186
8436522
8436803
8437604
8438137
8439366
8440760
8440780
8441506
8442127
8442392
8442772
8443010
8443487
8443833
8446121
8446478
8446502
8448331
8448745
8449438
8449563
8450257
8450664
8451023
8452323
8453140
8453238
8453719
8453830
8454083
8454365
8454550
8454845
8455437
8455497
8455891
8455908
8455994
8457242
8458403
8461416
8462124
8462719
8464317
8464340
8464762
8464811
8465162
8465536
8466008
8466082
8466866
8467012
8467864
8468000
8469141
8469273
8469666
8470093
8470432
8471113
8471693
8472327
8473762
8473871
8475110
8475509
8476375
8476761
8476932
8477233
8479179
8479299
8480500
8481174
8481658
8483468
8484113
8484179
8484632
8484963
8485970
8486398
8487029
8487601
8487655
8487712
8487817
8487869
8488462
8489882
8493332
8493995
8494677
8495611
8495699
8497644
8497735
8498223
8498878
8500042
8500368
8500641
8501112
8501132
8501298
8501743
8501925
8502093
8502411
8503278
8503664
8503885
8504565
8504668
8505668
8505709
8505804
8510233
8510509
8510648
8511526
8511689
8511749
8512297
8513486
8516013
8516946
8518268
8518405
8518682
8519491
8520086
8520099
8521548
8521605
8522679
8523362
8523970
8524670
8524880
8524956
8525325
8525435
8526257
8526646
8526860
8527118
8528901
8529316
8530296
8530979
8531927
8532226
8532387
8532756
8533134
8534109
8535061
8535164
8537180
8537716
8537735
8538690
8539236
8540376
8541383
8541608
8542401
8543553
8544038
8544644
8545211
8546184
8546651
8546932
8547426
8547702
8548337
8548342
8549272
8549651
8549772
8550713
8550986
8551626
8551761
8552595
8552776
8553568
8554118
8554221
8554247
8554295
8554748
8554787
8555229
8555328
8555405
8555682
8556939
8557822
8558111
8558275
8558471
8558873
8559041
8559251
8559529
8559978
8560371
8561477
8562680
8562741
8563701
8564558
8564930
8566319
8566620
8566726
8567094
8567671
8567900
8568677
8568853
8569162
8570855
8571285
8571373
8571739
8572107
8572311
8572771
8573209
8573231
8573700
8573898
8573982
8574776
8575129
8575679
8576633
8576752
8577220
8577709
8578285
8578579
8578634
8578870
8580047
8580615
8581328
8581822
8582131
8585396
8585776
8586062
8586488
8586954
8587940
8589021
8589614
8590188
8590263
8590382
8591386
8591646
8591782
8592029
8592688
8592765
8593166
8593737
8594081
8594994
8595122
8595162
8595206
8595962
8596126
8596204
8596540
8596542
8597531
8598222
8599367
8599886
8600084
8600282
8600857
8601979
8602547
8603826
8603840
8604485
8604705
8604995
8605743
8606298
8606419
8606509
8607292
8608339
8608467
8609352
8610871
8611727
8612982
8613745
8614859
8615637
8615917
8617293
8617624
8618719
8619321
8619380
8619651
8620781
8620820
8622788
8623301
8623439
8623644
8624391
8624707
8624987
8625545
8626211
8626986
8627337
8627760
8629945
8630802
8630817
8631134
8631489
8631530
8632832
8633375
8633492
8634799
8635010
8635648
8636025
8636548
8636680
8637022
8639635
8639976
8640042
8641012
8641706
8641901
8642007
8643853
8643932
8644272
8644918
8646410
8646689
8647481
8648776
8648997
8649059
8649742
8652151
8652392
8652570
8653569
8654401
8654758
8655189
8655746
8656629
8657468
8657625
8659194
8659227
8659621
8659782
8660364
8660439
8660736
8660999
8661530
8662009
8662281
8662296
8662354
8662755
8663488
8663790
8665179
8665562
8666697
8666893
8666934
8667441
8668389
8668506
8669410
8669442
8670243
8670348
8670568
8672684
8673717
8674278
8674602
8675289
8675437
8677254
8677268
8678272
8678909
8680037
8680045
8680314
8681472
8682939
8683260
8683404
8684249
8685093
8685188
8685588
8685788
8685834
8686388
8687695
8687913
8688435
8689094
8689541
8690129
8690528
8691698
8692176
8692681
8693570
8693769
8695618
8696108
8696254
8698093
8698700
8698793
8698913
8700318
8700574
8701172
8701197
8701824
8702308
8702490
8702516
8702530
8704025
8705303
8705691
8706939
8707297
8709211
8709532
8710933
8711033
8712224
8712576
8712824
8714383
8714394
8715242
8715491
8715495
8715780
8716012
8718173
8718323
8718597
8718855
8719400
8719443
8720836
8721441
8721491
8721527
8722102
8722700
8722803
8723441
8723665
8723709
8725520
8725768
8727359
8727526
8727790
8728387
8728695
8729424
8729613
8730215
8730499
8730945
8731126
8731890
8732747
8734835
8735107
8736177
8736448
8737173
8738368
8739289
8739390
8740941
8742037
8742693
8742812
8744394
8744518
8744656
8744867
8745410
8746086
8746330
8746556
8748107
8749536
8749559
8750318
8751164
8751303
8752719
8753205
8754076
8754459
8755346
8756087
8757097
8757198
8757394
8757536
8757839
8757959
8758643
8758794
8759342
8760123
8760689
8760741
8760877
8761043
8761118
8761227
8761308
8761432
8761726
8761875
8761946
8761953
8764690
8765566
8765876
8767828
8768039
8768040
8768908
8769529
8769645
8770424
8770428
8770536
8771628
8772062
8774020
8774411
8777037
8777576
8777954
8778010
8778065
8778131
8778600
8778955
8779021
8779032
8779358
8779475
8780945
8781821
8782358
8783183
8784570
8784591
8784970
8786615
8788090
8791359
8791658
8795859
8796634
8797403
8797598
8797815
8797956
8798374
8799565
8801068
8802032
8804121
8805023
8805316
8805434
8805521
8805589
8805778
8805927
8807066
8808201
8809313
8809986
8810455
8811035
8811353
8812194
8812959
8813160
8813753
8814077
8814353
8814679
8814867
8815873
8816053
8816455
8816825
8817126
8817512
8818062
8818110
8818581
8819528
8820095
8821376
8822744
8822791
8826705
8826768
8827231
8827515
8827626
8830237
8831360
8831955
8832743
8832932
8833581
8834789
8835223
8836270
8836282
8836831
8837139
8838195
8839118
8839306
8839810
8840093
8841680
8842836
8845366
8846039
8847509
8847745
8848988
8849883
8850968
8851047
8851081
8851803
8851884
8852251
8852542
8853390
8853662
8854118
8854300
8856114
8857933
8857967
8858064
8859482
8860839
8861819
8861871
8861908
8862690
8864395
8864905
8865901
8869686
8873098
8873870
8875326
8875821
8876970
8879404
8881065
8883834
8884494
8884625
8887705
8888510
8888704
8888811
8890375
8891787
8892927
8893924
8896293
8897047
8899248
8899452
8900058
8900525
8903586
8903729
8903946
8904059
8905821
8906797
8907122
8908780
8908964
8909764
8910411
8911289
8911869
8911925
8912040
8912877
8913369
8913618
8914144
8914542
8915441
8915731
8916144
8916601
8917253
8918573
8920010
8920292
8920400
8920427
8921568
8921946
8922668
8923577
8923933
8924351
8925669
8928499
8929570
8930506
8933282
8933785
8934421
8935321
8936601
8936611
8937635
8937650
8938019
8938354
8938786
8939669
8939785
8940144
8940269
8940520
8942655
8942979
8943737
8944247
8944558
8945068
8945317
8945363
8945621
8947898
8948547
8949025
8949445
8949886
8950248
8950618
8950900
8951465
8952194
8952257
8952376
8952920
8953374
8953811
8954052
8954195
8956751
8957752
8958115
8959090
8959646
8960941
8961179
8962560
8964840
8965446
8966445
8966704
8969056
8969113
8970280
8970798
8971904
8972155
8972433
8976374
8976701
8976945
8977276
8977998
8978771
8979078
8980446
8980719
8980959
8981279
8982716
8982724
8983817
8983858
8986008
8986413
8988382
8991116
8991960
8991980
8993440
8996224
8996470
8997354
8997873
8999100
9000658
9000836
9002577
9002826
9002896
9005109
9005348
9005660
9006641
9006894
9007467
9016923
9017205
9017344
9018436
9018584
9018604
9022090
9022375
9022813
9023135
9025319
9027801
9027877
9028085
9028230
9028863
9029028
9029442
9030212
9030357
9031869
9032355
9032527
9033374
9034379
9034557
9036312
9036855
9037499
9038529
9038627
9039156
9040642
9041465
9041702
9042276
9043106
9043223
9043606
9044298
9045658
9046130
9047774
9048460
9051036
9051193
9051248
9052228
9052294
9052723
9052778
9053226
9054440
9054536
9055642
9055818
9057062
9057765
9058045
9058973
9060237
9060366
9060375
9061371
9061986
9064027
9064078
9064561
9064870
9065119
9066033
9066600
9067921
9067965
9068129
9069330
9070023
9070652
9072337
9073053
9074934
9076027
9076111
9077915
9078552
9078631
9081235
9081571
9081601
9082017
9082058
9084610
9085657
9085982
9086151
9086766
9087335
9087554
9088097
9089267
9090444
9090507
9090552
9091841
9092365
9092578
9092840
9093847
9093884
9093936
9094863
9095514
9096876
9097006
9097922
9098299
9099777
9100577
9101775
9102587
9105128
9105163
9105427
9106182
9106523
9109445
9109583
9109714
9110283
9110639
9111239
9111561
9112577
9113756
9116037
9116147
9116978
9117701
9117733
9118101
9119312
9121449
9122677
9123142
9123269
9123330
9124668
9125372
9126439
9126726
9127123
9130810
9131204
9132215
9132657
9133171
9133661
9136539
9136722
9136951
9137388
9138118
9138240
9138341
9139040
9139062
9139286
9139846
9140499
9140702
9140750
9141395
9141563
9142224
9143694
9145030
9145181
9147054
9147165
9147377
9147971
9148095
9148590
9149164
9151456
9152033
9152386
9153306
9153467
9155966
9157846
9159103
9159725
9160485
9160935
9160952
9163633
9164369
9167828
9167886
9167996
9168840
9169305
9169473
9170717
9173447
9173763
9174705
9174829
9175689
9176385
9176435
9176542
9177270
9177947
9178327
9178880
9179122
9179772
9180163
9180616
9182108
9182404
9182920
9183732
9183784
9183970
9186397
9186776
9187952
9188446
9189577
9189965
9191007
9191214
9191459
9192099
9193225
9194095
9195149
9195413
9196107
9197682
9198436
9199205
9199259
9199620
9200959
9201422
9202202
9203008
9203592
9204245
9204338
9205411
9205723
9206530
9208024
9208575
9209094
9209474
9209566
9210185
9210847
9212574
9214093
9214760
9217420
9217793
9218578
9220793
9221204
9221878
9223421
9224821
9225335
9225362
9225842
9227463
9227572
9228273
9229148
9230654
9230686
9230746
9232923
9233782
9236620
9236839
9238040
9238680
9240678
9240733
9241526
9242972
9243823
9244102
9246476
9246563
9246849
9246971
9247195
9247386
9248415
9249941
9250131
9251265
9251563
9251773
9252214
9252331
9252602
9253383
9256605
9258742
9258931
9259105
9261701
9262055
9262582
9263514
9263892
9264972
9265414
9265487
9265710
9266498
9266957
9268201
9268707
9269435
9269493
9269646
9270647
9270689
9271327
9271510
9271539
9271986
9272405
9272413
9273280
9273309
9273569
9274265
9276021
9276241
9277718
9277939
9280145
9280454
9280480
9281440
9281870
9284344
9285939
9287657
9288514
9290494
9290559
9291093
9291619
9292332
9292616
9293428
9294281
9296816
9297969
9298405
9298455
9298855
9299196
9299498
9299530
9300356
9300501
9301677
9302004
9303860
9304351
9306820
9308261
9309256
9310495
9310780
9311911
9312062
9312573
9312997
9313560
9314826
9318239
9319182
9319437
9319562
9319800
9320355
9320528
9321626
9322293
9322956
9323177
9323557
9323807
9323840
9323921
9324461
9324503
9324798
9325041
9325368
9328137
9328146
9328920
9329067
9329699
9331987
9332726
9335210
9341652
9341918
9342654
9342788
9344026
9344364
9345317
9346493
9349277
9350076
9350118
9350258
9351363
9351372
9351444
9351859
9351961
9352014
9352435
9352505
9352598
9353138
9353381
9353475
9354199
9354308
9354831
9356549
9357892
9357902
9358311
9360130
9360435
9360860
9361009
9361237
9362089
9362207
9362629
9362681
9362936
9363667
9363849
9365591
9366051
9366684
9366722
9367058
9368245
9368421
9369353
9369425
9369975
9370377
9370595
9370804
9371017
9371307
9371702
9371718
9371771
9372028
9372050
9373330
9374698
9375828
9379064
9380187
9380606
9381143
9381802
9382272
9382420
9382773
9383199
9383670
9385918
9388336
9388854
9388861
9389585
9391501
9391717
9392522
9392598
9393614
9394968
9395607
9395673
9397607
9398579
9398796
9398812
9398838
9400249
9401086
9401195
9401726
9401875
9402319
9402381
9402667
9403607
9403892
9404123
9404194
9404421
9404961
9406259
9406920
9407685
9409264
9409533
9409858
9411614
9411890
9412278
9415392
9416856
9416890
9416913
9417006
9417623
9418332
9418658
9419114
9419215
9419305
9420618
9420947
9421868
9423238
9423367
9423534
9423546
9423836
9425430
9427051
9427789
9427798
9428940
9429222
9429433
9429990
9431759
9434199
9434354
9435029
9435197
9435819
9436485
9436487
9436970
9437083
9439392
9439469
9440972
9441321
9441688
9441790
9441998
9442933
9444306
9445231
9445550
9445603
9447166
9447751
9448527
9449475
9450818
9450944
9452269
9452284
9453188
9453524
9454589
9454819
9454861
9456008
9457277
9458535
9458738
9459236
9459271
9459629
9460923
9463493
9463672
9467039
9467164
9468512
9468835
9469018
9469300
9470884
9470974
9473542
9473545
9473766
9473912
9475688
9476097
9476350
9478089
9478374
9480021
9480132
9480678
9481622
9482898
9483109
9484334
9484917
9485292
9485618
9485823
9486893
9486976
9487506
9487913
9488213
9489688
9489938
9492316
9492974
9496604
9497001
9498431
9498666
9499446
9499613
9500245
9501119
9503191
9503212
9503605
9503618
9503869
9504062
9505576
9506652
9507919
9508290
9509862
9511745
9511765
9511851
9512355
9512851
9513329
9513404
9513474
9513875
9514297
9514324
9514895
9514919
9515583
9515752
9515769
9516033
9516138
9516857
9518153
9518678
9518761
9519683
9519721
9521856
9522184
9522721
9523143
9523308
9524463
9524700
9525409
9526242
9526268
9526778
9526822
9527715
9528677
9529905
9532701
9533186
9533733
9534323
9534942
9537887
9538685
9539089
9539645
9541260
9542498
9542964
9543548
9547383
9547917
9549744
9550542
9550559
9550875
9551177
9552070
9556200
9556271
9557569
9558201
9559074
9560280
9561838
9562772
9566085
9566813
9570510
9570918
9570969
9571438
9573434
9575039
9575118
9578081
9578575
9579569
9581297
9581583
9582035
9582674
9583097
9583741
9584104
9585402
9587038
9587398
9590677
9591713
9592243
9593090
9594510
9595482
9597384
9602211
9602690
9605324
9605846
9606327
9607710
9607865
9607940
9610763
9610792
9611926
9614706
9615419
9615641
9617625
9618568
9620991
9621890
9621991
9622147
9623392
9624803
9625561
9625962
9626422
9626796
9627160
9627623
9630581
9631319
9632602
9633863
9635192
9635524
9636297
9639495
9640404
9643483
9646419
9647550
9648265
9648989
9649749
9650272
9652490
9655423
9656783
9659040
9659840
9660936
9660945
9662060
9666331
9669663
9669824
9670681
9670855
9671383
9672857
9673775
9674915
9677971
9679347
9680435
9684001
9684066
9685620
9689265
9691338
9691658
9691974
9693037
9693519
9693832
9694720
9695218
9695398
9696376
9696587
9697443
9698129
9699435
9699516
9700321
9700685
9700760
9701796
9702627
9703256
9703829
9706209
9707890
9708342
9710533
9711788
9715740
9717355
9720308
9720393
9721198
9722907
9723263
9723530
9723808
9724541
9726019
9727001
9727388
9728305
9730549
9731990
9732256
9732863
9733714
9733833
9734288
9736723
9743556
9743663
9744894
9746159
9746512
9747308
9747457
9747675
9748360
9749748
9751965
9752314
9752668
9753245
9754185
9757142
9757781
9757888
9758374
9758615
9758662
9761420
9763496
9763629
9764212
9764283
9765593
9766596
9766770
9768555
9769962
9771251
9772997
9777692
9778326
9778913
9781463
9781486
9782905
9784566
9785298
9788765
9790943
9795806
9798032
9803351
9803616
9806117
9806343
9812599
9813935
9819323
9824845
9825780
9830458
9831299
9833417
9834129
9836041
9837146
9841805
9842725
9842802
9843231
9843934
9846331
9851734
9852619
9852952
9853022
9853555
9853740
9854583
9858345
9860172
9861578
9863885
9866399
9866478
9866942
9867009
9867601
9868294
9869951
9870500
9871474
9873958
9874064
9874149
9874355
9874496
9874888
9874971
9876060
9876219
9877491
9879446
9879703
9879852
9880381
9881563
9883186
9884595
9886734
9888361
9888621
9889041
9889563
9891454
9895375
9896276
9896379
9897121
9897974
9898032
9898037
9898552
9898958
9900730
9901813
9902374
9902714
9902880
9903343
9906332
9907821
9908346
9908776
9909539
9910427
9910655
9910832
9912454
9913359
9914187
9914833
9914979
9917512
9918167
9920295
9921815
9921918
9922185
9922694
9924194
9924806
9926664
9927553
9929001
9930084
9930391
9931357
9931930
9933218
9935156
9935409
9936183
9936651
9937216
9937350
9939301
9940124
9940193
9940427
9941021
9941542
9945280
9946129
9946185
9946502
9947114
9951204
9951313
9953695
9955328
9956193
9956830
9956927
9959222
9960593
9962807
9965240
9967784
9968895
9970517
9970879
9971647
9972113
9972372
9972433
9973338
9974343
9975218
9977024
9977900
9978920
9979158
9981877
9985528
9987378
9988346
9988435
9989875
9994411
9996012
9996981
9998893
9999119
10000824
10002467
10004442
10004708
10004913
10005013
10009956
10010606
10010748
10011074
10011328
10011946
10012126
10012510
10012870
10014060
10014410
10014546
10014766
10016254
10016945
10017984
10019786
10021999
10023208
10023698
10025367
10027379
10028043
10029864
10030105
10030843
10032863
10033753
10034220
10035298
10037862
10039974
10040641
10044489
10045576
10046405
10046867
10047132
10047907
10050565
10051518
10052390
10052469
10052889
10052986
10053071
10053875
10053976
10054205
10054985
10055510
10056994
10058452
10060067
10061108
10061989
10062782
10068533
10069591
10070766
10071280
10077490
10078025
10079352
10080499
10081003
10081060
10082027
10083065
10084045
10085013
10085850
10086047
10086104
10086980
10087749
10088074
10089255
10089403
10089722
10089790
10091004
10091738
10092779
10092940
10093346
10093523
10094186
10094260
10095022
10095162
10095900
10096030
10096162
10098461
10099169
10099178
10099735
10099772
10099775
10100103
10100320
10100354
10101283
10101908
10102509
10103442
10103469
10103482
10103499
10103575
10104975
10106158
10106996
10107699
10108073
10108431
10108819
10109300
10109594
10109655
10110196
10111041
10111321
10111685
10112015
10112360
10112505
10112602
10112733
10112877
10113073
10113468
10113636
10114455
10114995
10115810
10115949
10116356
10116364
10117356
10117432
10117590
10118140
10118197
10119813
10120147
10120762
10121576
10122689
10122865
10123368
10124300
10124906
10124920
10125007
10125196
10125500
10125531
10126824
10127627
10128267
10128308
10129633
10129826
10131285
10131575
10131735
10132284
10132391
10132741
10133465
10133943
10135727
10136403
10136589
10137109
10137392
10139596
10139619
10140439
10141459
10141642
10142102
10143186
10143562
10143880
10144152
10144490
10144817
10145866
10146390
10146466
10146537
10146740
10147052
10147270
10148396
10148401
10148683
10151536
10151646
10152390
10152671
10152743
10153052
10153166
10153511
10153834
10154263
10155119
10155241
10155242
10155514
10155598
10155753
10155817
10155856
10156749
10156983
10157342
10157772
10158109
10158433
10158484
10158577
10158750
10159212
10159454
10159887
10159903
10160093
10160271
10160700
10160759
10161287
10161632
10161809
10161909
10161961
10162150
10162272
10162604
10162646
10163148
10163359
10164132
10164241
10165662
10166002
10166265
10167383
10168151
10168353
10168750
10169000
10169098
10169125
10169641
10170322
10170627
10170957
10171011
10171556
10172172
10173087
10173218
10174257
10174277
10174489
10175479
10175481
10175483
10175497
10175878
10176120
10176123
10176476
10176622
10176794
10176813
10176938
10177064
10177233
10177292
10178690
10178700
10179519
10179560
10179625
10179680
10179856
10179965
10180071
10180089
10182459
10182789
10183134
10183175
10184655
10184704
10184891
10185803
10186057
10186406
10186483
10187111
10187167
10187286
10189086
10189108
10189115
10189233
10190122
10192244
10194286
10195471
10195570
10195683
10196768
10196806
10196889
10196909
10197250
10197444
10197636
10197741
10198692
10198931
10199418
10199780
10200027
10200494
10200877
10205262
10205469
10205494
10205547
10206067
10206689
10207556
10209348
10209423
10209918
10210011
10212271
10212294
10217541
10218764
10219301
10220121
10220172
10220234
10221464
10221950
10222434
10222858
10223354
10223356
10225146
10225503
10226124
10226565
10227180
10228281
10229330
10230386
10232290
10232736
10236300
10236492
10237633
10237942
10238209
10238452
10239209
10239353
10239787
10241417
10241557
10241834
10241904
10242328
10242343
10244969
10246241
10247055
10247655
10249821
10250044
10251021
10251999
10252574
10252932
10254851
10255052
10255304
10256226
10257286
10257297
10259741
10260699
10260825
10263981
10265247
10267203
10267796
10268294
10269415
10269791
10269815
10270167
10270310
10270744
10271416
10272405
10273853
10273950
10275561
10276729
10278225
10278893
10278978
10280716
10280926
10284446
10284951
10285376
10285823
10286189
10286753
10287097
10288945
10289518
10290413
10290619
10290661
10291491
10292348
10292527
10293255
10293988
10294837
10295130
10296259
10296268
10298612
10298767
10300098
10301588
10301802
10301899
10304931
10306821
10308485
10308849
10310701
10310876
10311070
10311192
10312035
10313603
10315044
10317361
10317771
10317900
10318782
10319214
10320233
10320412
10320908
10322029
10322608
10327351
10328248
10329149
10329766
10329988
10330055
10331910
10332395
10333480
10334352
10334967
10337769
10337818
10339512
10339927
10340043
10340182
10346063
10346377
10347039
10347977
10349120
10349979
10351278
10354374
10358681
10360022
10360054
10360917
10361021
10361545
10361636
10362137
10363898
10365580
10368574
10368758
10370278
10370371
10374887
10376555
10377457
10378899
10379982
10380237
10381849
10382003
10384453
10385855
10387902
10388713
10389797
10390080
10391542
10393218
10393915
10394004
10394888
10396715
10396925
10397053
10399327
10399768
10399962
10400755
10401514
10402111
10404130
10406170
10406682
10408624
10410097
10410488
10412765
10414499
10414594
10414878
10415012
10415917
10416142
10416786
10417017
10421987
10423417
10423544
10423760
10425139
10425805
10426178
10433040
10435008
10436798
10439177
10440506
10441994
10444012
10444416
10445195
10447712
10448935
10451481
10451856
10452451
10453629
10456138
10462116
10463468
10463600
10463985
10464166
10464828
10464948
10465941
10466324
10466822
10468502
10469211
10469251
10469740
10470486
10471392
10472012
10472975
10473724
10475158
10475194
10476202
10477048
10479408
10479572
10481082
10481268
10485189
10487087
10487424
10487457
10490421
10490512
10490529
10490929
10493037
10493834
10493941
10494140
10495785
10497152
10497302
10498551
10498908
10499002
10499325
10499841
10500725
10501184
10504375
10512717
10514720
10515007
10515854
10516167
10518260
10519531
10519574
10520706
10522212
10522751
10523372
10523374
10523463
10524032
10525260
10525758
10526752
10529922
10530018
10530429
10532876
10533499
10534198
10535061
10535849
10537484
10538105
10538837
10539104
10540809
10541032
10542279
10543326
10546564
10550324
10551727
10551869
10551983
10552022
10553097
10553117
10554929
10556040
10556061
10556859
10556920
10557214
10558292
10558596
10559110
10559114
10559438
10561932
10562818
10563146
10563291
10564546
10564647
10564733
10566775
10567158
10569941
10573482
10573501
10573685
10573874
10574095
10574432
10574725
10575526
10575824
10576242
10576256
10577005
10577587
10577678
10579736
10580466
10580640
10581340
10581522
10581627
10582999
10583613
10584383
10584606
10585734
10587005
10587345
10589201
10589722
10590465
10591848
10592023
10592040
10592778
10594418
10594619
10595161
10595979
10597444
10597747
10598087
10602273
10602572
10602674
10602960
10603050
10603154
10603162
10603652
10604051
10604487
10605415
10606087
10607630
10608758
10608876
10608910
10608962
10609317
10611037
10611885
10612829
10613750
10614349
10614895
10614993
10614995
10615183
10615277
10615401
10615684
10615814
10615903
10616056
10616174
10616985
10617554
10618490
10619725
10620139
10620706
10621309
10621629
10622857
10622968
10623870
10624315
10624459
10624562
10624855
10625821
10626452
10628154
10628276
10628421
10629789
10632210
10633181
10635849
10635925
10636291
10638370
10639719
10641447
10642237
10644303
10644458
10644521
10645196
10645415
10646103
10646125
10646131
10646453
10646803
10648014
10648047
10648541
10648873
10649259
10649279
10649412
10650653
10651550
10651883
10651976
10653963
10655753
10657186
10657324
10658966
10659618
10659774
10662877
10663017
10663048
10663124
10663560
10663641
10664131
10664233
10664307
10668183
10669481
10669612
10670479
10670927
10674506
10678304
10679203
10679706
10680983
10681034
10681252
10683882
10684051
10684097
10684187
10686000
10686399
10686586
10687098
10687374
10687556
10688165
10688781
10692693
10693086
10693455
10693552
10693685
10695222
10696921
10697510
10698047
10701313
10701494
10702113
10702117
10702556
10703580
10704493
10705241
10705942
10706447
10706652
10708565
10713272
10713480
10714966
10715344
10717006
10717576
10718214
10720560
10721228
10721563
10724774
10726457
10727827
10728704
10732727
10732948
10734201
10734570
10735139
10737247
10738140
10738400
10738723
10738890
10739017
10739456
10740493
10740947
10740995
10741554
10742532
10744052
10744227
10745617
10746257
10746645
10746686
10749426
10749747
10750157
10750365
10751099
10752355
10752512
10753000
10753448
10753695
10754421
10754840
10755278
10756348
10759110
10759638
10762233
10762426
10763162
10763376
10763459
10764432
10765795
10765905
10767611
10767650
10768174
10770257
10771217
10771349
10772556
10773613
10773694
10774029
10775819
10777226
10777584
10777923
10780804
10781049
10782101
10783257
10784987
10785404
10786968
10787075
10788574
10788627
10790529
10790637
10791072
10793054
10794054
10794152
10795648
10799149
10799294
10799427
10799793
10799875
10800255
10800480
10800998
10804248
10804861
10804958
10805498
10807216
10808209
10808461
10809548
10810475
10812240
10813728
10813865
10814097
10815172
10816233
10820171
10820723
10823204
10823482
10825003
10825289
10826463
10826898
10828514
10831143
10831339
10832824
10834661
10837613
10837773
10838882
10839863
10840095
10840509
10841452
10842239
10842538
10843449
10844364
10845992
10847045
10848678
10848799
10849064
10850087
10851774
10854524
10855287
10856900
10860839
10860979
10862446
10863713
10866051
10866909
10867735
10868255
10870017
10870102
10872449
10872653
10873411
10873862
10874396
10876141
10876143
10877218
10877702
10877953
10878644
10878666
10878938
10879880
10880520
10881646
10882344
10882370
10883137
10883174
10883604
10884778
10886736
10886990
10887468
10887915
10889107
10894096
10894483
10897389
10898331
10898823
10900453
10901297
10901308
10903066
10903167
10903937
10904146
10904329
10906947
10907234
10907357
10910458
10913416
10915194
10917114
10917253
10921175
10921564
10922692
10926363
10926968
10927685
10928234
10928410
10928482
10929744
10931068
10932461
10936436
10936934
10937174
10938071
10943161
10945665
10946233
10946739
10950035
10951779
10955858
10956786
10958671
10960959
10961304
10962152
10963703
10970037
10970692
10975061
10977909
10978604
10980175
10983004
10984988
10985162
10985811
10986509
10987924
10988655
10992511
10992574
10992946
10993660
10994049
10994219
10994634
10994901
10995013
10995217
10998108
10998891
10999577
11001536
11002932
11004080
11004109
11005388
11006147
11006404
11007852
11009024
11009045
11010074
11011080
11011328
11011672
11013079
11013343
11013674
11013988
11014479
11014505
11015140
11015241
11015479
11016752
11016756
11018193
11018541
11018564
11018612
11021891
11022780
11023885
11026065
11026220
11026486
11026874
11027643
11028754
11029325
11029352
11029861
11032108
11032773
11033799
11035092
11035389
11035495
11036035
11036385
11036485
11036627
11037364
11037432
11038264
11038886
11039588
11041446
11043521
11043895
11043921
11044982
11045065
11048048
11048441
11051423
11052104
11054308
11054898
11055750
11056181
11057102
11058201
11060012
11060867
11062266
11062398
11062456
11063126
11063459
11063677
11064681
11065589
11066446
11068866
11069517
11069522
11069547
11070162
11070449
11076608
11076823
11077762
11078589
11079421
11080066
11080514
11081583
11081757
11083910
11084597
11087268
11091576
11091798
11092939
11094248
11095524
11096019
11096242
11097126
11098050
11100682
11101602
11102366
11102482
11102761
11104385
11105296
11106205
11106619
11106730
11107887
11108256
11108517
11108705
11110162
11111052
11111101
11114701
11114811
11115013
11120194
11121353
11123385
11123666
11124489
11125904
11126495
11130072
11131305
11132243
11133187
11134735
11134752
11140358
11140517
11141813
11142082
11142325
11142546
11144290
11144896
11146664
11150829
11151489
11152744
11153326
11155262
11155950
11156664
11156840
11157848
11158172
11158984
11160249
11161060
11161287
11162769
11165366
11165454
11167614
11167680
11167691
11168163
11168926
11172792
11172920
11173091
11173645
11175265
11176731
11177338
11179769
11181624
11181759
11183145
11183899
11184969
11186713
11187018
11187942
11188842
11190381
11190411
11191451
11192653
11193512
11194726
11195182
11197774
11197954
11198022
11199450
11199461
11201202
11201267
11201980
11207126
11207563
11209130
11210190
11211350
11212363
11213272
11214005
11215994
11217265
11217314
11220674
11222191
11222665
11224991
11225951
11226198
11226321
11229174
11229626
11233600
11234257
11235039
11237056
11237383
11238734
11241190
11242557
11243290
11243589
11243808
11244907
11245012
11245521
11246179
11246691
11247756
11251478
11251499
11251733
11251759
11255554
11256057
11256717
11256741
11256822
11257317
11257587
11259694
11261592
11261669
11263818
11266254
11270052
11273512
11276420
11277314
11277458
11277800
11278291
11278805
11279527
11279975
11280865
11280975
11281444
11281823
11282139
11282356
11282547
11282957
11283141
11283169
11284797
11285887
11285938
11286059
11286231
11287267
11287325
11287799
11287973
11288672
11288852
11288936
11289410
11290121
11291581
11292381
11292918
11293573
11294768
11297318
11299142
11299791
11299828
11301332
11304895
11305066
11307310
11309025
11309548
11312292
11312706
11312813
11316101
11316766
11319298
11324734
11326267
11329200
11329916
11333251
11334316
11334620
11335204
11336048
11336279
11337430
11338012
11339644
11340626
11340962
11341883
11342682
11343791
11346541
11347062
11347291
11348973
11351188
11351718
11352448
11354454
11354611
11355433
11357182
11357438
11357577
11357667
11359476
11360389
11361544
11361992
11362568
11363251
11363271
11363320
11365714
11366771
11368128
11368901
11369674
11370035
11370966
11371030
11371122
11371290
11371548
11371872
11373682
11373690
11374993
11375901
11376814
11378452
11381179
11382298
11382424
11382871
11383704
11383709
11383725
11383768
11384455
11385019
11385750
11386571
11386647
11386895
11388362
11388918
11391262
11393561
11394040
11395175
11396830
11397446
11398552
11398609
11400776
11401521
11403406
11403859
11403900
11404057
11406656
11407696
11408142
11409005
11411842
11412316
11414597
11414974
11415937
11416273
11418826
11420111
11421480
11421904
11427036
11427423
11430114
11430192
11431478
11431666
11431959
11432097
11432451
11432922
11434293
11435147
11435540
11436122
11438668
11438705
11438818
11440948
11442492
11442840
11442972
11443840
11444183
11444972
11445321
11445561
11446641
11448242
11448476
11449774
11450439
11451766
11452261
11452657
11453036
11458031
11458641
11458648
11459879
11461973
11462050
11464301
11464453
11465597
11470269
11471881
11472886
11476823
11477220
11477436
11477464
11477745
11479504
11480540
11480756
11481015
11481086
11481104
11481384
11481569
11482121
11482682
11482939
11483140
11483393
11484029
11484298
11485706
11487250
11487541
11487605
11487801
11489714
11489814
11490033
11490157
11490792
11491125
11492767
11495214
11495698
11495726
11497134
11497135
11498386
11498932
11499403
11499928
11501063
11501925
11503175
11504386
11504524
11505731
11506097
11506402
11506587
11507007
11507477
11507936
11508133
11508761
11509331
11510086
11511265
11512103
11513086
11513473
11513729
11514589
11514735
11515111
11515713
11516220
11516407
11516486
11517001
11517157
11517529
11518270
11521411
11521435
11521797
11522185
11522510
11524612
11525184
11525973
11527047
11527970
11530091
11530871
11531196
11531408
11531693
11531858
11531922
11533316
11533789
11533961
11538311
11539376
11539589
11540937
11542286
11544213
11544253
11544669
11545051
11545929
11546683
11548152
11548359
11548559
11548779
11550242
11550554
11551973
11556508
11560042
11561342
11562664
11563668
11566866
11568098
11568237
11569468
11569962
11570572
11570725
11571037
11572622
11574618
11575305
11575516
11576011
11576210
11578418
11578822
11578982
11580099
11580371
11581399
11582920
11582935
11583396
11584758
11585043
11585496
11587374
11589022
11589148
11589923
11591410
11592080
11593077
11593368
11594144
11596207
11596689
11597740
11598366
11598673
11599103
11601075
11601319
11601961
11602112
11603067
11603667
11604509
11605597
11605696
11607151
11607368
11608501
11610373
11610580
11611104
11611106
11611439
11611452
11611472
11612198
11613034
11613041
11614077
11614161
11615097
11615219
11615243
11616971
11617166
11619142
11619916
11619940
11620145
11621992
11624038
11628493
11628559
11629025
11629881
11630540
11630783
11631410
11632374
11632435
11632704
11633621
11634728
11635206
11636080
11636509
11637105
11637197
11637545
11638321
11638855
11639133
11639990
11640513
11641293
11641671
11641761
11644801
11645862
11646326
11646929
11647835
11648506
11649014
11649248
11649461
11649901
11650848
11652540
11653179
11653538
11655222
11655309
11655360
11655433
11655924
11656362
11656783
11657019
11657447
11657695
11657867
11658960
11659320
11659848
11660465
11661509
11661606
11662502
11663581
11663827
11664109
11664118
11664134
11664947
11666479
11666545
11667047
11667277
11667421
11668732
11669332
11669398
11669470
11670755
11671115
11672270
11672802
11672811
11672840
11673983
11674089
11674312
11674662
11674715
11674722
11676071
11676242
11676604
11677021
11677061
11678062
11678750
11678985
11679148
11679178
11679265
11680224
11680607
11680811
11681351
11681361
11682083
11682229
11683848
11683993
11684113
11684175
11684239
11684401
11684731
11684828
11685175
11685205
11685294
11685403
11685623
11685755
11686174
11686234
11686455
11686511
11686967
11687384
11688118
11688125
11688568
11688751
11689018
11689325
11689535
11689966
11690639
11690949
11691272
11691424
11691465
11691469
11692029
11692120
11692167
11692198
11692203
11692621
11692657
11692696
11692721
11693095
11693340
11693441
11693682
11693858
11693892
11694322
11694851
11695042
11695069
11695072
11695084
11695089
11695200
11695777
11696813
11696891
11697120
11697706
11697763
11698320
11698487
11698895
11699025
11699317
11699329
11699481
11700058
11700165
11700229
11700464
11700509
11700591
11702269
11702617
11702858
11703112
11703121
11703577
11703779
11704072
11704393
11704713
11704882
11704938
11704973
11705185
11705373
11705598
11706087
11706353
11706653
11706767
11707088
11707187
11708036
11708042
11708096
11708247
11708367
11708735
11709241
11709391
11709494
11709529
11710332
11710429
11710561
11710622
11710923
11711834
11711982
11712324
11712663
11712685
11712847
11713117
11713979
11714031
11714174
11714183
11714969
11715228
11715635
11715761
11715794
11716035
11716601
11716858
11717183
11717330
11717687
11717724
11718107
11718313
11718400
11718663
11718709
11718953
11718960
11719070
11719249
11719355
11719669
11719699
11719990
11720222
11721034
11721281
11721508
11721789
11721908
11722106
11722602
11722756
11722918
11723001
11723018
11723352
11723607
11724054
11724105
11724251
11724888
11725157
11725286
11725579
11725750
11725899
11726039
11726042
11726135
11726315
11726498
11726766
11726951
11726956
11727463
11727612
11727807
11728788
11728792
11730553
11730847
11730865
11730987
11731295
11731318
11731686
11731767
11732497
11733341
11733845
11734011
11734341
11734539
11734638
11734786
11734920
11734921
11736009
11736123
11736856
11736993
11737315
11737432
11737934
11738602
11738604
11738771
11738993
11739829
11739991
11740397
11740507
11740925
11741299
11741432
11741738
11742408
11742471
11742764
11742832
11742873
11743514
11743702
11743848
11744125
11744238
11744408
11744431
11744476
11744644
11744815
11745073
11745127
11745263
11745302
11745769
11746151
11746438
11747391
11748850
11748957
11748968
11749070
11749802
11749977
11750171
11750401
11750699
11751042
11751067
11751533
11751903
11751913
11752319
11752410
11752576
11752776
11753356
11753748
11754087
11754821
11755569
11757169
11757706
11757798
11758635
11758750
11758776
11758799
11758842
11758987
11759173
11759182
11759195
11759322
11760325
11762785
11762895
11763683
11764698
11765218
11765849
11766178
11766352
11767073
11767395
11768149
11768237
11768623
11768629
11768886
11769129
11769606
11769645
11770346
11771380
11772637
11773001
11773614
11774140
11774786
11774944
11775413
11775455
11775468
11775687
11776631
11776929
11777311
11777379
11777571
11777794
11778920
11779244
11779458
11779890
11780027
11780227
11781522
11782137
11782180
11782223
11782362
11782442
11782699
11782900
11783312
11784046
11784165
11784219
11784453
11784622
11784703
11785635
11787157
11787337
11788081
11788323
11788503
11788941
11789558
11789780
11790253
11790954
11791811
11791846
11791941
11795037
11795372
11795438
11795463
11795801
11796361
11796520
11796714
11796795
11797036
11797857
11797983
11799026
11799198
11799233
11799586
11799756
11800227
11801311
11801911
11801959
11802236
11802551
11803513
11803725
11804307
11804534
11805204
11805413
11805662
11806035
11806039
11806466
11807216
11807763
11807844
11808510
11809700
11811255
11812359
11812662
11812796
11813080
11813574
11814353
11815248
11815360
11815498
11815583
11815763
11816442
11817247
11818936
11819428
11820088
11820981
11821118
11821485
11822096
11822124
11822547
11823760
11823871
11825055
11825209
11825351
11825499
11827647
11827895
11828602
11828679
11829790
11829897
11831033
11832062
11833636
11835297
11837230
11837366
11839257
11839510
11839765
11844070
11846340
11846670
11846727
11847310
11848370
11848579
11850278
11850644
11850895
11850992
11851875
11852821
11855946
11856564
11856578
11857914
11860826
11860837
11860852
11860902
11862187
11862329
11862739
11862954
11863736
11863905
11863981
11864134
11865383
11866988
11869121
11869947
11870880
11871672
11871759
11873425
11877866
11878447
11880514
11881679
11882810
11883204
11883310
11883577
11884358
11884601
11886194
11886357
11886838
11887326
11888660
11889159
11889313
11890011
11890683
11891949
11892145
11893622
11894459
11894881
11895235
11895328
11895641
11896342
11896453
11896528
11898195
11900036
11904296
11906503
11906550
11907706
11909579
11910190
11911228
11911810
11913249
11913468
11913781
11913870
11914296
11915547
11915697
11916062
11917010
11917323
11918699
11919163
11919348
11924005
11924163
11925323
11925894
11927322
11928893
11929780
11930902
11931531
11932466
11933117
11933614
11933664
11934098
11935171
11936151
11936516
11937228
11938825
11940474
11940718
11940751
11941997
11942214
11942310
11943214
11944446
11944504
11944944
11946613
11946938
11947180
11947618
11948834
11949443
11950272
11950388
11950746
11950999
11951573
11951888
11951925
11952242
11953291
11954069
11954400
11954521
11954897
11955274
11955543
11955557
11956219
11956937
11957066
11957092
11957403
11957464
11957541
11958495
11959198
11959299
11959880
11959888
11959961
11960183
11961829
11961895
11962040
11962958
11963737
11963968
11964278
11964295
11964467
11964534
11966873
11967893
11969101
11969106
11970107
11970168
11970226
11970227
11970371
11971250
11971881
11972060
11972223
11972759
11972823
11973176
11973691
11973928
11973995
11974520
11974792
11975660
11977257
11978275
11978488
11979157
11979203
11979674
11980635
11981476
11982024
11983269
11983876
11984003
11985295
11986164
11986409
11987220
11987842
11989044
11989243
11989268
11989707
11990380
11990488
11993077
11993771
11995342
11995703
11995969
11996133
11996511
11998237
11998789
11999000
11999550
12000973
12001201
12001658
12002963
12003072
12003414
12004178
12004337
12004720
12006792
12006932
12007041
12007206
12007380
12008470
12009272
12009549
12009751
12011432
12011602
12011673
12012224
12013019
12013810
12014248
12016992
12017749
12018438
12018513
12018605
12019482
12020360
12022807
12023025
12025726
12028160
12028161
12028822
12029435
12029661
12031565
12031571
12031766
12031972
12032335
12033180
12034539
12036045
12036322
12036439
12036839
12037363
12037567
12038716
12039008
12039029
12039170
12040091
12040801
12042865
12045270
12045490
12045842
12046764
12047777
12049346
12049851
12050431
12051469
12052279
12052705
12053526
12055609
12056016
12057667
12061602
12064371
12068193
12068228
12068586
12069646
12070677
12071478
12072935
12075324
12076270
12076712
12077159
12078564
12080927
12081161
12081481
12082656
12084319
12085834
12086634
12087687
12087733
12089290
12089678
12091954
12092463
12092970
12093921
12093964
12094176
12095781
12099643
12099725
12099857
12099890
12101220
12101658
12102250
12102360
12105474
12109044
12109076
12110526
12110787
12112250
12112693
12113093
12114954
12116915
12117894
12120260
12121850
12121992
12122438
12122697
12122721
12126319
12126332
12126992
12127120
12128132
12128411
12128659
12128682
12129511
12129693
12129704
12129993
12131049
12132039
12132864
12133772
12134795
12135271
12135386
12136512
12136593
12138266
12139572
12142553
12144512
12145568
12147387
12149202
12149896
