200
361
435
2172
2926
4206
4930
5172
6252
7383
7949
8998
9465
11938
11986
12069
12693
13276
16852
17843
18797
19214
19496
19644
19764
19878
19931
19954
20248
20631
20944
20948
20968
21058
21132
21147
21308
22048
22069
22320
23248
23662
24777
24971
25053
25416
25833
25919
26114
26371
26544
26768
26785
27114
27869
28567
28583
28884
30310
30430
30781
31511
32181
34464
35766
36649
36951
38465
41639
42723
43521
43576
43741
44069
44134
45017
45098
45978
46214
48374
49149
49273
49635
49837
51405
51565
51655
52639
53182
53676
60012
61478
62348
62382
62741
63875
65770
65962
67351
67978
68492
68521
69006
69301
70847
71971
72024
73250
75339
78968
81172
82613
83568
88071
91030
91523
93638
93735
94635
95102
97630
97701
100354
104069
105477
105994
111001
111059
111356
112303
112493
114896
115923
116279
117035
128888
130828
132474
135027
135205
135409
135572
135583
135631
135634
135639
135657
136234
136425
136510
136553
136774
136931
137382
137409
137601
137668
137700
138006
138045
138481
138546
138626
138635
138685
139039
139848
140019
140511
140566
140639
141142
142097
142620
145245
145246
145269
145321
145408
145607
145967
145978
146103
146593
146778
147283
149525
150942
151257
156613
160610
160886
160945
161280
161457
161585
161629
162038
162722
162795
163192
163282
163628
163829
164092
164926
165722
166004
166473
166665
167171
169460
169844
169920
173320
173602
174662
175212
179279
179726
180069
181201
181296
182669
182672
182877
183284
183364
183366
183455
183462
183506
183758
184079
184133
184135
184346
184780
185421
185463
185714
185915
186193
186428
187108
187270
187402
187799
187865
188175
189276
189619
189845
189888
190201
190383
190417
190707
191065
191192
191336
191375
191667
192642
192724
194037
198109
199082
203549
204095
205848
206988
206998
209037
218934
224389
227044
227326
230721
230802
230958
232973
235075
237488
238751
239610
242855
245339
245992
248738
256153
256524
260721
261338
261371
261996
262036
262068
262070
262289
262526
262967
263018
263571
264515
264789
265273
265327
265544
266280
268063
268292
269228
269347
270031
271274
272814
274830
280484
282669
282779
282819
284876
287535
287895
289173
292896
293209
294001
294210
298004
298298
298549
298852
300172
300183
300190
300721
300790
300908
301403
302007
302056
302371
302997
303787
307817
307953
308024
308179
309163
309377
309586
310028
310162
310293
311075
311553
312768
312835
313141
313207
313869
314270
316157
317471
317783
317893
318234
318445
319579
319681
321089
321449
322688
322991
323638
324171
324282
327245
327472
327559
327716
330726
331873
332020
332252
343697
343798
344005
344398
344502
344881
345100
345937
346030
346401
347306
348022
350184
351130
351580
353364
353640
354251
354605
354903
355148
355645
355776
356449
356517
356618
357162
357688
357801
361150
361193
361225
361370
362853
363615
365372
365657
365750
365821
366184
366454
366566
366568
366721
366736
370770
371191
373156
375094
378768
380678
380982
383359
383375
383583
383728
384415
384956
385199
385458
385469
385492
386255
386312
386429
386438
386534
386699
387712
388274
389133
389505
389610
389651
389877
392438
394280
394622
394713
395094
395225
395260
395377
395433
395449
396133
396377
396402
396481
396531
396883
397467
398140
398502
398859
398935
400282
400434
400544
401376
402721
402968
404675
405953
405980
406348
407715
408280
409418
411781
413033
413091
413152
413366
416904
425762
429111
434188
435036
436363
436829
437140
437289
437386
437480
438029
438847
439969
446899
448206
448578
449333
450196
451025
451704
451953
452284
452306
452416
453846
456497
459510
461672
463363
464491
466586
