2051
2465
3014
4813
6596
6694
8991
9285
9441
9465
9653
9829
10314
10334
10486
10643
11182
12076
12210
12304
12852
14598
14759
15166
15230
15532
15887
15969
16126
16799
17481
17570
17820
19260
19560
19713
20823
20946
21354
22791
24288
24293
24332
25308
26943
28650
29369
29538
29851
30409
30495
30498
31174
31479
31526
31905
32138
32522
34619
34828
35116
35947
36036
36543
36753
37544
37574
38826
39242
39466
39821
40852
40912
41538
43138
43296
44193
44608
45476
47044
48661
49354
52361
54055
55691
56352
57925
57933
58578
58659
59186
59799
60654
61680
61838
62042
62934
63672
63738
65006
65104
66494
67199
68803
69018
69108
69588
70463
70530
71901
73036
74004
75598
76298
81340
86382
87989
88072
88681
89307
90086
90393
90467
90635
91028
91385
91792
91987
92052
92841
93375
94486
95093
95630
95949
97067
97477
99232
99236
99724
100224
100643
100994
101025
101697
101789
102000
102133
104483
104993
107771
108127
109948
110117
110164
110291
110339
111370
111437
113135
117274
117644
117852
119986
120799
120844
124506
125119
125321
126793
127186
127496
128631
129828
130231
131438
131768
135589
135707
138487
138823
146520
146709
147776
148551
148765
150385
150890
151385
152528
152828
155095
155332
158651
159643
161303
161747
164276
164341
164398
164681
164954
165048
169052
170340
171470
173055
175053
175065
175246
175514
179047
182246
182696
182774
184153
187177
189028
190685
194848
195142
197778
198027
198225
199457
199486
200592
201033
201099
201437
202054
202913
203347
205230
207135
207953
209012
209282
210544
210915
213672
216787
218501
223477
224512
224544
225931
228134
232009
232266
234766
235306
235589
237700
239467
244004
245734
247359
248228
250092
250537
250763
252702
253797
254314
256353
256499
256545
266537
266712
267123
267857
269581
270243
273596
279020
280665
280973
286618
286687
287256
287775
291095
300589
300877
305118
305971
306273
307021
312606
314084
319121
319488
323362
323504
324329
325288
333066
333873
333965
337302
338093
340443
340881
341157
341411
342897
343485
343924
344373
345064
345157
345862
346170
346226
346466
346644
346778
347466
348199
348334
349074
349115
349405
349447
350338
350600
350745
351180
351551
351619
351676
351861
351913
353346
354271
357357
357642
359362
359572
365633
366264
368727
369161
369908
371610
372150
375818
377032
378895
379111
379794
384101
384898
387379
387861
388671
391068
391360
391387
393459
394783
395096
400690
406254
407156
408140
409011
410273
414928
415067
415109
417620
419654
420287
426946
436611
436884
437390
437487
437741
439082
439111
439414
439919
440047
441113
441510
441784
441831
442049
442112
442208
442344
442440
442451
442509
442562
442626
442940
443012
443106
443206
443307
443416
443448
443458
443536
443655
443761
443777
444078
444278
444436
444493
444526
444577
444812
444915
444940
444956
444979
445120
445189
446210
446213
446232
446246
446248
446493
447576
447616
447776
447811
447905
448362
448754
449101
449561
451174
451179
451688
452467
452701
453257
453263
456135
456430
458696
458705
459710
462786
463296
464253
464372
465239
468222
469528
470583
471039
471277
471343
471997
472063
474113
478458
479662
481923
482618
483562
484639
489101
489142
494923
495298
495470
496191
498857
498994
499701
500771
502732
502749
502907
502966
503091
504375
504477
504649
505201
505489
506318
507904
508430
512425
512682
513177
513934
514158
515704
516088
516244
517916
518246
518506
520862
521605
521825
521976
522954
526924
530781
533157
533298
536276
536311
536391
539469
540228
540823
540931
541164
541377
541485
541946
542723
542728
542890
543106
543140
544790
545896
551164
553070
554368
555767
555912
558002
559183
559637
560610
563573
563799
563856
565140
565905
565912
565999
566478
566504
566912
567149
567169
567182
568387
569399
569549
569692
569790
570234
570444
571602
571858
572608
573322
573385
573483
574122
574465
574526
575543
575659
576382
578093
580420
580526
581518
581564
581604
582333
582516
582689
583969
584523
585535
585992
586166
586613
586928
587072
587150
587189
587761
588520
588847
588971
589068
589499
590107
590225
590492
590862
