4915
9883
12778
21271
24188
25691
27846
30061
31329
32866
33361
33376
43554
44769
46238
52058
54270
55997
56486
57461
57665
57672
57802
60792
63949
64764
66364
67278
68474
69140
69562
70718
70902
72890
73647
74823
74882
77075
77605
77879
78023
81472
81778
82181
83628
84365
84442
84621
85270
85869
86094
86267
86268
86430
86545
92655
93161
93326
94336
102190
106934
114167
116112
116793
120893
122270
124194
125642
131663
134089
134141
134526
137813
145426
148911
148922
149595
149835
152143
153979
155538
160942
161598
162600
162797
162815
162980
163111
163245
163499
163986
164329
164453
164859
164948
165613
165881
166062
166075
166363
168080
168356
169064
169384
169844
170483
170968
171218
171619
171863
171898
173131
173304
174748
175374
176419
177527
180880
180949
181010
181615
188322
197175
197257
198339
198985
199123
199363
200819
203043
206366
206850
206884
207330
208286
209544
210521
212577
212617
213230
214007
214124
217446
217575
217624
217970
218179
218265
218391
218795
218846
219330
219502
219640
219748
220690
220969
221015
221587
221648
222602
222695
222696
222784
223152
223213
223300
223404
223703
224078
224913
225011
225545
225703
225759
225842
226255
227150
227177
227835
228351
228360
228455
228825
229710
231543
231615
231691
231725
233688
234085
234156
234428
237583
238422
238687
238742
238984
239202
240105
241165
241474
242152
242963
244543
245278
246826
246908
249383
249532
253137
253314
253600
255597
256437
256450
256609
256896
257300
257901
261614
262126
262135
263071
263130
263833
264226
264422
264574
265211
266281
266336
266479
267021
267731
268203
268498
269195
269212
272237
272869
273195
273456
275506
276862
279127
279134
279288
279341
280593
281122
282450
283667
283729
284040
284799
289327
289367
289606
292936
293125
293218
294979
295317
296030
296743
299128
302835
311630
311708
311753
311983
315665
315822
315941
316316
317771
319764
326330
326486
326738
327048
328401
329467
330744
332542
334036
337222
344277
347033
350764
350899
351289
354903
359509
361475
362443
362497
363384
366487
367354
367506
368051
368718
369601
369821
371834
372199
372346
374861
374903
374975
375081
375613
377331
377426
377810
378015
378237
378582
379096
380109
380796
383057
387509
392381
393515
394336
396187
397048
397286
398135
402637
403595
403684
405264
405535
407204
408493
408976
410445
410753
413133
414053
415599
416724
417658
417760
421049
422868
424022
425789
426107
426355
431924
432164
437182
437475
439754
439951
440263
441415
441480
442749
443370
443698
443855
444099
445212
445326
446245
448623
448959
449461
449537
449597
449730
450802
452768
453060
456394
456688
467445
470389
470559
472443
474221
474234
477385
480383
481126
481656
481800
482194
485154
485823
486912
488870
489639
489861
490413
490865
491274
491425
491877
491976
494735
494872
495882
496655
497149
497597
498084
501296
502242
503041
504584
505439
506041
506144
509922
512174
513663
514883
517118
517676
517876
520636
523318
524549
525224
525732
529043
529283
529602
530303
530443
534022
537817
539937
540565
541450
541509
541531
541993
542351
543191
543752
544233
545261
545820
546081
546162
546704
547389
550674
552455
552856
554418
556250
556274
556928
556936
560057
561180
562491
562822
563647
566966
567710
568166
568213
569728
570348
572383
575989
579269
580510
582822
584082
584508
584850
585972
586554
587359
588640
595960
598954
600378
600969
603245
603685
604067
609998
613046
613895
615940
617183
617488
621125
621242
621946
623158
623366
623584
627785
628173
631428
632059
637225
637936
641592
641639
641886
643195
644162
644598
649717
655901
657198
659008
660989
662538
662933
663186
671047
673708
674224
675686
676299
678028
678235
678299
679524
679603
