5244
12020
13448
13830
25228
27114
27146
29438
33074
33251
34792
34981
35991
37930
38361
38894
39213
41894
43970
44345
44699
45131
51885
52996
54350
54534
55442
58365
58442
62398
65534
65669
66171
66476
66788
69949
70628
71598
72172
72222
72581
78315
78830
82261
82401
85565
86561
87397
88645
89454
91118
91516
92033
92444
92901
94729
99130
99196
100785
101021
106398
107236
109973
113292
113402
114082
114697
114699
115782
116597
119363
122856
126659
128504
129592
129962
130991
131507
133019
133370
133941
134704
135637
136916
137241
142360
142430
143576
144426
145960
148287
150473
150700
151030
152232
155429
157002
158522
162068
162203
163378
163448
164262
165420
169954
171820
171890
173691
179380
179649
180890
182206
184134
185010
186521
189710
191623
191820
193956
195385
200237
204019
205545
209651
209955
210779
210986
214455
216226
216896
218044
218184
218256
223888
224448
224939
226220
226221
228373
229135
229540
229810
230196
234513
234743
236355
241382
242995
245295
245986
247057
247147
248046
248204
248748
250194
250278
250700
252389
252767
254056
255917
256538
256710
257674
259098
259904
260510
261128
261385
263981
264756
265808
267034
268790
270293
271259
272091
272909
276368
276487
277936
278322
278679
279352
279887
282333
283668
285369
286183
286552
289703
289875
291098
294901
299355
300237
302756
303024
305036
308101
309203
310082
311097
311638
311852
312919
313728
314372
315898
316064
317875
320076
325002
326111
326449
331493
331561
333066
333640
336953
340221
340328
340676
342808
343851
345100
346582
346952
347039
347075
350099
352612
353207
354357
358835
359748
363828
364544
366949
367936
368362
370571
371263
371545
374352
375342
376183
376445
376650
377012
379749
384647
384666
384859
387214
388797
389626
389877
390434
393091
395973
397843
401717
403791
404287
405949
406253
406626
407284
408653
409855
412602
414290
414969
422788
423833
427147
428862
432157
435078
436408
445057
445884
446785
448343
449467
450155
450841
451125
451340
453569
454575
455932
458181
458864
461035
462397
463539
463841
463863
468785
475936
476885
477052
477379
478136
480567
480651
481815
483318
484058
488729
491329
491531
491623
493439
493526
495805
496946
500771
501441
502728
503735
509085
509179
509944
511597
515272
516331
519266
519719
520415
523391
526539
527117
527120
527999
529672
530014
531774
535136
537332
540946
541222
548280
549884
553482
557563
558203
559786
561343
561926
563422
565804
568561
569032
569885
572070
573578
576376
577586
579612
580506
584505
585097
587113
589269
591908
591979
596108
599325
600917
601118
602115
603288
605368
606328
606946
609197
609702
610236
612908
616085
619840
622370
623351
623863
626802
627225
628509
628936
630627
631680
631712
631758
631779
639182
639510
639958
643237
644476
648990
649613
651120
653099
654987
659552
665948
666376
666696
668425
669595
669898
671041
672216
673115
674613
676840
679153
682490
682841
684823
685916
686772
686775
686867
687011
689111
690643
691323
691691
693071
694254
694827
696073
698572
698706
699603
699889
700880
701951
702018
702098
703236
704384
705051
705117
705753
706559
706808
709466
709996
710231
711411
711907
711964
713580
715270
715331
715767
717949
719912
721099
721721
724216
724504
727943
728684
729269
729777
731271
732863
733428
734368
734418
734733
734864
734951
737443
739417
739791
740715
740808
740901
741503
742132
742828
743129
743318
743569
743589
743806
743911
744184
746117
749321
749612
750282
751423
751646
752385
753439
753885
757209
757640
761021
761692
761928
762012
762221
762223
763312
764221
765463
766406
766746
767562
768285
769650
769935
770071
770519
771396
774618
775305
777094
777115
777231
777305
777436
777456
777921
779684
779863
780110
780322
782362
782547
785346
788314
788966
789129
790898
791491
791586
791819
792298
792835
792996
794170
795925
796320
796486
797088
797690
799799
800076
801100
801149
801746
803159
803949
806585
806955
807786
809372
809951
810404
810796
811103
811394
812304
813232
813877
814845
817571
817880
817922
817991
819027
820951
822327
822713
823196
823963
824870
828153
828809
830684
830835
831010
831211
832245
833890
834037
834244
836843
837510
838180
840218
841878
843964
844252
845037
845591
846949
848640
849151
850027
851069
853525
854339
855521
855776
856571
860107
861855
863490
863991
864153
865391
865510
866056
867549
869445
870252
870406
870955
871385
871399
871521
871884
872248
872432
872521
872706
872958
873848
874217
874784
874992
875309
875565
876475
878699
879844
879916
880262
882414
884862
886787
886978
887272
888457
889399
891573
893661
893840
893848
894305
894329
894610
898287
900017
900722
903682
904007
905888
905995
908606
909883
911604
913206
913852
915154
916218
916454
917070
919224
920263
920544
921722
922006
922332
922414
922842
924026
926075
926573
927421
929080
929586
934438
936617
937284
939370
939387
940047
942853
945057
946968
947828
951325
952640
953288
955655
955658
955942
956355
958665
958900
959020
961145
961747
961868
963278
963718
964004
966991
969520
971703
972110
976160
976309
977031
978890
979069
979188
980163
980259
982946
983111
983228
985375
987503
988825
990178
994590
996208
996618
996955
997446
998085
998186
998301
1000735
1000871
1001097
1001382
1002421
1002599
1003071
1003346
1004361
1004676
1006149
1006251
1006601
1007310
1007745
1007811
1008993
1011033
1012712
1012786
1016991
1019566
1020134
1020369
1020496
1022816
1023423
1023947
1025551
1026155
1028346
1029297
1030096
1031115
1031344
1031961
1036243
1036246
1037880
1038839
1039040
1040156
1046962
1048274
1048893
1049855
1050923
1053197
1053556
1054917
1055213
1055935
1057003
1057175
1057838
1062549
1062577
1062628
1063270
1064225
1067648
1070451
1070857
1072203
1072824
1072968
1073272
1073425
1073441
1074382
1076007
1076193
1076546
1078190
1078376
1079311
1081597
1081823
1083370
1084945
1086000
1086133
1091498
1095337
1103755
1104065
1104509
1105609
1107373
1108499
1110445
1112080
1112415
1112735
1112868
1114960
1115492
1116439
1116530
1117748
1119026
1122638
1124881
1125009
1126032
1129688
1130628
1131293
1132594
1133416
1133640
1134068
1135316
1137714
1139019
1141700
1142830
1143815
1144250
1145458
1145668
1146050
1146583
1148786
1148802
1151855
1152032
1152527
1154105
1158228
1158392
1162022
1165473
1166043
1169435
1170037
1170627
1171202
1175561
1175814
1175941
1176768
1177226
1178517
1178680
1178928
1179798
1180691
1181897
1182644
1185214
1188014
1189218
1189272
1194014
1194019
1194963
1196969
1200028
1200501
1203193
1203753
1204397
1206033
1206978
1207801
1209536
1209668
1214027
1214363
1214488
1216438
1217769
1219265
1220443
1220786
1221378
1224063
1226910
1229908
1231475
1232669
1232886
1234281
1234375
1234587
1235852
1237277
1237983
1238732
1241792
1243393
1247961
1250794
1254450
1256095
1257343
1257998
1262126
1263627
1266016
1270321
1270417
1274601
1274827
1277037
1280180
1281307
1283756
1284003
1285076
1289056
1289127
1289775
1291051
1291575
1292642
1295917
1298435
1299429
1300914
1302709
1303538
1303951
1305672
1308358
1309845
1310219
1311859
1313781
1313864
1314422
1314654
1316742
1318083
1319630
1320267
1320629
1325106
1325126
1325826
1330726
1330849
1330951
1333764
1335214
1336523
1336747
1337131
1342943
1345287
1345338
1347611
1350859
1353001
1355385
1355778
1358183
1358779
1361669
1361872
1365333
1365670
1365883
1367907
1368187
1371029
1373584
1373591
1377032
1378890
1381687
1381758
1381787
1382921
1386707
1389242
1391314
1392113
1396606
1399932
1402424
1402484
1402569
1402768
1404050
1405703
1406611
1411636
1411835
1412139
1414105
1415728
1416577
1419104
1420619
1423144
1425780
1425879
1425930
1428251
1428640
1430014
1432619
1433046
1433842
1434262
1434443
1436362
1436602
1436953
1437745
1439092
1439538
1443368
1443762
1443851
1444143
1445766
1455510
1457376
1461686
1462081
1462480
1463234
1465194
1467466
1468126
1469069
1470515
1470814
1471409
1473992
1475838
1476497
1476512
1477424
1478928
1480887
1481379
1482792
1483227
1485015
1485249
1485323
1485872
1488256
1488307
1489614
1490679
1493155
1494651
1494741
1495068
1497909
1499581
1500836
1500935
1501583
1504576
1505217
1509218
1510232
1510441
1512405
1514852
1516462
1517631
1518386
1518457
1519950
1525996
1526349
1527207
1528248
1529307
1529822
1532052
1533184
1533377
1536182
1536697
1538201
1541254
1541910
1543441
1545509
1547294
1548887
1550472
1551196
1551233
1551667
1557313
1558073
1561558
1562227
1564114
1564246
1570721
1571295
1584376
1585028
1587890
1590411
1593278
1595745
1597139
1597386
1598514
1600873
1603530
1604298
1604876
1605691
1607976
1608902
1609010
1615417
1615733
1618174
1618910
1622352
1622899
1623709
1625074
1629912
1637757
1639506
1641831
1645486
1646153
1646225
1649783
1652091
1656176
1656401
1660412
1662167
1675945
1677800
1680435
1683432
1690678
1690839
1692288
1692574
1693899
1694034
1694846
1696209
1696278
1698420
1699468
1699918
1700038
1700108
1700825
1701328
1701456
1701614
1702241
1702282
1702593
1702691
1703297
1703535
1703700
1704733
1704890
1706161
1706652
1706725
1707696
1708163
1708467
1710072
1710207
1710641
1710706
1711032
1711951
1712119
1712328
1713216
1713575
1713747
1714565
1714929
1714973
1715306
1715428
1716152
1717365
1717376
1717388
1717527
1719149
1719348
1720372
1721205
1721621
1721772
1722668
1725269
1726346
1726373
1727262
1730671
1731355
1731401
1732922
1733168
1733184
1734396
1737799
1739150
1741316
1743442
1744437
1745151
1746256
1748480
1748732
1748823
1752474
1753589
1755117
1756572
1756950
1757879
1761032
1763124
1764704
1766758
1768067
1768527
1769052
1769878
1770683
1771063
1771395
1772774
1774012
1774770
1776022
1777365
1779047
1779096
1780996
1782370
1782608
1782886
1787007
1789064
1789802
1791321
1791372
1793737
1796471
1796478
1798769
1799596
1800113
1800631
1802927
1803086
1803321
1804028
1804943
1806910
1808483
1811664
1811746
1813959
1814045
1814648
1815492
1815864
1817275
1818194
1818521
1819125
1820410
1820433
1820518
1820600
1820988
1823601
1828028
1828410
1829013
1829866
1830159
1833866
1835314
1835990
1836746
1837759
1839118
1839655
1840569
1844104
1844754
1845646
1849666
1853709
1854853
1857579
1858956
1861069
1861985
1861986
1865608
1866920
1867731
1869704
1869872
1872087
1872422
1877676
1879001
1879620
1879713
1881263
1881797
1882780
1886563
1888937
1889757
1890801
1893710
1898101
1898720
1902123
1903192
1903869
1904186
1904467
1904894
1905304
1906171
1906355
1907063
1907186
1907462
1911507
1912122
1917796
1917903
1918252
1919361
1921115
1922973
1924471
1927884
1930468
1930774
1931557
1931768
1932054
1933755
1935136
1936718
1937513
1938734
1939297
1943723
1945288
1949524
1950616
1953776
1954451
1960407
1961398
1962942
1963378
1964853
1965379
1966552
1966604
1967395
1968841
1971822
1976121
1976129
1980860
1981599
1982455
1985860
2000483
2003481
2006580
2006604
2010361
2011466
2012435
2012644
2014882
2017459
2017580
2017947
2021354
2023298
2026097
2028983
2030831
2031701
2032924
2033466
2035448
2040396
2041309
2041828
2042583
2042829
2048327
2048862
2051578
2054958
2057141
2059067
2059196
2061748
2062456
2066336
2066533
2066613
2068041
2068689
2069310
2069644
2070651
2073712
2078560
2079736
2082930
2083224
2084682
2090794
2092735
2094258
2096989
2098253
2098935
2100027
2100810
2104359
2104748
2104855
2105403
2106383
2107122
2107210
2110979
2111638
2112517
2115177
2115984
2118333
2119345
2124975
2128468
2129421
2131003
2131022
2131462
2135626
2135999
2138254
2140363
2142855
2142943
2143330
2146400
2149199
2149780
2150714
2156061
2161550
2164499
2169376
2172274
2174358
2180258
2182801
2186540
2191998
2198145
2203255
2208836
2210800
2211013
2211872
2214908
2215123
2215401
2218256
2218776
2220048
2222662
2224645
2224912
2225308
2227781
2229829
2230203
2230301
2230783
2230825
2232081
2233583
2238604
2239209
2241892
2244054
2244457
2245084
2246225
2254208
2255761
2256162
2259829
2259857
2260371
2261476
2261860
2263712
2264068
2266696
2266853
2267425
2269738
2269743
2270045
2271119
2271443
2271869
2276033
2276268
2276504
2276801
2277021
2277519
2278594
2280098
2280468
2281842
2282169
2282189
2282698
2283958
2284520
2284847
2285039
2285426
2286044
2288899
2291454
2293468
2296942
2297858
2300736
2302355
2303556
2308258
2310501
2311263
2313314
2313922
2315719
2320337
2321114
2326030
2327235
2327247
2327610
2328291
2329231
2330907
2330986
2333770
2334887
2335237
2336571
2336854
2338890
2340610
2341967
2342779
2343259
2343696
2350915
2355699
2356897
2356937
2357142
2357755
2360481
2360781
2360814
2362192
2362322
2366034
2366502
2366895
2368817
2369551
2369680
2372204
2375389
2377166
2379062
2379170
2379754
2379871
2380854
2381400
2381494
2382195
2382986
2387151
2387263
2388014
2390633
2392319
2393589
2394049
2394382
2395077
2396749
2397299
2403558
2404021
2407834
2408329
2408930
2413271
2414916
2415870
2415899
2418349
2418610
2420714
2423705
2427320
2432044
2436795
2437096
2437928
2438256
2439064
2439241
2440149
2440663
2441692
2442111
2442701
2445624
2445822
2445843
2448222
2448287
2450338
2450512
2454956
2456433
2456879
2458507
2459321
2460567
2460592
2462495
2462850
2463172
2464940
2465746
2471576
2479466
2484832
2485813
2487626
2489291
2490421
2491227
2491493
2491768
2492090
2492333
2494303
2494369
2496039
2497476
2498486
2501080
2506691
2508252
2510806
2511108
2511434
2512331
2512593
2515869
2516174
2517425
2517617
2517889
2520021
2521050
2524457
2525784
2528292
2530277
2530457
2533193
2533717
2536859
2538613
2539973
2547994
2548519
2548655
2549605
2550020
2550091
2550642
2551108
2551874
2553240
2553731
2554481
2554644
2559431
2559828
2563113
2566095
2567229
2568776
2569098
2570896
2571900
2573977
2578676
2582764
2583607
2583993
2584124
2586277
2586685
2589209
2590292
2590369
2590496
2595547
2595670
2595932
2596432
2597367
2598170
2599163
2599296
2599799
2599811
2600763
2600764
2600857
2601042
2602845
2612401
2615163
2615879
2616394
2617403
2617486
2618419
2619589
2620439
2621735
2621738
2622810
2623535
2624811
2626113
2626801
2627007
2628794
2633604
2636767
2637508
2637838
2638546
2639910
2640450
2640458
2643715
2643861
2645002
2645642
2647396
2648970
2650438
2652058
2652230
2653628
2656217
2657956
2659006
2659508
2659676
2661679
2662509
2663078
2663941
2665603
2666248
2666765
2667139
2675773
2677989
2679543
2680291
2680885
2683262
2683381
2685175
2687292
2688657
2689609
2690234
2692797
2692835
2693088
2694121
2696433
2696619
2699900
2701231
2701298
2703541
2705075
2709471
2710774
2711669
2713211
2713238
2715446
2716707
2716776
2720495
2725737
2725809
2733639
2735333
2740114
2744073
2750893
2753757
2757641
2764531
2768949
2768956
2769917
2771690
2772926
2774404
2776277
2777518
2778094
2782452
2784988
2785282
2785545
2785924
2786776
2787003
2788036
2788066
2788168
2788393
2789547
2794456
2794767
2796263
2796346
2797295
2799649
2802031
2806629
2806691
2807477
2812505
2815447
2817965
2820659
2823258
2823293
2826124
2827438
2828654
2829390
2829982
2831372
2832080
2832290
2838233
2838667
2840936
2841754
2842902
2844620
2845054
2847314
2847731
2848737
2853059
2854161
2855115
2858399
2859346
2859730
2861548
2863142
2864162
2865802
2867424
2868497
2872001
2872415
2874048
2877397
2878158
2878324
2879429
2884255
2890231
2891102
2892301
2894073
2896051
2897219
2897625
2898261
2899004
2899273
2899955
2907026
2907814
2908717
2909380
2909974
2911348
2911869
2914528
2915653
2917234
2919020
2919256
2921844
2928549
2931762
2932303
2933576
2935458
2938911
2939727
2940813
2940992
2941503
2942327
2943172
2943466
2948030
2948504
2951961
2951971
2952225
2952752
2957950
2961623
2963841
2965582
2966737
2967035
2968666
2970598
2972997
2974801
2980029
2980187
2985708
2986689
2987007
2989460
2991987
2991997
2996234
2997576
3001090
3002506
3003946
3004377
3006678
3011615
3014666
3017463
3020153
3021788
3024198
3025782
3027557
3028303
3030555
3031187
3032184
3035846
3038680
3039484
3042457
3046635
3067388
3067885
3069026
3069807
3072438
3075025
3076534
3081381
3087181
3089460
3090811
3092286
3092624
3094040
3095723
3096068
3098521
3100706
3100762
3104728
3109980
3110384
3112762
3114165
3117777
3122520
3123453
3124525
3125289
3126145
3127134
3127855
3129915
3132175
3132296
3136705
3137403
3140124
3141028
3141851
3142948
3143466
3144950
3145810
3146812
3151300
3152456
3154194
3154400
3154888
3156474
3156737
3158538
3158890
3158923
3158928
3159570
3164798
3168557
3168989
3170009
3171151
3175169
3178368
3179217
3179339
3181329
3188967
3190723
3191968
3192519
3195843
3196968
3200176
3201689
3202705
3203220
3205282
3205620
3207556
3208842
3209175
3211213
3211720
3213288
3215446
3217002
3218129
3219883
3220530
3225779
3228217
3234643
3235505
3242551
3242630
3245399
3248277
3248370
3251039
3251143
3251158
3251168
3251737
3253020
3255476
3255752
3256137
3262232
3265506
3268377
3270255
3272241
3281475
3281509
3282853
3287668
3290308
3292347
3292920
3295661
3298284
3300406
3302226
3303149
3304283
3304953
3305003
3305830
3312407
3314502
3315528
3316828
3319775
3323367
3323649
3326227
3326602
3328427
3331450
3335125
3336497
3345679
3345995
3348588
3349925
3351082
3352458
3353395
3358809
3359058
3359074
3361128
3364454
3374635
3376629
3385331
3390887
3393060
3393436
3397916
3398317
3398461
3398850
3403077
3403217
3403454
3407698
3410431
3412497
3414405
3427518
3428783
3432434
3433375
3434099
3438765
3440353
3441792
3442640
3444174
3446448
3447549
3448831
3449770
3450569
3451633
3452326
3453176
3457731
3459409
3462136
3463248
3464220
3464360
3466833
3468864
3475330
3475700
3475923
3475972
3477093
3477261
3479327
3480010
3480221
3483242
3485057
3485892
3486794
3486902
3488850
3491105
3493544
3493567
3495035
3495232
3495401
3495752
3496350
3496389
3496983
3497827
3499083
3501160
3501371
3502526
3504723
3505380
3507855
3508606
3509339
3509602
3516092
3516129
3519153
3519230
3522105
3522231
3522314
3528074
3528320
3528452
3529029
3529374
3530648
3530767
3534497
3535014
3535460
3535896
3536314
3536926
3536970
3538637
3540675
3543102
3544482
3545422
3545467
3545832
3546343
3548071
3549433
3550098
3550240
3553442
3555101
3556240
3557801
3559840
3561582
3562764
3563202
3563321
3564914
3569952
3572822
3573571
3573706
3574035
3574049
3576105
3576543
3578264
3578301
3580558
3582370
3583044
3583206
3585116
3585611
3586161
3586752
3587591
3589340
3589380
3589858
3590029
3590199
3590723
3592801
3593444
3594083
3594916
3595087
3595615
3599441
3603850
3604197
3605987
3606251
3608636
3608866
3609716
3612749
3613754
3614795
3615073
3615375
3616177
3616725
3618387
3621541
3621923
3624006
3624169
3624877
3625359
3626457
3626482
3626973
3627177
3629362
3629406
3629499
3629769
3633325
3635034
3635205
3638125
3639011
3639211
3639278
3639979
3641055
3642421
3642688
3643172
3643488
3645664
3646490
3647105
3647950
3651631
3652600
3653017
3653434
3653578
3654425
3654947
3656175
3659912
3660310
3661455
3661462
3661920
3661961
3664186
3666298
3670828
3671547
3671867
3674495
3675570
3675575
3677059
3677130
3677402
3678594
3678652
3679568
3681333
3681504
3682410
3683252
3685049
3685787
3686498
3687025
3687436
3689674
3689677
3691147
3692338
3692490
3694920
3695254
3695598
3696316
3696516
3698620
3698889
3699097
3700881
3701867
3703308
3703782
3705873
3708418
3708956
3709131
3710769
3711568
3712595
3712646
3716430
3716967
3717699
3719131
3719234
3720565
3721365
3722372
3723045
3723602
3725022
3729202
3729404
3730151
3731763
3732091
3732686
3734413
3734949
3735900
3739253
3739620
3740636
3742530
3744441
3746722
3746804
3747677
3747842
3748152
3749595
3751081
3751780
3751850
3752325
3753670
3754920
3756271
3757579
3757755
3759137
3759193
3760680
3760969
3761349
3761458
3761958
3762147
3764557
3764685
3765910
3767112
3767716
3768937
3769388
3770672
3772118
3775432
3777740
3778468
3779357
3780001
3780211
3781034
3783519
3783873
3784467
3787589
3789471
3793401
3796725
3797032
3799230
3799427
3800760
3801091
3801963
3802119
3802880
3804750
3804866
3808402
3809770
3810201
3811687
3815838
3816451
3817065
3824301
3828902
3829524
3832035
3832066
3832868
3833922
3838290
3839214
3841103
3842843
3842865
3843386
3843715
3843941
3846489
3848445
3849206
3850829
3853873
3854814
3861332
3864965
3865981
3868661
3868765
3869648
3871208
3872380
3874578
3878766
3879002
3879660
3879664
3881855
3884737
3885638
3886579
3886661
3887160
3887811
3890260
3893991
3894707
3895495
3898111
3900636
3902384
3909286
3909851
3912963
3914051
3916580
3916587
3917472
3918297
3920007
3920813
3930368
3934652
3936351
3940354
3942529
3945390
3948536
3953941
3954571
3954686
3955282
3956236
3958264
3959233
3961086
3961507
3963028
3963093
3963516
3964221
3967926
3968822
3969995
3975225
3979500
3980903
3981033
3989828
3989850
3989996
3997608
4002611
4010992
4011021
4012193
4015631
4016991
4018214
4019027
4024321
4026555
4027302
4028059
4032951
4033879
4034512
4034892
4035609
4040187
4041599
4044057
4045228
4046109
4046380
4046472
4047365
4048911
4050216
4053012
4053187
4058619
4062135
4062787
4062845
4063612
4069901
4072261
4075300
4079822
4080225
4080658
4083166
4084326
4084981
4085045
4097381
4101788
4104228
4105795
4106673
4108171
4108827
4109255
4109855
4111038
4115460
4116679
4116868
4117486
4117922
4120257
4120755
4124288
4125605
4127033
4127843
4131560
4132255
4132455
4133862
4137397
4138925
4139615
4144521
4144931
4147173
4148039
4149845
4151680
4154209
4157216
4159110
4162806
4164611
4164952
4165344
4165688
4167591
4168491
4175355
4175543
4178744
4178821
4185000
4186819
4190373
4192321
4194729
4195268
4195904
4201092
4201222
4201451
4202090
4206235
4208651
4213342
4213771
4215606
4215863
4216490
4218119
4219708
4222516
4222560
4222909
4223323
4223737
4225571
4225623
4227025
4228477
4228796
4233141
4241708
4242127
4242498
4243703
4243714
4244111
4246704
4251156
4260132
4262298
4263187
4264629
4267529
4269679
4270459
4271751
4274775
4274846
4276695
4277937
4282040
4282514
4283175
4286466
4294869
4298947
4299006
4300379
4300461
4301307
4302263
4303192
4305211
4305288
4306259
4306362
4306642
4307400
4310281
4311582
4311658
4312261
4313154
4314090
4314150
4317955
4320492
4322418
4326705
4328976
4330025
4330735
4330746
4331093
4332329
4333784
4334260
4335499
4338413
4339016
4339327
4340847
4341011
4341212
4341362
4342534
4343819
4345103
4346142
4346938
4349429
4351130
4351460
4352087
4352643
4353800
4354092
4358336
4358459
4358966
4359346
4362793
4363056
4366913
4371476
4371996
4372560
4378543
4379404
4380358
4380816
4384770
4384827
4385707
4386300
4386305
4386440
4389832
4390257
4394339
4395519
4397476
4403992
4404010
4407516
4408284
4409743
4409843
4411972
4413206
4413921
4414459
4415062
4417684
4418702
4419430
4421422
4424267
4428130
4428995
4429769
4431927
4435256
4437865
4438490
4442896
4443120
4443143
4445392
4446480
4447179
4448332
4449089
4455371
4456425
4456964
4457338
4464071
4466993
4468845
4469010
4475515
4475573
4477054
4477101
4477407
4479237
4481562
4481857
4481959
4483170
4483313
4486969
4488232
4490261
4497008
4498974
4503181
4507990
4508974
4509404
4511688
4515002
4517410
4518040
4518510
4521439
4524348
4528279
4529685
4529718
4530628
4530789
4531320
4537645
4537813
4539043
4539170
4544361
4544825
4544880
4547525
4548201
4548611
4549766
4550779
4552600
4552710
4553700
4554131
4555304
4556390
4557433
4557940
4561446
4565582
4565635
4569133
4570386
4571636
4573385
4574424
4579481
4580175
4585977
4587472
4592585
4594763
4597347
4599941
4602202
4602844
4603416
4604656
4604736
4605525
4608308
4609191
4613734
4614093
4614548
4614655
4615424
4617213
4617696
4618178
4622759
4624509
4624866
4625042
4625527
4628826
4628908
4632285
4634211
4634936
4636574
4636900
4638647
4641022
4642253
4644000
4644288
4646460
4647826
4648039
4651390
4651726
4651820
4653059
4653166
4654030
4655739
4656368
4657300
4659509
4661674
4662132
4663175
4664310
4664419
4666681
4667835
4670823
4672306
4672475
4674309
4674575
4674754
4675333
4677411
4678291
4678478
4679075
4679219
4681989
4683663
4683754
4683822
4684818
4686433
4687593
4688580
4689605
4690292
4696405
4696846
4698054
4699635
4700976
4701650
4703491
4704666
4710612
4713509
4715913
4717618
4720178
4720421
4722019
4725990
4726593
4727636
4730617
4730897
4731560
4735143
4739917
4742843
4743451
4745432
4750517
4753377
4753664
4754043
4755082
4755273
4758117
4762765
4765155
4765826
4765902
4768091
4772592
4773894
4774824
4777552
4777642
4778093
4779367
4779896
4785394
4785424
4786622
4795992
4797298
4800218
4800429
4800711
4802328
4802471
4804412
4807541
4808648
4819220
4819498
4820958
4826609
4826724
4829886
4834238
4838977
4843597
4844932
4845100
4845557
4845842
4847935
4849371
4849556
4851403
4853175
4856012
4856864
4858095
4859191
4860085
4863821
4863941
4865934
4871122
4871454
4877723
4878457
4879535
4889286
4891999
4895221
4896464
4897573
4901118
4902024
4902181
4903546
4912698
4924063
4928183
4930114
4932904
4932907
4934667
4935319
4942650
4942879
4943086
4943523
4945071
4946471
4946815
4951542
4951981
4952443
4953673
4954137
4954228
4954724
4958188
4959701
4960742
4963878
4964328
4966449
4967000
4967415
4967515
4970253
4971718
4972882
4973260
4975830
4977274
4977999
4983788
4984311
4984420
4984451
4997231
4999450
5000217
5001750
5003337
5007038
5007975
5008761
5011663
5011887
5013151
5015021
5015577
5015817
5016018
5017000
5017788
5020283
5020355
5026419
5027263
5028165
5029019
5029948
5030113
5030998
5031522
5032890
5039377
5042941
5043440
5044588
5047393
5048511
5051464
5054130
5054808
5057343
5058656
5059312
5060034
5070093
5073395
5073846
5078239
5080998
5082243
5085776
5089485
5092197
5099501
5099898
5100465
5106447
5106901
5107628
5109218
5109596
5111467
5111512
5111665
5113390
5113431
5119244
5119714
5119975
5125485
5125781
5126185
5126406
5126578
5128456
5129004
5130337
5131811
5136219
5136337
5137750
5138744
5140155
5143330
5144581
5145278
5146277
5148119
5149421
5152764
5155096
5155181
5155524
5156436
5157319
5159866
5160893
5161640
5162607
5166870
5167004
5169742
5173848
5174121
5176940
5177145
5177302
5177841
5178232
5180162
5180267
5181266
5184291
5185055
5188111
5188588
5188987
5189757
5189771
5192779
5193609
5195842
5199926
5200415
5203521
5203697
5204033
5207466
5209958
5211550
5213836
5214596
5215193
5215407
5215676
5216969
5219632
5219986
5223913
5227105
5229283
5231571
5231724
5234417
5236942
5237084
5237335
5237655
5240118
5242118
5242274
5245932
5246206
5246746
5248164
5248671
5249292
5250367
5250698
5254165
5254540
5256283
5256310
5256503
5256656
5256828
5257054
5257393
5260554
5261005
5261328
5262168
5263005
5264824
5266144
5268597
5268974
5270543
5271237
5273623
5275581
5276989
5277653
5281215
5281656
5282547
5284063
5284644
5286926
5287949
5289078
5290239
5291063
5292146
5295695
5295822
5298053
5298213
5299506
5300163
5300717
5300890
5302291
5302409
5303515
5307734
5309056
5311098
5312372
5316019
5317053
5318390
5319440
5320154
5324564
5325586
5328311
5328941
5329984
5331485
5331564
5333102
5333151
5333314
5335212
5339955
5344476
5348410
5350022
5350990
5352457
5353340
5353896
5353986
5354702
5357218
5361589
5364715
5368421
5369109
5369942
5371424
5373292
5373887
5373989
5377056
5377507
5383673
5384024
5385192
5387862
5388124
5390046
5398525
5405609
5408090
5409955
5418584
5419447
5424908
5426094
5426735
5428171
5430108
5435589
5443284
5446686
5454196
5455578
5460267
5461196
5462751
5470486
5471875
5472664
5477718
5483463
5492905
5494425
5498633
5499896
5501151
5501254
5501944
5502317
5503250
5503378
5505769
5509520
5512682
5513510
5515451
5516014
5516243
5517265
5517498
5517946
5519592
5519619
5522617
5522798
5524031
5524391
5524531
5528439
5530751
5538119
5542707
5542939
5543736
5545496
5547719
5548874
5551041
5552837
5553415
5554233
5556350
5557663
5557878
5558161
5562958
5565281
5565664
5566255
5566498
5568124
5569300
5570069
5572834
5578038
5581092
5582307
5583695
5584164
5584188
5584613
5584740
5590256
5592027
5592684
5596381
5596688
5598977
5602586
5605789
5607125
5608641
5609443
5610466
5612141
5612304
5613896
5614934
5615561
5615869
5617469
5617630
5619765
5620051
5622218
5626235
5626329
5628990
5630996
5633749
5636568
5640575
5641545
5642826
5648712
5649260
5650862
5651881
5654405
5654524
5658280
5659316
5661595
5668672
5671569
5672787
5674903
5680471
5682717
5682899
5685207
5685736
5688350
5691981
5694364
5696837
5698974
5699773
5703368
5704897
5710032
5714419
5715904
5723407
5723453
5727275
5734094
5735279
5738517
5738891
5739969
5740941
5742670
5743219
5746838
5747646
5749307
5752942
5753782
5754815
5759692
5759807
5762487
5763095
5765032
5765375
5765860
5765971
5769666
5770011
5770138
5774048
5775587
5775923
5776169
5777074
5778057
5783010
5786608
5787216
5787409
5787811
5788183
5789607
5792382
5793486
5802167
5803231
5803924
5803953
5804327
5808450
5810290
5811066
5817629
5817836
5817846
5823218
5824741
5825431
5828656
5828714
5829052
5830455
5836722
5836725
5840989
5841719
5841816
5844330
5844443
5846327
5846337
5847108
5847309
5847413
5851014
5856627
5857248
5858661
5859350
5859424
5861127
5861491
5861584
5864060
5864301
5867615
5869551
5872118
5872187
5877753
5883941
5883973
5887594
5887676
5889885
5890371
5890683
5890875
5891739
5892532
5892633
5893962
5894516
5895887
5896476
5898319
5899889
5900071
5902347
5903267
5903279
5905098
5905686
5906928
5910218
5910568
5912133
5913693
5914759
5914815
5917289
5917298
5917783
5919154
5921765
5922739
5923241
5926196
5927356
5929155
5929965
5934282
5934930
5935071
5936985
5937506
5939004
5939444
5942301
5945305
5945771
5948624
5948955
5949130
5951125
5952212
5953830
5953837
5954278
5955333
5957202
5959875
5961541
5961806
5962079
5964636
5966724
5967143
5967598
5967816
5968237
5969459
5969988
5970203
5971730
5974423
5981078
5981448
5981978
5982083
5982283
5987823
5991533
5991976
5992431
5993388
5994638
5998957
6000513
6004439
6006920
6008132
6008961
6012334
6016872
6017529
6018007
6022145
6022152
6022641
6024342
6024619
6024849
6025464
6025813
6026998
6027513
6029083
6030763
6031401
6032933
6032979
6033144
6033821
6034218
6036355
6037798
6038540
6038855
6039974
6040466
6042963
6043277
6043807
6044745
6046549
6051027
6051551
6051619
6052060
6052090
6056440
6058282
6059394
6060004
6060850
6061905
6064890
6066867
6067953
6067967
6069960
6070028
6070923
6071351
6072385
6074464
6074909
6075227
6075518
6078460
6079202
6079387
6079908
6080016
6080637
6080664
6081912
6082150
6083058
6083140
6083331
6083929
6084171
6088190
6089293
6089441
6089784
6089969
6090115
6090242
6090900
6091832
6093618
6093913
6095432
6095845
6098422
6099302
6100943
6101295
6104557
6104810
6105190
6106461
6111308
6113601
6114199
6114559
6115137
6119725
6123170
6124657
6126611
6127821
6130304
6134374
6136223
6136957
6137285
6140571
6140946
6142056
6143815
6144135
6145096
6147430
6150281
6150776
6153808
6154921
6155481
6156307
6157267
6157911
6158926
6159591
6159661
6162124
6163562
6163780
6167991
6168501
6168855
6169611
6170438
6171469
6172940
6173902
6176480
6177284
6179308
6186695
6187340
6189504
6191242
6192655
6195526
6197309
6201881
6202050
6204565
6204776
6205334
6206495
6208693
6210309
6214549
6220560
6223797
6224198
6224769
6226789
6226954
6228297
6235861
6236999
6245751
6246099
6246292
6248557
6257485
6258828
6259679
6262414
6266038
6266990
6270610
6273364
6273726
6276426
6278563
6279961
6280431
6281465
6282660
6284708
6291653
6295502
6301330
6301984
6303311
6304041
6306982
6307553
6310355
6313465
6314837
6316678
6318152
6319215
6320509
6322357
6323184
6323259
6325256
6325414
6327112
6328172
6328631
6328632
6329083
6334551
6335919
6339113
6339630
6340917
6342481
6346623
6348417
6348624
6348868
6348976
6350622
6350929
6351719
6355423
6356806
6357779
6360575
6361409
6361861
6362643
6364274
6365329
6370083
6373511
6376511
6378547
6380770
6381800
6382561
6384201
6384483
6385483
6386681
6386797
6388833
6389829
6394867
6398496
6400657
6405444
6407664
6410614
6410923
6411314
6416795
6416954
6417282
6419522
6420842
6421586
6425828
6428874
6429559
6433930
6437314
6438815
6439246
6440519
6440687
6443178
6444259
6447822
6448167
6448945
6452898
6454175
6456014
6458539
6461570
6463185
6463676
6464436
6465133
6467593
6471394
6472881
6473943
6475175
6476567
6477191
6477346
6477610
6480630
6480998
6482883
6485965
6488858
6491531
6493061
6493237
6493879
6494771
6499088
6500110
6502745
6502761
6505653
6508344
6510956
6514934
6515280
6519471
6522072
6524773
6526597
6526832
6527036
6528975
6529031
6529257
6532754
6532818
6539313
6542920
6546082
6546402
6546722
6547480
6548394
6549156
6550061
6550392
6550518
6551044
6552499
6554625
6555251
6555374
6556940
6560072
6560303
6561847
6562708
6564404
6565283
6565682
6569783
6569973
6573523
6578765
6579882
6582411
6582592
6583348
6584497
6589270
6590431
6590533
6591429
6593080
6593107
6595376
6597479
6597500
6600844
6601214
6602740
6603836
6607243
6607278
6609149
6609477
6610012
6611844
6612384
6614143
6619158
6620331
6621046
6622080
6624390
6626989
6627517
6632199
6635757
6640266
6641003
6645106
6645307
6645842
6646222
6647095
6651645
6654357
6654795
6656221
6656698
6659285
6659399
6660569
6661315
6662783
6664323
6665996
6669900
6669934
6671656
6671802
6672739
6673765
6674382
6675986
6676656
6678545
6681222
6682022
6683441
6683443
6683698
6684204
6684245
6684862
6686227
6689399
6690828
6692830
6693786
6693895
6694364
6694693
6695804
6696913
6698287
6698366
6698656
6699855
6700306
6700670
6705811
6707242
6707366
6707680
6707767
6708515
6708941
6710038
6711155
6711270
6713627
6714573
6715985
6718385
6718570
6718675
6718755
6718797
6721026
6721378
6724801
6728876
6730504
6732003
6733580
6735062
6737631
6738193
6739393
6742250
6742779
6744477
6749034
6750032
6753157
6753444
6755524
6755628
6756324
6757530
6758011
6760213
6760931
6765007
6765523
6765804
6766222
6767589
6768919
6772746
6773408
6774125
6774210
6778193
6778459
6778607
6779541
6780338
6781777
6782433
6784105
6786036
6787996
6790567
6790739
6791147
6792095
6792282
6792634
6793591
6796484
6796766
6797754
6797891
6799470
6799841
6799974
6800611
6803177
6804234
6808126
6809145
6810346
6810641
6811389
6811630
6812423
6814331
6815192
6815438
6815729
6815786
6816715
6817031
6817075
6822899
6824163
6827457
6828039
6830569
6831229
6832675
6832686
6837331
6837944
6840619
6841371
6841869
6843005
6843342
6843575
6844633
6844887
6845644
6846343
6846498
6846727
6847323
6848085
6848267
6849297
6850874
6852255
6854088
6859251
6861492
6861635
6862433
6863646
6868986
6871503
6873844
6874641
6877925
6879277
6879586
6879713
6881075
6884426
6884837
6885492
6885637
6886732
6889877
6890183
6890350
6892699
6895164
6895224
6895595
6897288
6899218
6899657
6900645
6902360
6902405
6903289
6903711
6904379
6906125
6908706
6909079
6909498
6909946
6910608
6911637
6911729
6911831
6911841
6913202
6913313
6913468
6913919
6914525
6914956
6915289
6915621
6918902
6918963
6921672
6922962
6922989
6923359
6924647
6927193
6928141
6929857
6931348
6932419
6932538
6932569
6935985
6936428
6937577
6938926
6940817
6941101
6942163
6942399
6944481
6944843
6946208
6947382
6948353
6948623
6949709
6950581
6950849
6953450
6953877
6953947
6954309
6954527
6957753
6957773
6960873
6960908
6961051
6962975
6963173
6964232
6964511
6965312
6965374
6966420
6966770
6968325
6968549
6971390
6972116
6972572
6973010
6973040
6973125
6974802
6975187
6975697
6976782
6978539
6979979
6980981
6982984
6985627
6986553
6986592
6987326
6988555
6990516
6990867
6991336
6992528
6992918
6993061
6993229
6993566
6994616
6996359
6996631
6996911
6997876
7000428
7001338
7002154
7003496
7003609
7004538
7005107
7006306
7006511
7007597
7008523
7008757
7010063
7010660
7011440
7013485
7014293
7014789
7014946
7015676
7017143
7019837
7020774
7021685
7023591
7024759
7025918
7025973
7027381
7027714
7027900
7028655
7029516
7030099
7030928
7033100
7035168
7036596
7036943
7037413
7037617
7038945
7040854
7041360
7041976
7043721
7046349
7050756
7050817
7052825
7055033
7055764
7056356
7056738
7058719
7059667
7062448
7063800
7065253
7067192
7069389
7070286
7070789
7071292
7073852
7074672
7080798
7081756
7083600
7087577
7088278
7089264
7090966
7091029
7093190
7093611
7093929
7096427
7100302
7101888
7103240
7103435
7106355
7106719
7109107
7111573
7111920
7113494
7113808
7114313
7114400
7119292
7124111
7124123
7124495
7124519
7124731
7127288
7128351
7130325
7130810
7132763
7133801
7138041
7138355
7139420
7142655
7143063
7144590
7145585
7147501
7151204
7152418
7152628
7152889
7153527
7153845
7154960
7155392
7156663
7162982
7163723
7164273
7165048
7165150
7167934
7170650
7171543
7172479
7173690
7174263
7175459
7175555
7183666
7187741
7194444
7195870
7199062
7199295
7199845
7202386
7203515
7207479
7207543
7207898
7207986
7208492
7208893
7209058
7211020
7211807
7212294
7214179
7214551
7215389
7216309
7219485
7220637
7221517
7223203
7226046
7228215
7231637
7232316
7234814
7235236
7235293
7237420
7238623
7241334
7241644
7245004
7245839
7246890
7248718
7250083
7253530
7253963
7256718
7259926
7264326
7266029
7267499
7268998
7271693
7272626
7274706
7275246
7276179
7281246
7283120
7284018
7284099
7287555
7287721
7289690
7292389
7292601
7293002
7298296
7299289
7299974
7300125
7300362
7301992
7303128
7305661
7306671
7309009
7311989
7315814
7317211
7317652
7321880
7322361
7322697
7326210
7327273
7335778
7337667
7341640
7341675
7348881
7349035
7349298
7352252
7355613
7356746
7358604
7359830
7361059
7361200
7361616
7362102
7366172
7366415
7369461
7371127
7373024
7375280
7375599
7376781
7379360
7380941
7382208
7383182
7383291
7383677
7384687
7384843
7388412
7388886
7389176
7389391
7393569
7393615
7394150
7394565
7396392
7405079
7405513
7405751
7407820
7411975
7418130
7418482
7420380
7423768
7431508
7434881
7437331
7437814
7438308
7438668
7440173
7441093
7443157
7443555
7447412
7448526
7448699
7452091
7453185
7457879
7459922
7461552
7462064
7462724
7462734
7462872
7463524
7463958
7466645
7467268
7468176
7468659
7470716
7477106
7479878
7480520
7481775
7493270
7495188
7495419
7499349
7504130
7505245
7505547
7508654
7517564
7519787
7520533
7522241
7526572
7530697
7535743
7536319
7539409
7544715
7547137
7551328
7553159
7555515
7556997
7557539
7558068
7562520
7563653
7564208
7565321
7568400
7569955
7572781
7573738
7576403
7579631
7579923
7580114
7580977
7583579
7584216
7588355
7590435
7590868
7594520
7595836
7595907
7596512
7597133
7603704
7604992
7607465
7607585
7608774
7610829
7611032
7613400
7614796
7615458
7617011
7617627
7619616
7619879
7623202
7623402
7624871
7626222
7627369
7629726
7630095
7631527
7632046
7634336
7635491
7638709
7640655
7642399
7644576
7644676
7645839
7648484
7650071
7650355
7651212
7651232
7653270
7653979
7658052
7660637
7661226
7667932
7670646
7673873
7674360
7681610
7687050
7687853
7690354
7691059
7691553
7694287
7696548
7696798
7700272
7701009
7701223
7705710
7708708
7709047
7710346
7712207
7712407
7713152
7714265
7714952
7717077
7724280
7728425
7728990
7730344
7730502
7732304
7736250
7738096
7738629
7739029
7739643
7739844
7740666
7740938
7743105
7743625
7743908
7744410
7747540
7748688
7750296
7750336
7750747
7751053
7752616
7753231
7754269
7757999
7762092
7765187
7767081
7767920
7770002
7770109
7774617
7774858
7775120
7783676
7786028
7789750
7792531
7793727
7793740
7798519
7799331
7804178
7806550
7806784
7808452
7810167
7811415
7811715
7812054
7812627
7813521
7813786
7815718
7816081
7817427
7817955
7818151
7818531
7820128
7820878
7820977
7821993
7822569
7822845
7828115
7828956
7829397
7830810
7831249
7832910
7836758
7838079
7838506
7839307
7840314
7841387
7841906
7842504
7842863
7843271
7845012
7846988
7847410
7848504
7849387
7851115
7851537
7853078
7855301
7857030
7858368
7860817
7863296
7863854
7864862
7865004
7866102
7869880
7870518
7874087
7874278
7875649
7876169
7877410
7877630
7880855
7881241
7882754
7885291
7885613
7886684
7888747
7889334
7889804
7893906
7896316
7902401
7904581
7905681
7907224
7907522
7907598
7907697
7907897
7913567
7915388
7917660
7918853
7920721
7921727
7921736
7921967
7922477
7923152
7924825
7924902
7924922
7926260
7927040
7927086
7927683
7927911
7928492
7931716
7936474
7940306
7942996
7945861
7945970
7946185
7951204
7951430
7951754
7953529
7954079
7954879
7955805
7956292
7957414
7958767
7961479
7962695
7963014
7964246
7965042
7965825
7969555
7970880
7972684
7973751
7973779
7974681
7982191
7982348
7983831
7986297
7987368
7987466
7987530
7992421
7993524
7995612
7998401
8000543
8000577
8000908
8004369
8005002
8005115
8010877
8011701
8019382
8020959
8026619
8027117
8027361
8027804
8030179
8030773
8031882
8033030
8034635
8038552
8039013
8044518
8047056
8048932
8048991
8050453
8050781
8050955
8053826
8053900
8057689
8058833
8059917
8063561
8065406
8067810
8072935
8073573
8076377
8079169
8079217
8081054
8083866
8084968
8094206
8095061
8095786
8098136
8101270
8104704
8106749
8108009
8114460
8115084
8118214
8121493
8121496
8123502
8125279
8128585
8129871
8131689
8133283
8136425
8139652
8141902
8142663
8142701
8145371
8145447
8145565
8146537
8147623
8148858
8149608
8150199
8151138
8151848
8155549
8156322
8157684
8160427
8161646
8161926
8162636
8164318
8165674
8166334
8168983
8170787
8173601
8175718
8181584
8182813
8186021
8187691
8188988
8190893
8195859
8195985
8198228
8207235
8209539
8210547
8211117
8211128
8212817
8218787
8220407
8223905
8225865
8230449
8237853
8238746
8239783
8241718
8243196
8243881
8243907
8244313
8246179
8253426
8259619
8261888
8263582
8266803
8272714
8274927
8275222
8275604
8279509
8279702
8283370
8283578
8284119
8287366
8287614
8287832
8288739
8289816
8290916
8293894
8300313
8302089
8303186
8304237
8304471
8304920
8307090
8307362
8310568
8310725
8312802
8315250
8316149
8316907
8317328
8318376
8318467
8318932
8319188
8319834
8320775
8323615
8324256
8324734
8326811
8327480
8329037
8329448
8329600
8330621
8331785
8332618
8332758
8332912
8333039
8333569
8334710
8334968
8336347
8337084
8339815
8340117
8340668
8342183
8342675
8343003
8343983
8344601
8346978
8347230
8347362
8351003
8351026
8351729
8351756
8351928
8352238
8352347
8352810
8353453
8354377
8354758
8355041
8355610
8359447
8359553
8360670
8360740
8361224
8362800
8363771
8364032
8365668
8366573
8366713
8368805
8370974
8371307
8371735
8371978
8372425
8372663
8373213
8373334
8375375
8375520
8376665
8376732
8377448
8378888
8379375
8381189
8382690
8382759
8387668
8387832
8388608
8388895
8389632
8391029
8391145
8392158
8392409
8393051
8393517
8395738
8396973
8397111
8397355
8399346
8401937
8403159
8406865
8409646
8410282
8413299
8414480
8415074
8418238
8419230
8420726
8422069
8422483
8423440
8423920
8427073
8427447
8428710
8428805
8429827
8431151
8431387
8432683
8433652
8434477
8434752
8435022
8436255
8436838
8438172
8439172
8439195
8439790
8441352
8441875
8441927
8442073
8442426
8444745
8444854
8445620
8445843
8448760
8449439
8451845
8451979
8453032
8453055
8455413
8455611
8455900
8456035
8457637
8457902
8460807
8461097
8464242
8464917
8465645
8468433
8469676
8469778
8470521
8474569
8476333
8476471
8477638
8479076
8480560
8480940
8481046
8481060
8483936
8484251
8484683
8485586
8487552
8489761
8489841
8491202
8491688
8492255
8492626
8496073
8496362
8498897
8499791
8499830
8500201
8501163
8501993
8502658
8505384
8506544
8506689
8507669
8509147
8509501
8510840
8510913
8511099
8515329
8517235
8524651
8525484
8525854
8526984
8528291
8529538
8530432
8531059
8531550
8531752
8533056
8534252
8534418
8536804
8537549
8538541
8540299
8542490
8543235
8544992
8548107
8550097
8550311
8550429
8550738
8552139
8555495
8556731
8557678
8557967
8557970
8564639
8566057
8566094
8568018
8568785
8570755
8571608
8575801
8580077
8582609
8582867
8583369
8584146
8584808
8590287
8592705
8592880
8597874
8598879
8603705
8605347
8606943
8608876
8609513
8618277
8619248
8620385
8622979
8624139
8632876
8634949
8635266
8635998
8636164
8636505
8636879
8637389
8637631
8640910
8642498
8645207
8645241
8645682
8647294
8649738
8650090
8651428
8655933
8656084
8661019
8661372
8661407
8663411
8664315
8677779
8678287
8680680
8682098
8682771
8683825
8689633
8691209
8692962
8693033
8694188
8696221
8702401
8707612
8708440
8710572
8711611
8715312
8716236
8716382
8716955
8717267
8719375
8720438
8721614
8723157
8723301
8723554
8725791
8726831
8727132
8730109
8730538
8731670
8732336
8732593
8733323
8734101
8735736
8737069
8737153
8737513
8738010
8738163
8738563
8738931
8740070
8741418
8742819
8743719
8745547
8745627
8746070
8746335
8746774
8748859
8748908
8749052
8749426
8752835
8754131
8754260
8755326
8755555
8756154
8756212
8758340
8759376
8759540
8760270
8760481
8761042
8762089
8762359
8763351
8763764
8763819
8764182
8764420
8766590
8766911
8766990
8767257
8767461
8768951
8770743
8771592
8774846
8775609
8775850
8776930
8777342
8777607
8777914
8778244
8778542
8779124
8780051
8780829
8784333
8784468
8784674
8786014
8786905
8788663
8789449
8790400
8791736
8792724
8793316
8793326
8793332
8794516
8794845
8795942
8796867
8797075
8797579
8798393
8798446
8800928
8801584
8801817
8802906
8803653
8803806
8804549
8808145
8808735
8810391
8810835
8811289
8811536
8812322
8813109
8813158
8813770
8816116
8818508
8819888
8819920
8821014
8822133
8823408
8823902
8824269
8824992
8826320
8826968
8827974
8829042
8829826
8830112
8832582
8832849
8832909
8834903
8835909
8836271
8836935
8840230
8841077
8842080
8842921
8843261
8846342
8847989
8848677
8849333
8849924
8850197
8851173
8851273
8851746
8851777
8852340
8853884
8854565
8855982
8856349
8856952
8857007
8858311
8858889
8859610
8859737
8860069
8861482
8863034
8863774
8864492
8865449
8866985
8867370
8867997
8869666
8870215
8870722
8870875
8870904
8871079
8876297
8876663
8878304
8878326
8879745
8880826
8881771
8881980
8882796
8883694
8883834
8884501
8885901
8886938
8888154
8888202
8888543
8889004
8890092
8890246
8890379
8891876
8892961
8893423
8894186
8894647
8896265
8899279
8901732
8902627
8904917
8907012
8908336
8909399
8909858
8910309
8910790
8910843
8912208
8914113
8916494
8918205
8923939
8924335
8926680
8927356
8928828
8929244
8931316
8933386
8934823
8937013
8941395
8942523
8942609
8942844
8945319
8945600
8947655
8952524
8952860
8953370
8954417
8955647
8956799
8958443
8958449
8960827
8961834
8962406
8967155
8967522
8968853
8969433
8969648
8970374
8970591
8971703
8978058
8981006
8981397
8982307
8982663
8983619
8986907
8988715
8989012
8990128
8991162
8991919
8992759
8993789
8993901
8997301
8999468
9000061
9001168
9002170
9003538
9007353
9008776
9008861
9009188
9009398
9009538
9014805
9016950
9017107
9017237
9018293
9018442
9021140
9022666
9023402
9026036
9026696
9026777
9027672
9028577
9029142
9031991
9032051
9033224
9033303
9034042
9034753
9035467
9036564
9038355
9040393
9041962
9042617
9045715
9048697
9048714
9050414
9054524
9057210
9060499
9062265
9063168
9065942
9071320
9071770
9078044
9078613
9079825
9079869
9080083
9081655
9082953
9084034
9084537
9088932
9091838
9094418
9095695
9095814
9096665
9097980
9099762
9101400
9101488
9102612
9103890
9107114
9107772
9109922
9111791
9117301
9120635
9123246
9125562
9127964
9132746
9133819
9138682
9140506
9143587
9143877
9149447
9153336
9158150
9158942
9160113
9164074
9164138
9167329
9169113
9169153
9173419
9175147
9176208
9177018
9182081
9182565
9182639
9183331
9187074
9187813
9192076
9193741
9196665
9197656
9198388
9202441
9202964
9204777
9205371
9206274
9207530
9210985
9214679
9214771
9215930
9219060
9219197
9222774
9223468
9224293
9228947
9232092
9232224
9232420
9232991
9233768
9239200
9239977
9241199
9241658
9242179
9245613
9246469
9246669
9247123
9248660
9250170
9252096
9252848
9253091
9253347
9253965
9255641
9255783
9257296
9258061
9259645
9259657
9262885
9265306
9266251
9267243
9269423
9269666
9270976
9271677
9273201
9274751
9276262
9279238
9281820
9284613
9286926
9287327
9287769
9289320
9291844
9292409
9293328
9297935
9299352
9299408
9300671
9301083
9301099
9301656
9303706
9307701
9308279
9310448
9312272
9313515
9313653
9315773
9316054
9316568
9318548
9319178
9319996
9320024
9320513
9320698
9321281
9321481
9321955
9323609
9323623
9324453
9325821
9326207
9327090
9327789
9328113
9328405
9328573
9329411
9329789
9330122
9330836
9332479
9332909
9333530
9335378
9335767
9340995
9341089
9343858
9344670
9345113
9345779
9345960
9347144
9348191
9349388
9349465
9350888
9351721
9351953
9357774
9357801
9358842
9358971
9359034
9359172
9360086
9360841
9360922
9361000
9361371
9362898
9363079
9364259
9368583
9370155
9370345
9371394
9373208
9374200
9377327
9377691
9379812
9380059
9384768
9385960
9386289
9387464
9389701
9391409
9394559
9396319
9397066
9397883
9398103
9402288
9403211
9403397
9404858
9405236
9405429
9407357
9409413
9410976
9413426
9414375
9417741
9417768
9417873
9419047
9419235
9420292
9420445
9422876
9427346
9430151
9431752
9431879
9434066
9437555
9437865
9439802
9440701
9441153
9442103
9442925
9443006
9444961
9445393
9445769
9448264
9448771
9448987
9452765
9452905
9453145
9458939
9460517
9464857
9465007
9465316
9469957
9470012
9471913
9474962
9475152
9475581
9475935
9478049
9481542
9481588
9482429
9482807
9483552
9484053
9484470
9486134
9486651
9490690
9494250
9497043
9498424
9500059
9500383
9501787
9502350
9510509
9512197
9512938
9512990
9513138
9515330
9515707
9516136
9516299
9519447
9519608
9520880
9521987
9522721
9523808
9527202
9527375
9528418
9529964
9533068
9533316
9535381
9536676
9537960
9539484
9540337
9540614
9542461
9543827
9544659
9546304
9547086
9547546
9550404
9551515
9552211
9553892
9554459
9554800
9556372
9561866
9563014
9565620
9567342
9567957
9568246
9569048
9569449
9572213
9574891
9584955
9587067
9589514
9594810
9596164
9596450
9600502
9601413
9601781
9604049
9604369
9605404
9608914
9612760
9613338
9613975
9615113
9615831
9616966
9622499
9622698
9622720
9623046
9626809
9629261
9632253
9632908
9635575
9636464
9637223
9637305
9640049
9640988
9641564
9641817
9643543
9643842
9644188
9649270
9651838
9652082
9652632
9653051
9654461
9654549
9654994
9658910
9659394
9662490
9665867
9667313
9672753
9679431
9683353
9686302
9687858
9696485
9698514
9702140
9704785
9714823
9717590
9717880
9718256
9720579
9720807
9722566
9729450
9733183
9733689
9736943
9738445
9739932
9742482
9744711
9744740
9750146
9750746
9753140
9754654
9757319
9761896
9763590
9763664
9764322
9768418
9771051
9771061
9772575
9772952
9773643
9774175
9775000
9775388
9776601
9781499
9785669
9786260
9788077
9790734
9793558
9794778
9797894
9798211
9802195
9803557
9808439
9809139
9811777
9812699
9813978
9814114
9814503
9815168
9815578
9818249
9820863
9821953
9822480
9823609
9824729
9825295
9825434
9825519
9827430
9832280
9832713
9832746
9833238
9841920
9844920
9847117
9847669
9851676
9852374
9853101
9853400
9854475
9854907
9855868
9859669
9861776
9862939
9863752
9863812
9866523
9866541
9867520
9867657
9867661
9867968
9868823
9869975
9870517
9870911
9873944
9874065
9874949
9877492
9878272
9879059
9880100
9880104
9882169
9882219
9887479
9888082
9891127
9891331
9891585
9893127
9897003
9898203
9898852
9904715
9904767
9904822
9906012
9907638
9910323
9911487
9914188
9914985
9916076
9916703
9919381
9920581
9923789
9926705
9927724
9927880
9929003
9929537
9929821
9930784
9935336
9935650
9935744
9940066
9941715
9942099
9942169
9943769
9944410
9944654
9945781
9946130
9948016
9948348
9948593
9948836
9951537
9951981
9954554
9955267
9956924
9958012
9959765
9960477
9964785
9967105
9967674
9968603
9971162
9972102
9975725
9975740
9976033
9976218
9980090
9983784
9983815
9985112
9985170
9985404
9985915
9987365
9989385
9990728
9992193
9995114
9995448
9995763
9996837
9998941
9999216
10001209
10001306
10004749
10006450
10008009
10012000
10013357
10014135
10014716
10015732
10016393
10017559
10017687
10018554
10018984
10021439
10022259
10023935
10024102
10024533
10025192
10027017
10027248
10027492
10029580
10029756
10030116
10030891
10031814
10034345
10035021
10036099
10036195
10043111
10043968
10044205
10045215
10047238
10051216
10051975
10056038
10056243
10059457
10060545
10061244
10062173
10062554
10065510
10068258
10069060
10069176
10070379
10071217
10071268
10072763
10075539
10078888
10082194
10084023
10084939
10085034
10085635
10086229
10087085
10088165
10090460
10091802
10092785
10094579
10095286
10096153
10096551
10097892
10103362
10105278
10108531
10109668
10111069
10111266
10112012
10112692
10116278
10116817
10117572
10118468
10119262
10120765
10121021
10121397
10121564
10122762
10122974
10123515
10124132
10125670
10128827
10129306
10129686
10136383
10136822
10139284
10140000
10140743
10141920
10142300
10145004
10145399
10146845
10150935
10152638
10154401
10155233
10159097
10159116
10159477
10159856
10160077
10160545
10161081
10161116
10161815
10163060
10164178
10164635
10165200
10165978
10168362
10168652
10170936
10170986
10171684
10172386
10175099
10175118
10177099
10178619
10178683
10183292
10184362
10193469
10194480
10199350
10199356
10200408
10200613
10202623
10204645
10207568
10208663
10210105
10212242
10214132
10214462
10215958
10217169
10217419
10217632
10218715
10220523
10229602
10229906
10232039
10232560
10232892
10233271
10233525
10235502
10238553
10239994
10240799
10240894
10241062
10242532
10243496
10243755
10244110
10244224
10244763
10244781
10245293
10245906
10246705
10250351
10254445
10256105
10256185
10256477
10256537
10258099
10258764
10260014
10263915
10265944
10266403
10268951
10271728
10271990
10275872
10276234
10277531
10281007
10284582
10287090
10289914
10290997
10291103
10293508
10294665
10296499
10297530
10298397
10299496
10301725
10303835
10308309
10309028
10309175
10309462
10311055
10312862
10313006
10315110
10315542
10315549
10316222
10316265
10317519
10317598
10318235
10319141
10323273
10324035
10324233
10324830
10324861
10325778
10325974
10326735
10335372
10336679
10339617
10343556
10345253
10345621
10359201
10361810
10363047
10366720
10367277
10369037
10369339
10372097
10375205
10375876
10378384
10379400
10380004
10381575
10387686
10389393
10390894
10390931
10394195
10394199
10395273
10395958
10397381
10397625
10399993
10400972
10403950
10406412
10408829
10409501
10410214
10413660
10414264
10415576
10415677
10418980
10419195
10420771
10422429
10423536
10431502
10433073
10434635
10434756
10434917
10435238
10435616
10437404
10441476
10443106
10443465
10443831
10444069
10445510
10447886
10448023
10448762
10450743
10451792
10451843
10451875
10453240
10455400
10457721
10460084
10460243
10460904
10461027
10463568
10463732
10464097
10467929
10470752
10471343
10472180
10472518
10473855
10474032
10474818
10475120
10475314
10475620
10475845
10477812
10479238
10480697
10480713
10482256
10483616
10485129
10487774
10488135
10488152
10488312
10491146
10495159
10495163
10495238
10495277
10497075
10499895
10504216
10504836
10508234
10509395
10513411
10513796
10514412
10516133
10516532
10519142
10521335
10521558
10522213
10526975
10529096
10531657
10532283
10537495
10537916
10539117
10539884
10543276
10544513
10546422
10546884
10548637
10553273
10553306
10555542
10558051
10559145
10560048
10560914
10566566
10567583
10568013
10568329
10575788
10576455
10577078
10578052
10579337
10579740
10581516
10582988
10583278
10585624
10585863
10586442
10587458
10588099
10588119
10590978
10592337
10592683
10593657
10595002
10596740
10597873
10605796
10605921
10606529
10606806
10608655
10608840
10614451
10615409
10617068
10617652
10617655
10617793
10618952
10619830
10621183
10628038
10629134
10629272
10629468
10633348
10634940
10638841
10640474
10640625
10641927
10646239
10647125
10647563
10650116
10651262
10651677
10652931
10661520
10663607
10666514
10671441
10672265
10677755
10680346
10683770
10685621
10691393
10696867
10698301
10702770
10705310
10706487
10706768
10706823
10708946
10711390
10714385
10719362
10720561
10720946
10721700
10723784
10731457
10731844
10732100
10737870
10742247
10743769
10749144
10750982
10753507
10754525
10760547
10764992
10767184
10773207
10774561
10774645
10775012
10776171
10776977
10777494
10779085
10779243
10780860
10782217
10785748
10788272
10788675
10793216
10796571
10796755
10796972
10800005
10800988
10804362
10804637
10805174
10807316
10808089
10808481
10808487
10809991
10812427
10813260
10816553
10817922
10818440
10819398
10819993
10820177
10824022
10824296
10827169
10829334
10830688
10832931
10833640
10833724
10834906
10835252
10835321
10837549
10837735
10840242
10842004
10842069
10842337
10842836
10843722
10844434
10845664
10846568
10847642
10847653
10847990
10848556
10848696
10856951
10857068
10859327
10860529
10860969
10860986
10863701
10864408
10867431
10868300
10868954
10869818
10872573
10873279
10873808
10874208
10874555
10875375
10875921
10876029
10876985
10877452
10877570
10878784
10880605
10881300
10881637
10883154
10883704
10883948
10886354
10887153
10887198
10887957
10888936
10889660
10891861
10892632
10894133
10895731
10896526
10896655
10898429
10898929
10900491
10903555
10906065
10907434
10907937
10909729
10911937
10912468
10912712
10915957
10916631
10916975
10917037
10919422
10921232
10923147
10923223
10928257
10932497
10934646
10937202
10937733
10938946
10939374
10939950
10946542
10947718
10949721
10951328
10956940
10958958
10963329
10963422
10963558
10963648
10964041
10967995
10968862
10969210
10973521
10982067
10982904
10986056
10986110
10987154
10989225
10990443
10990876
10991884
10993828
10996372
10998005
10998655
11000723
11001214
11002127
11004373
11005661
11006086
11008308
11010231
11011724
11013860
11014114
11014498
11016265
11016517
11016875
11018688
11021396
11022413
11024122
11025092
11026788
11027860
11028524
11029099
11030088
11030252
11031352
11032450
11034600
11036639
11037262
11037482
11039058
11040093
11042452
11043635
11044220
11047421
11053045
11055707
11055930
11056012
11059303
11059611
11062273
11063240
11065157
11065521
11066925
11069540
11071585
11079227
11083016
11083286
11084737
11088158
11088844
11091209
11091648
11095364
11098119
11098594
11099197
11100774
11106265
11107525
11110192
11111351
11114449
11116917
11117216
11117832
11118250
11118809
11120095
11123250
11127058
11129302
11132715
11133785
11133896
11136603
11137579
11138914
11141539
11145462
11147985
11148646
11149059
11153317
11159734
11165031
11165643
11168302
11169385
11180783
11183686
11185239
11186277
11189004
11192864
11194130
11195991
11197023
11197597
11198108
11199124
11199359
11203684
11208361
11209060
11210111
11213004
11215662
11215948
11216484
11219792
11221647
11222527
11223488
11224855
11225534
11228085
11230146
11231503
11233835
11234335
11236120
11240586
11240691
11240948
11243247
11244102
11245063
11245251
11245702
11252302
11253954
11254051
11257635
11263830
11264251
11264661
11267636
11268797
11269992
11270568
11274405
11274968
11276541
11277619
11286494
11286852
11288157
11289255
11292552
11293491
11294435
11295620
11295793
11301772
11303452
11306443
11309664
11310147
11311546
11317011
11317081
11319089
11324556
11326518
11327118
11327391
11328794
11328880
11329434
11332460
11333668
11335330
11335898
11336201
11336903
11338092
11344891
11346238
11346305
11346926
11348821
11350369
11354087
11355389
11357750
11359325
11364893
11366155
11369609
11369776
11371836
11372320
11372631
11373256
11373367
11373477
11376409
11378473
11378936
11379398
11381817
11381874
11382373
11386189
11388253
11394948
11399544
11399567
11400426
11401243
11401560
11401984
11403484
11407079
11408479
11413467
11413520
11414645
11418604
11423657
11427523
11428301
11437547
11443726
11447870
11449158
11457215
11459306
11460481
11465616
11467540
11468703
11470566
11473014
11473554
11474483
11475822
11476834
11476958
11476991
11482372
11486002
11486577
11488285
11490674
11491905
11492237
11492767
11494100
11498533
11498878
11499323
11499361
11500338
11501051
11502622
11503939
11506393
11508378
11513274
11513697
11513945
11514641
11517322
11519710
11522195
11522470
11523973
11524511
11529454
11530943
11531116
11531176
11532550
11533573
11539395
11539592
11542387
11543196
11545207
11546785
11548477
11549310
11556773
11557881
11558381
11559627
11562025
11563734
11565832
11566106
11568984
11569642
11572906
11575286
11576329
11577111
11577255
11580198
11586326
11587353
11588802
11591648
11591774
11592014
11596624
11603818
11616772
11620337
11621606
11623513
11623570
11630021
11631689
11635347
11643226
11645107
11647440
11653305
11654381
11655645
11655725
11657714
11664854
11668699
11675434
11677346
11681099
11682917
11683859
11689984
11691459
11692359
11693385
11693719
11694467
11704189
11705609
11708923
11712735
11719905
11728274
11731255
11733222
11735636
11735929
11736398
11741412
11745083
11746400
11746935
11748302
11752292
11752824
11754878
11755116
11757845
11759406
11765700
11768328
11768754
11771795
11777982
11781772
11782626
11784076
11784962
11786602
11791362
11792378
11794252
11794955
11800711
11803726
11804435
11810893
11813973
11815435
11817218
11817392
11818588
11821282
11834523
11836046
11839341
11842333
11844915
11845028
11847514
11851785
11854010
11854648
11855902
11856670
11856859
11857584
11859742
11866745
11867553
11871168
11871819
11877931
11901615
11905245
11907131
11910855
11911003
11911008
11916053
11917668
11918543
11922225
11923116
11926273
11927568
11927884
11928599
11930178
11934198
11936000
11936948
11938728
11941833
11949259
11949484
11949626
11953098
11955716
11955953
11957763
11958394
11959090
11959660
11963386
11963443
11963753
11963842
11964367
11964522
11964893
11965467
11966808
11967358
11967762
11971998
11973456
11974032
11975346
11975670
11975790
11976256
11979078
11979320
11980992
11981011
11981929
11982712
11983789
11984667
11985382
11985532
11986596
11987516
11987534
11988101
11988608
11989086
11991774
11992172
11993193
11994027
11996431
11997744
11997970
11998063
11999366
11999584
11999706
12001260
12001558
12001904
12001987
12003383
12003592
12005496
12007114
12007944
12008537
12008631
12008672
12011191
12012120
12013032
12013272
12013403
12014073
12015760
12017239
12019143
12020225
12021545
12021583
12022180
12023374
12023544
12024054
12024439
12025121
12025149
12025798
12025955
12026783
12027214
12027369
12027846
12027944
12028276
12028752
12029907
12030219
12030764
12030895
12030946
12031076
12032142
12032243
12032676
12032705
12033427
12034020
12034977
12035316
12036968
12037461
12037830
12037950
12038335
12038722
12038749
12039332
12039468
12040343
12041555
12042148
12042880
12043418
12043749
12043834
12044924
12046134
12046623
12047316
12047418
12047543
12047750
12048035
12048574
12049120
12049136
12050178
12050474
12050502
12051130
12051669
12051793
12052596
12052832
12053012
12053067
12053256
12053398
12053795
12054265
12055062
12055505
12055972
12056300
12056537
12056653
12057350
12058369
12058507
12058861
12060508
12061861
12062102
12062367
12062883
12063119
12063753
12063854
12064184
12064899
12065610
12067031
12068046
12069333
12069417
12069470
12070514
12071347
12071900
12072826
12075249
12075267
12075569
12076618
12076696
12077743
12078642
12078858
12078943
12079313
12079528
12079743
12079806
12082889
12083201
12083778
12084707
12084718
12085059
12086992
12087495
12087500
12088115
12090260
12090304
12091834
12092665
12092877
12094314
12094494
12094810
12098520
12098762
12099373
12101413
12101991
12102129
12102887
12103446
12103671
12104199
12107276
12109514
12110249
12110594
12110664
12111523
12111928
12113450
12115468
12116284
12116502
12117196
12119590
12120527
12120773
12121764
12122201
12123137
12123159
12124221
12126001
12126961
12127933
12128248
12128582
12132242
12132670
12133399
12136123
12137783
12138408
12140579
12141274
12142038
12143652
12146612
12147856
12148574
12149634
12150012
12150191
12150916
12150943
12151863
12152149
12153022
12153333
12155023
12155718
12156567
12161071
12161682
12163884
12165094
12166806
12168707
12171829
12174167
12176218
12177427
12177550
12180101
12180499
12182195
12183286
12187297
12187675
12188752
12189084
12190343
12191847
12195626
12196593
12199698
12200567
12201345
12201708
12204299
12204922
12208993
12213946
12220212
12221264
12221359
12221368
12221785
12222304
12222398
12223775
12224546
12224732
12225123
12225700
12230043
12230870
12231916
12233167
12234387
12234755
12235688
12238870
12239617
12240134
12240327
12241210
12241454
12241937
12242395
12243070
12243176
12244762
12245012
12245284
12245449
12246868
12247261
12247578
12247699
12248701
12249047
12249553
12252343
12252872
12253773
12254682
12255937
12257116
12257399
12258175
12259770
12260654
12260911
12261259
12261392
12262003
12262441
12263444
12263564
12263806
12263848
12263868
12264234
12264625
12264777
12266301
12267100
12268758
12269441
12269861
12270041
12270483
12271760
12272163
12272215
12272467
12272496
12273862
12275775
12275903
12276315
12277214
12277678
12277707
12281738
12284188
12286068
12286079
12286665
12289467
12290752
12291091
12293077
12293988
12294699
12294917
12295458
12296710
12298334
12298428
12298441
12299574
12300669
12301125
12301467
12301849
12301982
12303260
12305047
12305409
12306478
12307338
12307602
12308202
12309478
12312019
12312425
12312939
12312999
12313165
12313386
12314204
12314878
12315439
12316620
12317126
12317177
12317714
12318669
12318869
12319625
12320635
12321120
12321872
12323592
12325497
12326062
12326270
12326592
12326713
12328456
12328589
12329391
12329591
12330274
12331548
12332030
12332194
12332386
12332526
12332994
12333162
12334052
12334509
12334517
12335107
12335159
12336288
12336312
12336371
12336867
12337817
12337835
12337861
12338088
12338253
12338617
12339400
12339504
12339751
12340097
12340498
12340808
12340849
12341400
12341816
12342898
12343056
12343061
12343517
12343759
12344078
12344739
12344978
12345283
12345475
12345690
12346327
12346419
12346781
12347523
12347743
12347787
12348613
12348781
12349169
12349374
12349633
12350558
12350881
12351606
12351812
12352382
12352396
12352461
12353143
12353323
12353388
12353514
12353563
12353895
12353939
12354210
12355197
12355354
12356572
12357002
12357614
12358014
12358604
12358835
12358965
12359551
12359595
12361210
12361241
12362331
12362546
12363351
12363509
12363805
12363952
12364039
12364702
12365044
12366148
12366482
12366493
12366537
12366878
12368111
12368887
12369195
12369973
12370455
12370712
12370716
12370754
12370784
12371250
12372487
12373054
12373580
12374312
12374854
12375631
12375756
12377296
12377326
12379415
12379653
12379976
12380449
12380614
12381621
12381953
12382143
12382387
12383180
12383272
12383623
12383847
12383935
12384018
12384324
12384671
12384680
12385030
12385245
12385280
12385420
12385719
12385905
12386408
12387002
12387895
12388021
12388121
12388127
12388921
12389016
12389510
12389764
12389902
12390194
12391508
12391559
12392388
12392881
12393227
12393290
12393367
12393411
12393448
12393593
12394198
12395144
12395458
12395547
12395622
12396164
12397333
12397721
12398144
12398209
12398662
12398734
12398963
12400359
12400546
12400851
12400944
12401015
12401319
12401766
12402092
12403330
12404007
12404158
12404199
12404577
12404959
12405072
12405184
12405228
12405384
12405735
12405956
12406135
12406467
12406475
12406879
12408708
12409122
12409133
12409137
12409550
12409912
12410160
12410203
12410343
12411004
12411650
12412411
12412714
12412748
12413579
12414415
12414471
12414669
12415783
12415869
12416145
12416262
12416489
12416581
12416820
12417507
12417631
12418447
12419498
12419585
12419798
12420701
12420902
12420960
12421008
12421435
12421911
12422291
12422432
12422553
12422750
12423504
12423698
12423997
12424257
12424519
12425464
12426400
12426488
12427202
12427382
12428102
12429580
12430054
12430542
12430620
12430774
12430786
12432177
12433246
12433423
12435020
12436242
12436292
12436889
12436939
12437285
12437485
12437601
12437681
12438457
12438794
12440220
12440231
12440615
12441254
12441320
12441734
12443212
12444266
12444621
12445015
12445122
12446111
12448169
12448287
12449341
12450098
12451442
12451736
12451773
12452207
12453552
12455285
12455664
12455817
12455829
12456171
12456475
12456874
12457994
12459049
12459326
12459522
12459672
12460463
12460763
12461279
12462890
12463207
12463545
12466628
12467099
12467513
12467630
12468622
12468932
12469022
12469306
12469553
12470294
12471170
12471370
12471941
12472152
12473514
12474461
12475543
12476660
12478659
12479234
12479278
12479518
12480046
12480142
12480391
12481576
12481844
12482468
12482623
12483368
12484322
12484418
12485268
12486206
12486361
12486812
12487054
12487091
12487290
12487414
12487936
12489435
12490795
12491100
12491680
12493796
12494526
12495802
12496219
12496427
12498287
12498547
12499791
12500656
12501345
12501498
12502349
12503869
12504111
12505872
12506116
12506678
12507625
12508430
12508810
12509845
12510346
12510958
12512403
12513234
12515857
12516338
12517032
12520446
12521100
12521456
12521814
12521866
12521912
12523715
12524059
12524200
12525464
12526748
12535566
12535604
12536944
12537181
12537610
12538786
12538944
12542411
12547141
12548144
12548524
12550391
12550638
12551015
12551331
12551696
12552152
12553802
12553919
12554498
12557558
12557723
12558533
12559266
12560778
12563039
12567021
12567075
12567225
12568507
12569597
12570184
12570832
12571218
12572917
12573870
12578120
12578812
12579741
12580573
12582625
12582670
12583738
12584012
12584993
12586346
12588859
12590428
12591410
12592110
12592745
12594298
12595627
12596087
12596276
12596663
12597592
12598547
12598903
12600559
12601433
12601593
12604924
12605354
12605356
12605680
12607685
12611098
12613328
12613637
12614697
12615007
12616179
12616334
12616560
12616612
12617656
12619741
12620800
12620837
12621508
12622363
12625218
12626114
12626352
12627164
12628273
12629621
12630060
12630897
12631893
12633989
12636726
12638751
12638964
12639191
12639770
12640733
12641044
12641401
12647236
12648074
12648698
12649030
12649283
12649491
12652087
12652143
12654031
12654420
12655190
12655793
12655818
12657907
12658109
12658432
12659885
12660384
12660914
12662617
12663669
12665296
12665615
12666129
12668085
12670627
12672068
12672520
12674444
12678220
12678782
12679271
12681501
12681662
12686106
12687757
12691219
12691579
12691716
12692628
12693014
12693798
12693829
12694267
12696439
12704671
12704816
12707308
12709945
12710058
12711978
12713523
12713542
12714427
12714912
12715040
12718222
12721064
12722026
12724678
12725479
12726581
12732001
12732827
12733927
12735693
12735880
12740518
12743291
12744105
12745179
12746103
12750792
12751326
12751960
12754464
12756410
12759121
12759364
12759956
12761518
12762338
12768189
12782249
12782817
12783500
12784053
12785431
12787797
12788262
12790128
12792294
12792540
12792579
12793883
12794188
12797127
12797211
12798255
12800490
12800645
12802972
12803177
12803178
12804195
12804508
12804593
12805058
12805369
12805394
12806218
12806691
12808621
12810304
12810796
12811930
12813073
12813778
12815751
12816237
12816364
12816816
12820424
12826201
12826866
12829465
12832781
12832931
12833113
12834570
12836164
12841501
12842606
12844416
12844737
12844773
12848373
12849883
12852103
12854389
12854425
12859077
12859555
12860729
12861188
12863923
12864469
12866046
12867435
12868888
12871663
12872101
12873148
12874472
12874820
12875331
12876838
12877273
12877346
12878363
12879491
12879986
12882265
12884282
12885241
12887914
12888025
12891060
12891264
12891942
12892289
12895008
12897061
12898802
12899263
12900701
12900979
12902903
12907031
12909016
12909425
12911557
12912283
12913836
12916327
12918328
12919164
12921044
12923024
12923587
12924501
12925019
12925776
12925936
12929255
12930504
12931070
12932585
12935390
12936076
12936588
12938107
12940071
12940586
12944442
12949864
12950768
12952711
12956636
12959030
12960138
12960850
12962169
12962641
12963423
12963867
12964489
12966085
12968552
12971318
12971633
12973302
12973577
12975431
12977155
12978901
12979455
12981460
12981945
12987261
12991531
12994404
12997158
12998171
12999097
13000385
13005253
13006938
13011182
13011973
13014766
13020528
13021334
13021857
13023234
13029451
13034358
13037898
13038978
13039631
13039642
13040006
13042594
13044222
13045553
13045582
13049519
13051887
13052051
13053397
13053907
13054307
13055209
13055363
13057401
13058738
13058908
13059104
13059289
13059829
13061230
13061896
13062690
13062780
13063843
13065140
13065411
13073999
13074610
13075338
13076555
13076828
13077508
13078047
13078100
13078300
13081320
13081540
13083102
13084687
13085148
13085210
13086862
13089228
13089402
13090732
13095983
13096713
13097111
13097762
13098286
13099379
13099784
13100984
13105566
13107477
13107802
13108312
13109227
13109536
13110286
13111772
13111980
13112955
13113323
13115161
13115882
13116922
13118372
13118520
13118615
13119636
13119874
13120156
13120658
13120689
13121351
13121861
13122630
13124490
13124553
13125963
13126190
13127334
13128447
13128822
13128888
13129450
13131231
13133209
13133703
13133838
13134964
13135189
13135537
13135982
13136353
13136973
13137183
13138205
13139671
13139877
13140463
13140661
13141001
13141044
13141191
13141760
13141780
13142401
13142466
13142905
13143941
13144438
13147173
13147271
13147898
13149323
13150856
13151812
13152242
13153410
13154351
13155292
13155660
13156003
13158839
13160513
13163065
13163663
13165937
13165993
13166318
13167242
13167823
13168123
13168620
13168912
13169198
13169292
13169609
13169843
13169924
13170954
13171681
13172928
13173025
13173366
13173428
13173464
13174537
13175587
13175855
13176714
13176717
13177850
13178197
13178470
13179891
13180636
13180770
13181147
13185688
13185878
13186883
13187853
13187914
13189603
13189890
13191282
13192995
13197396
13198522
13199618
13200504
13202727
13205241
13206636
13208495
13208623
13209426
13211238
13211604
13213089
13214579
13215409
13217445
13219045
13220544
13222845
13222893
13224147
13228669
13229135
13229715
13230041
13230562
13235632
13236925
13237545
13238710
13241119
13243787
13247346
13251433
13251720
13252919
13253418
13254669
13254680
13257527
13257618
13261602
13261621
13261965
13265472
13266199
13266399
13268647
13269236
13273585
13275218
13275962
13276180
13281239
13281827
13282446
13287252
13287256
13287676
13288317
13288764
13289681
13290764
13291320
13292402
13294337
13295447
13297104
13298414
13299135
13299449
13301919
13302432
13303680
13305177
13307033
13310932
13312287
13312473
13312790
13313028
13313433
13314103
13314167
13314871
13321284
13322334
13323058
13324178
13334613
13336516
13337968
13338861
13340067
13340534
13344650
13344807
13346564
13346775
13346899
13350654
13350935
13351047
13351069
13354769
13357823
13359523
13360667
13360997
13365942
13367143
13369672
13371294
13371796
13373011
13373993
13375580
13376003
13376992
13377687
13377760
13378320
13379978
13380081
13380242
13380600
13381007
13381749
13382324
13384337
13385377
13387345
13394152
13396840
13396953
13396976
13397105
13397386
13400086
13401076
13404587
13406026
13407400
13407860
13408373
13409524
13410239
13412524
13413663
13415998
13420205
13422066
13423457
13424294
13426063
13428055
13428434
13429951
13431120
13431355
13431844
13433792
13435064
13436560
13436658
13439418
13439572
13440521
13442722
13446210
13449426
13449560
13451301
13456165
13460219
13462515
13463421
13463514
13468334
13468902
13469255
13469764
13471711
13476428
13478003
13480585
13482067
13482476
13485153
13486062
13486554
13488921
13490217
13492759
13495554
13496950
13497389
13497821
13498201
13500235
13501528
13502328
13503881
13504104
13504910
13505087
13505804
13506582
13508578
13510306
13511207
13513639
13513911
13514289
13515115
13515440
13515835
13516794
13519547
13523510
13524576
13527166
13527669
13529519
13530473
13530850
13532817
13532983
13533655
13533713
13536484
13536790
13539609
13540234
13540841
13543194
13544550
13544556
13545333
13545771
13546290
13546786
13548497
13550532
13550965
13552239
13552577
13552884
13554802
13556391
13559353
13559986
13563362
13567778
13568865
13572637
13584373
13586462
13594412
13595718
13596327
13597111
13601467
13602102
13603332
13603528
13605204
13605569
13606722
13609374
13612441
13612483
13616320
13616437
13617877
13619662
13620238
13620289
13621430
13624082
13627291
13630191
13630356
13631071
13638403
13639326
13642272
13643425
13645015
13645938
13646446
13646725
13663472
13664049
13669002
13669716
13670268
13674671
13677586
13678567
13680654
13681248
13681342
13688161
13690052
13690825
13691116
13692006
13692563
13693597
13694828
13695204
13697442
13699897
13704024
13704465
13705876
13706164
13706179
13708730
13709555
13713071
13714578
13717308
13719260
13724017
13727504
13727595
13728353
13728939
13729187
13729955
13730206
13732700
13734525
13735248
13735987
13737889
13738062
13738524
13743280
13746848
13747112
13747301
13748723
13749974
13750627
13751420
13751840
13751948
13752699
13752827
13752842
13752942
13753554
13754670
13754839
13758154
13758204
13759605
13761244
13761605
13761949
13762559
13762572
13762606
13763053
13763131
13763500
13766327
13766675
13767017
13767123
13768433
13768768
13769386
13769550
13769937
13772066
13772241
13773180
13773240
13775026
13775468
13777220
13777953
13778679
13779659
13780736
13781381
13782996
13783392
13783812
13784439
13785606
13789470
13789630
13791206
13791328
13792379
13793126
13793308
13793596
13794758
13797653
13798250
13798336
13798341
13798588
13799305
13799467
13800042
13800976
13801509
13801947
13803042
13803161
13803283
13803561
13803565
13808854
13810397
13810732
13810913
13811106
13811287
13811301
13811455
13811713
13812349
13812372
13813279
13813861
13814868
13815285
13816131
13816381
13817278
13818797
13819086
13819455
13819721
13823184
13826162
13826384
13826758
13827221
13827644
13827667
13827961
13828446
13828856
13829689
13830069
13831367
13831664
13831682
13832027
13833697
13833864
13834927
13835260
13835611
13839339
13839952
13840772
13841011
13841487
13842359
13842596
13843314
13845029
13845350
13845389
13845884
13847160
13847317
13848339
13848474
13848656
13849216
13850255
13850886
13851123
13851787
13851965
13852102
13852227
13852236
13852366
13852531
13852874
13853817
13854565
13855392
13855998
13857826
13860312
13860845
13861111
13862263
13864747
13866097
13866196
13866703
13866705
13867474
13867804
13869144
13869164
13869458
13869607
13870045
13871625
13872800
13872823
13873271
13874803
13875203
13878479
13879683
13879956
13880095
13880216
13880521
13881605
13881816
13883770
13883946
13884363
13884850
13885107
13886498
13886532
13887474
13889638
13890525
13890996
13891591
13892073
13892687
13892852
13894026
13894086
13895065
13895649
13896200
13897752
13898602
13898968
13899453
13899973
13899986
13901994
13903065
13906313
13906476
13907391
13908016
13908833
13911006
13911380
13912629
13912888
13913316
13913913
13913950
13915778
13916485
13916704
13916778
13916858
13917748
13918646
13918722
13919032
13920013
13920321
13922088
13922244
13922373
13923628
13923679
13926747
13929613
13929649
13929907
13930047
13930144
13930459
13930789
13931766
13935762
13939357
13941010
13941095
13941409
13942224
13944098
13945173
13951942
13952532
13953575
13954829
13955708
13956432
13956615
13957092
13957746
13958842
13959883
13961709
13963030
13963835
13964182
13964759
13965454
13966445
13967893
13968142
13968236
13968905
13969359
13969721
13972521
13972522
13972897
13973300
13973600
13978526
13985125
13985192
13989640
13990866
13993701
13994863
13994984
13996789
14000434
14001341
14001520
14001681
14003969
14006225
14009687
14009963
14011335
14011632
14013074
14017052
14017871
14021088
14026730
14028594
14033986
14038295
14040012
14042115
14043322
14043832
14043906
14045471
14046068
14047719
14049558
14052213
14054950
14057148
14057445
14058133
14067450
14071260
14073281
14074669
14074925
14075219
14077599
14085640
14085950
14085953
14090116
14092315
14092405
14094283
14097659
14098752
14100760
14102774
14105650
14106599
14109364
14110158
14110243
14116382
14118262
14119303
14121261
14122169
14123486
14125511
14131463
14135814
14138711
14138750
14140011
14140842
14141984
14142196
14143286
14144962
14145857
14146299
14146877
14147348
14148120
14148547
14151933
14158400
14161281
14161933
14165523
14170973
14177095
14178604
14178726
14179182
14180609
14181405
14181766
14184242
14188131
14188945
14189332
14189902
14194080
14194692
14198756
14199335
14201682
14202084
14202145
14202578
14202621
14205889
14206907
14207602
14214583
14225942
14227162
14231688
14231832
14231915
14235462
14237215
14239939
14240587
14243153
14245416
14246881
14246996
14250038
14257456
14259995
14266771
14270155
14272350
14274394
14276761
14277732
14281637
14282715
14282731
14285132
14286961
14289727
14291295
14298605
14303028
14303732
14309720
14310824
14311467
14314206
14319834
14321383
14321645
14322618
14324101
14331016
14335414
14338310
14340520
14340528
14343258
14343944
14344175
14344408
14345627
14346640
14346782
14349722
14351782
14352074
14352988
14354659
14357557
14359398
14359891
14361759
14362946
14364038
14364497
14365578
14366144
14368978
14370782
14372417
14375421
14376607
14380250
14380528
14385081
14385774
14386961
14387573
14389672
14389844
14390879
14391322
14391706
14396095
14396789
14399077
14399396
14400893
14401034
14401306
14401326
14402569
14403772
14405204
14405340
14405502
14406846
14406886
14407480
14407823
14409649
14413158
14416277
14418229
14420021
14421004
14425538
14427047
14432187
14432843
14433091
14435647
14436045
14437057
14438312
14440399
14441076
14443059
14443563
14444211
14444319
14444763
14445899
14446220
14448792
14453817
14455436
14456231
14458031
14458087
14460796
14465747
14467818
14469903
14470964
14472784
14474170
14476915
14477490
14481064
14483823
14484526
14485089
14485921
14487180
14487519
14488209
14489816
14490483
14495292
14495766
14495989
14500541
14501135
14501279
14504277
14508163
