7240
8860
8997
10007
10564
11412
12448
12459
12867
13691
13873
15000
19969
21135
26089
26454
35208
35726
36122
36767
36873
37547
37711
38337
39041
39650
39909
39999
41702
41809
42961
44257
47130
47501
47572
50627
71820
78885
79178
82584
82776
82850
82886
82959
84463
86993
88314
88432
90316
90713
91204
91897
91950
92321
92984
95160
95185
95496
96113
97227
97844
103875
106351
107649
109548
110783
111890
111901
112121
112267
115436
115651
115988
117358
117794
117795
117935
118144
118403
118956
119413
120396
120461
120624
120937
121178
121485
123057
124192
125586
125696
125711
125964
126106
126728
127178
129165
129393
129514
134960
136722
138667
139714
140880
140956
141278
141472
142067
142178
142491
145555
149050
152064
152092
152665
153711
156549
158230
159914
160110
160275
161262
161582
162918
163163
164996
165206
165372
165550
165663
165767
166446
166757
167021
167630
167894
167969
167990
168035
168342
168379
168456
168478
168693
168894
169432
170421
175620
176529
177214
177893
178273
179231
180361
181710
181920
183002
183779
183891
184744
184961
185506
187215
187633
188061
189056
191181
193532
194763
194996
199343
202407
206329
210147
211001
215388
216709
217163
219929
221388
222572
222625
223116
223308
223574
224229
225529
228091
228763
229208
234394
235304
239120
239800
239845
240663
240966
241661
242871
244067
244437
246201
248377
248734
252203
255639
257073
259281
259979
262223
263121
264168
264363
265516
266196
266250
266294
266491
266832
267522
267567
268164
269998
272495
272549
272943
273181
273290
273430
273475
273972
274821
275001
275357
275375
275464
275678
275707
275946
276158
277029
278078
278880
279130
279499
279842
279998
280107
280345
280597
280773
280874
280949
281253
281670
281978
282448
282729
282840
283373
283457
284080
284225
284655
284853
285569
285599
285899
285927
286362
286554
288079
288289
291358
292276
292433
292529
292745
293655
295505
296034
296159
296376
296485
297205
298247
299055
299640
300816
301342
301457
302253
304681
305459
305871
309414
309946
310159
310399
310592
312495
313106
313189
313517
322422
322465
322469
322602
322779
322817
323042
323134
323174
323261
323365
323478
323511
324199
324218
324318
324334
324480
324959
325373
325771
326224
326390
326642
327515
327866
328782
329121
329162
329216
329778
330101
330559
330615
332158
333298
333613
334021
334230
334719
335336
335949
336054
336077
336472
336551
336560
337106
337116
337173
337296
338164
338263
338356
339026
339292
339340
340260
340607
341026
341315
341350
341784
342267
343116
343214
344590
345574
345770
346182
346773
346974
349108
349208
350538
351852
360372
360903
361813
363207
366985
370495
379262
380366
380606
386026
388207
388230
390115
396357
396485
399718
400544
400936
402528
402781
404170
404250
406365
408874
409516
410227
410293
410365
410528
410735
411239
411324
411378
412213
412776
412940
413027
413899
413967
414246
415025
415924
416140
420625
423391
424941
425116
425976
429417
430201
430709
430916
431784
435359
435387
435664
438461
440347
440930
441333
441535
441970
442015
442077
442426
444733
446283
446583
449871
454666
455054
455448
455562
455634
456243
456579
456643
456678
456683
456937
456971
457328
457484
457493
457785
457800
457853
458129
458630
459134
459299
459535
459580
459600
459922
460007
460020
460079
460740
461462
461513
461783
462103
462765
462955
463295
