2124
2872
3899
4070
7608
9355
9818
11435
11907
12263
12779
14406
15397
16436
17017
17060
17111
17706
17823
18274
18825
19706
19921
20247
20285
20371
20751
20870
21303
21388
21559
21626
21708
21745
21848
23023
23037
23707
23807
23867
24144
25225
25720
25813
26362
27159
28544
28695
29057
29748
30562
31268
31421
33962
34118
34443
34853
35080
35872
36060
38163
39359
39929
40023
40762
42306
44610
46855
47072
48821
49263
49968
52781
53266
53981
55246
56497
57611
59163
60648
62021
63454
63832
67957
71366
71859
72849
73233
73312
73747
74269
76846
77077
77285
78645
78889
80915
81071
81515
82409
82445
82895
83189
83716
84143
86218
86604
88315
89120
89820
92299
93138
93213
93330
94648
95379
95533
96557
97410
97871
98022
98771
99486
100270
100398
100635
102084
102344
102663
103017
103536
103580
104838
105433
106270
106307
107314
108871
108911
113983
114214
114539
115281
116070
116969
117090
117177
119629
120245
123649
124107
125448
125711
126143
126553
126667
127443
127501
128297
128418
128891
129408
130243
131265
132139
132206
132314
133988
138041
138519
139320
139501
141798
141849
141866
142735
143735
143951
143992
146027
147054
147752
148576
149721
150656
150869
151723
155625
155826
155896
157101
159037
160068
160111
162210
163851
165258
166767
173371
173792
174370
174603
175939
175944
177659
178562
179503
180425
180575
181815
181841
182886
183774
186724
187563
188814
188968
189780
190424
190426
190811
191618
192569
192847
192873
193317
193684
194167
194969
195255
195748
196738
196838
197067
198160
199237
199794
200279
200460
200858
201447
202290
203696
204814
205705
206153
206480
207167
207354
208566
209297
211885
214420
217391
220978
227593
231468
231972
232919
233947
238906
240219
241874
244012
245220
246271
246560
247110
247291
248012
248279
249053
249413
251742
251872
252617
253230
254120
254433
254618
256453
258649
259127
261559
262466
263312
264243
265573
267561
271492
272942
276995
279860
280736
281387
281523
284134
285075
285421
285975
288621
288764
289080
290804
292187
293136
293406
293764
294081
294241
295867
296037
297658
297692
298327
298783
299418
301171
302776
302982
303045
303365
303482
303805
303969
306065
306289
308247
308998
309455
311236
312084
314389
314582
314768
315240
315510
317160
317240
320168
323785
324166
324413
326336
327080
329633
330889
334142
334283
335032
337792
340253
341313
341780
343579
346676
353921
356721
357963
358363
362014
362483
363346
364249
364997
367049
369339
372506
374751
375420
376504
377312
379106
382514
382770
383106
383455
384105
385018
388145
393581
395752
395972
401755
402822
408869
409080
409449
411966
414860
415320
417127
419588
420715
423850
424136
425917
426083
427072
428108
428305
429669
432571
432849
433485
433676
434063
434283
434403
436521
437396
438203
441259
441489
447299
448495
449841
450336
451619
451902
453549
454597
455086
455218
455301
455356
455784
456001
457231
458058
458803
460074
460225
460872
462818
464317
464515
464539
465597
466446
467193
468909
469935
470642
471906
472215
472393
472833
474083
474391
475436
476868
478226
478772
480242
481207
482697
483270
483599
483758
485954
486707
487106
487373
487555
488467
488697
489233
489575
489984
490427
491163
491373
491845
492336
493121
493254
493540
493627
493628
493960
495148
495526
495807
495842
496059
496605
497702
499420
499984
500733
501795
503272
503695
503735
503959
505756
506854
507163
507730
507782
508120
508715
509462
509594
510184
512303
512980
513283
513673
514961
515323
515600
516422
517307
517447
518889
519207
519332
519574
520609
520611
522340
522601
523439
523634
523861
524030
524218
524387
524649
524873
524882
526437
526890
529474
529590
531434
531855
532348
533097
534629
535525
536094
536646
540177
540545
540618
543117
543443
543674
546739
547248
548401
549684
550423
550479
550976
551314
551660
552959
555203
555362
555612
556043
557109
558173
559225
559645
559828
560374
560395
561116
561226
563571
563943
564091
565228
567724
569315
569577
569687
569734
570013
570479
571926
572256
574378
574666
575462
575629
575958
576094
576287
578026
578830
580513
581802
583247
584478
585465
587758
589820
593025
594963
595224
597666
598465
599811
600249
600323
601405
603151
603608
606478
607451
607608
608678
611623
612584
613012
618758
620743
621010
623248
623508
624613
624698
624784
625034
625438
628614
630536
632516
633220
633909
634309
635255
635588
636310
636504
636565
637158
637329
638031
638728
640320
640932
641111
641617
641798
644516
644731
645420
645440
646701
647395
648336
650148
660515
660791
661417
663258
665333
665614
665830
668660
670219
670438
670532
671499
672298
673152
673364
676467
676491
676531
676554
677504
678237
679606
680754
683125
686092
688726
689066
689793
690322
691658
693663
693843
695509
697399
698222
700421
700459
700714
701146
704528
705944
708050
708821
710169
712992
714177
716751
718249
718617
719342
721909
721975
723271
725436
725823
726360
727139
727402
728064
728216
728659
729325
730048
730272
730327
730726
732623
732819
733567
734641
735815
738270
738781
740062
740254
741041
741297
744166
745087
745404
747477
748723
750537
751511
753745
754441
754649
757288
759912
760653
761344
762597
765299
765382
765821
768240
768668
768800
769202
770530
771480
772052
773560
774114
775429
775720
777157
777370
777768
778966
780388
780674
781835
782384
784253
784906
786182
787413
788799
795435
796198
797921
798119
799714
799904
800630
809850
811086
811295
813444
813691
814255
815313
816547
822162
824261
825327
827841
829431
831229
831739
832582
832695
834719
835907
838741
839379
841126
841380
842407
843057
843063
843463
843703
844275
844693
845903
846021
846413
847121
848292
849130
849745
851469
851877
852196
852846
856738
856754
856849
860127
860256
861805
861961
863351
863449
865355
866642
867668
869056
869516
870168
870327
870393
873299
873568
873569
874895
875710
875962
877913
878428
878914
879308
880091
880316
883897
884054
884506
889517
890085
890575
892176
894107
896199
897606
902908
905960
908023
908117
908881
909589
911691
912410
913588
916354
920401
920792
921157
921375
922216
923108
924301
924518
925294
925386
925595
926567
928520
928779
929047
929119
929405
929889
930579
930600
931118
931721
931886
934464
937402
937654
939255
940696
941424
942068
942694
943183
943538
944604
946330
947144
947422
949708
950647
951000
951615
952123
952350
954824
955543
956593
957870
959829
961019
961137
961361
961600
963143
964202
969913
970132
970877
972747
973790
974795
974866
974979
977233
978308
978690
979301
979956
980614
981380
981482
981546
982418
987446
988545
988929
989555
992048
992992
993237
996794
997835
998724
998743
999853
1000652
1001140
1002505
1005367
1007240
1007682
1008335
1008632
1009235
1009866
1009913
1010543
1012723
1012771
1013138
1013193
1014778
1014868
1015881
1016603
1018327
1020082
1021512
1022069
1023230
1026567
1027064
1028099
1028194
1028746
1028929
1030074
1031657
1032542
1032845
1032867
1032937
1033348
1034069
1036134
1038472
1039857
1039934
1041249
1043630
1043874
1044283
1044450
1044581
1051570
1052797
1053771
1054054
1054333
1054466
1054528
1054904
1056087
1056596
1058297
1058551
1059163
1059394
1059622
1060482
1060782
1061160
1061186
1062334
1064123
1065363
1065560
1065592
1065881
1067040
1067416
1069224
1069393
1071388
1072969
1072974
1073043
1076140
1077048
1077201
1077633
1077886
1078551
1078884
1079053
1080120
1083413
1084053
1086195
1086293
1086612
1087875
1088847
1088912
1089502
1089659
1089777
1090347
1090581
1090642
1091181
1092177
1092774
1093542
1094406
1094698
1095537
1097587
1097710
1097807
1098623
1098912
1100010
1100203
1100830
1101620
1102190
1103479
1105475
1105591
1105789
1105833
1106398
1106831
1107157
1107726
1107756
1108511
1108950
1111184
1113161
1113289
1113689
1114012
1114209
1114358
1114518
1116230
1116733
1118585
1120017
1121165
1121991
1124041
1124505
1125547
1132526
1133160
1133847
1134128
1135562
1135692
1138702
1139649
1141986
1144035
1144503
1144519
1145940
1146312
1146390
1147306
1149820
1150020
1151139
1151185
1152053
1153132
1153871
1154338
1154452
1156023
1156583
1157893
1158426
1158708
1161221
1165512
1167238
1167530
1171151
1171773
1172592
1172652
1173311
1174994
1176187
1177293
1178053
1178132
1178368
1178511
1182104
1182956
1183612
1183955
1184611
1184700
1187355
1188204
1192421
1193850
1194344
1198276
1198844
1198954
1199831
1200557
1201705
1201893
1202093
1203649
1204716
1206156
1208091
1208697
1208892
1209462
1210771
1210942
1211648
1212894
1215813
1217962
1218844
1219342
1220328
1221521
1221834
1223139
1224012
1224443
1225693
1228312
1230169
1230269
1232266
1234425
1234587
1235437
1236406
1237381
1238386
1238863
1243246
1244718
1245308
1246866
1247295
1248028
1248465
1249654
1250787
1251447
1251760
1252234
1252238
1252874
1252976
1253091
1253267
1255290
1255683
1258085
1259092
1260619
1261249
1263509
1265578
1266308
1268545
1270524
1270779
1270873
1271339
1271571
1272128
1272564
1276428
1278321
1281299
1281859
1285586
1286040
1287450
1290339
1290584
1291065
1296381
1299288
1300806
1301403
1301782
1303609
1305964
1306229
1306431
1307474
1308217
1310728
1311940
1317123
1318226
1318271
1319744
1319918
1320083
1320793
1321753
1322238
1322452
1322592
1323560
1324477
1324699
1325098
1325433
1325549
1325786
1327123
1327394
1329392
1329576
1331804
1333595
1334557
1335455
1337231
1340225
1342110
1346237
1346275
1347558
1349173
1351988
1353455
1354887
1354985
1355664
1355675
1360904
1361471
1362043
1362216
1362825
1368541
1368634
1369054
1369866
1370115
1370332
1371039
1372878
1376415
1377911
1379427
1379961
1380488
1380965
1381957
1384802
1385633
1386219
1387012
1387447
1387672
1389041
1389234
1391386
1393410
1393661
1395407
1396254
1396678
1396816
1397574
1398853
1399155
1399686
1400602
1400854
1401890
1402963
1403488
1404190
1407425
1407471
1407967
1414713
1419872
1423830
1424393
1425733
1425758
1426674
1427479
1427680
1427878
1429017
1432771
1434194
1434551
1435126
1435482
1436415
1438853
1441510
1442495
1442814
1443162
1443191
1443852
1444444
1445547
1445891
1446189
1446483
1446833
1447660
1447695
1448325
1448988
1449182
1449981
1451657
1451776
1453426
1453465
1454869
1455715
1456811
1457691
1457975
1458419
1459787
1460064
1460818
1461357
1461660
1462973
1463435
1464051
1464167
1466105
1466850
1468222
1468959
1469021
1469184
1469672
1469790
1470777
1472152
1472187
1472492
1473107
1473408
1473813
1474154
1474274
1474493
1474744
1474967
1475203
1475614
1475957
1476195
1476435
1476737
1479227
1481179
1481298
1482387
1483290
1483600
1484459
1484877
1485763
1486179
1486668
1487059
1487466
1488430
1488488
1488749
1489866
1492217
1492763
1494346
1494897
1495784
1496718
1497215
1498751
1500068
1500195
1500843
1502099
1502597
1503047
1504411
1506654
1507040
1508460
1510605
1511414
1512271
1513232
1513249
1516278
1518711
1523088
1523591
1524155
1525996
1526335
1526356
1526368
1527021
1527164
1527501
1527809
1527868
1530205
1532305
1533975
1534074
1534902
1535610
1536838
1537386
1538911
1540155
1540261
1540362
1541437
1542722
1543192
1543579
1544217
1544883
1545078
1547446
1549560
1549963
1552306
1553281
1555284
1556677
1556840
1557000
1558610
1558624
1558956
1559203
1559633
1560624
1563448
1564215
1565287
1565676
1566639
1567243
1568376
1569691
1569728
1570408
1572303
1573647
1573708
1573927
1574398
1575168
1575331
1575698
1575771
1576333
1577417
1578611
1579208
1580819
1581483
1581803
1582315
1583511
1585458
1586647
1587327
1588192
1588288
1589192
1589820
1589937
1590159
1591178
1591456
1592037
1592368
1592843
1593346
1593868
1594323
1594491
1594546
1596453
1596565
1596676
1596722
1598707
1599713
1600753
1601468
1601497
1601773
1603070
1606104
1607581
1608097
1608541
1608542
1608780
1609685
1610963
1611127
1611131
1611670
1611860
1613921
1615931
1616341
1618103
1621158
1621425
1622196
1622230
1622635
1624492
1627440
1629091
1629755
1633625
1633955
1634278
1635379
1636338
1636942
1637168
1640938
1641077
1641513
1644383
1645175
1646289
1646441
1647369
1647888
1649632
1652068
1652671
1652680
1652681
1655018
1655701
1655832
1657500
1660676
1660786
1661126
1664522
1664753
1666255
1666280
1666690
1667803
1667817
1670522
1671400
1671737
1671906
1672157
1672160
1673883
1674062
1675453
1675890
1676803
1677590
1678141
1679986
1680085
1680722
1681319
1681550
1682529
1682653
1683409
1683676
1686059
1686252
1686997
1689825
1691727
1692407
1692519
1692661
1696124
1697379
1698429
1698822
1699951
1700218
1702581
1704061
1706245
1706791
1707241
1707605
1709660
1712063
1718472
1718583
1722514
1727707
1727914
1729447
1730957
1734391
1737734
1741383
1742203
1745512
1746891
1747756
1748518
1749963
1749987
1750521
