593
1202
1856
2071
2122
3123
3208
3441
3934
3963
4820
4937
5001
5224
5622
6508
7291
7627
7745
8317
8353
8900
9596
9792
9944
10482
11526
17828
18882
19920
21514
21586
25410
25929
26469
26483
26781
27485
28583
28730
29615
29774
30610
32445
33058
33813
37502
40184
40572
40848
41710
42908
45495
46325
46442
47055
48055
48360
48659
50195
54147
57576
59455
61213
61468
61611
62489
67264
69011
70205
70814
71691
71959
74191
75156
75517
76028
76531
78092
78552
79160
79637
80194
84438
86307
86652
87284
88093
88149
88440
90407
90572
91072
91320
91747
93213
93592
93741
94937
97130
98239
99120
99758
101713
104580
111343
112245
113554
115732
115995
116305
116470
117106
117463
118516
120252
121580
122316
122419
123776
123859
123896
125286
125700
126569
127159
133001
133280
135493
144753
145045
146147
153875
155097
156172
162992
167395
167894
168285
171640
175560
175646
180066
181434
183495
185106
187857
190062
190296
190681
192486
193237
194145
195353
196264
203170
203766
205498
207170
208859
210769
213111
213579
216356
216871
217107
217673
219043
219420
219490
221070
221203
221357
221839
221977
223919
224109
225086
225244
225462
225575
225605
226377
227668
227977
228195
228321
228399
229790
231758
231822
232860
235010
236320
236487
238364
238864
240568
241597
242570
243430
245860
246922
247962
248579
248595
249039
249886
252597
252833
253845
254628
255942
257188
259274
259953
260303
261272
262469
262554
264454
264777
266738
267191
267780
268189
270859
270976
271978
272933
273211
274971
277230
278253
278687
279542
279710
279823
281064
283093
285570
285717
288956
290948
291882
293678
294871
295539
297217
297521
298019
298527
302641
302835
303513
304038
305251
305345
309806
313035
314109
314271
314562
314981
316401
316740
319322
319345
320289
322015
322354
322435
322622
323435
323776
324238
325261
329737
330542
332347
333950
335607
336100
336876
338297
338315
341375
341750
343037
343124
343712
346444
347428
347900
348915
349536
351538
351570
354267
354306
356819
357344
361263
362204
363648
365055
366958
368195
370156
370543
372447
373297
373874
376014
376954
378698
379240
380082
381850
383169
383619
384166
384371
386179
386292
386306
387654
390143
390146
390692
391771
391790
392188
392417
392800
392966
394459
395851
396499
396702
397262
399075
402966
403527
406053
406820
407638
409200
409560
411167
416671
417685
419514
419786
421433
421857
422736
426094
426490
426678
426944
427529
428589
428853
429258
433509
433599
436830
438277
438315
439917
445594
449232
451044
452319
456809
456903
458125
460723
460867
460922
462182
463490
466114
466824
466862
466931
468058
473039
475446
476638
476709
479568
480092
481455
482082
482389
483056
483950
485416
485473
485776
485801
486667
488312
491435
492499
492805
492855
495293
496195
501836
505235
505269
506774
507061
507734
508762
512647
513882
513930
514122
515735
517484
521550
522368
522415
522602
523963
524018
524118
525252
527344
527750
528109
529346
529793
530817
531602
532553
532782
536280
537334
537397
537433
540455
542186
543170
545442
546692
546955
547741
549150
550126
550917
551383
553309
554743
554863
554978
555060
555830
556196
556325
556809
559736
561324
562969
563031
563067
566925
567596
567615
567650
567818
573307
573637
575534
577435
579147
582317
582450
583239
583606
586315
586576
587205
590741
594153
595090
595515
596284
598658
599095
600129
606666
610192
610842
616928
617875
620597
621344
621662
621793
627606
629484
629909
630035
630684
631353
633068
633643
635386
635947
637918
638537
640958
641258
643975
647883
649291
651543
652128
653256
654386
657327
660603
661876
662230
663375
663468
663707
664503
665352
666122
666541
667182
667998
671623
672193
674348
676019
676465
676661
676857
678282
678384
679507
680702
681441
682236
683038
685366
687326
689624
689655
691324
692697
693022
693478
694552
694629
695682
695918
697600
697831
698080
699298
701388
702849
704120
705202
705374
706765
707106
707234
707517
708738
711154
711262
712912
715572
716652
717335
717932
718315
718924
719016
721209
723726
724294
724452
724932
725027
725549
729512
729844
730955
732447
733233
733412
735037
735622
738874
740034
740382
740807
743166
743914
744089
745789
746898
747867
749506
749822
750627
752292
753963
754437
755603
755712
757636
760590
767014
767655
767677
768493
772339
772908
773822
774698
775742
777198
777230
777538
781752
785671
787165
787567
788456
789566
791855
794032
795391
795640
798020
798051
798874
799952
800962
803212
804199
805068
809514
811629
814893
815971
817432
817968
818166
818385
819725
822720
823254
824487
824700
824960
831384
832137
834338
834760
840390
840626
841539
842888
843207
844436
845037
847082
847491
847855
849097
850988
854016
855161
855622
857788
860327
862956
865773
867377
867760
868145
869919
874406
875046
876682
877741
883084
883144
885881
888530
888630
893007
894660
895408
896516
898228
898638
898708
898722
898865
899312
899756
900179
900538
901791
902132
902450
902531
903837
904031
904108
904408
906492
906557
908927
909646
910460
910867
911368
911393
911532
911622
912020
912037
912700
914011
914499
914549
916515
917580
918313
918495
918598
919302
919823
920406
921129
921131
921581
921749
922682
924207
925617
925805
926199
928743
930246
930481
930532
934234
934720
934969
935164
936422
942289
943324
943733
944941
945618
945629
948279
949372
952980
954436
956581
957545
958248
958298
959266
960065
960130
961821
961858
962048
963928
968535
968566
969726
970779
972702
974417
976086
979172
979232
979749
980057
980843
982277
982332
985598
987036
990376
991129
991194
991435
992724
993274
993741
994857
995692
997432
997461
1000368
1002184
1002752
1002900
1003441
1004831
1005202
1005660
1007359
1008942
1009227
1010114
1010252
1011422
1011779
1013011
1015094
1017444
1018953
1020219
1021440
1021502
1022896
1023537
1023550
1023730
1025235
1030478
1031462
1035000
1035150
1036360
1037328
1037590
1042963
1044100
1045240
1046592
1046879
1051080
1051311
1055063
1056436
1058487
1059486
1061100
1061735
1065256
1065270
1065532
1067175
1068132
1068684
1069894
1070299
1070456
1071787
1074103
1074186
1074409
1077718
1079549
1079688
1080467
1081173
1081260
1081893
1085807
1086040
1087571
1089148
1091471
1092230
1093349
1095241
1100764
1102718
1103420
1103712
1108977
1109938
1110463
1111428
1112177
1112644
1113182
1113539
1121384
1122981
1127872
1136246
1139271
1140899
1145805
1146474
1152377
1153978
1155201
1160311
1164125
1166629
1168895
1169807
1170713
1172069
1172353
1176150
1176617
1177544
1178610
1178909
1180756
1181674
1182194
1184680
1184904
1187034
1187045
1187696
1189378
1189512
1192079
1194933
1197133
1198329
1198454
1199697
1200579
1201523
1202159
1202418
1202503
1203166
1203744
1204777
1206669
1207518
1209514
1210338
1210901
1212143
1213877
1214741
1214768
1216181
1216447
1217278
1218310
1219798
1220555
1220626
1220695
1223453
1223471
1224457
1228058
1228500
1230368
1230818
1230900
1231313
1231339
1232077
1232206
1233702
1233863
1236211
1236728
1237396
1237958
1239282
1241735
1242805
1243852
1244541
1244588
1245107
1245955
1249434
1250857
1252300
1253153
1253552
1254301
1254540
1255978
1257146
1258144
1258438
1258568
1259334
1261110
1263019
1263665
1265710
1267488
1268319
1268998
1271641
1273400
1275718
1276448
1276746
1278843
1278991
1280928
1281705
1282047
1286213
1286834
1287640
1287690
1287823
1288875
1289026
1289202
1289556
1290461
1295238
1295792
1295877
1295923
1298995
1301632
1303140
1304249
1304698
1306191
1306426
1311856
1313202
1319442
1319715
1319923
1320394
1320994
1321500
1323688
1323838
1325597
1331015
1331630
1335107
1335269
1336494
1336660
1336679
1337558
1343915
1346539
1346922
1348856
1350440
1350505
1350604
1353067
1353912
1357245
1358256
1359747
1360717
1360749
1364451
1365582
1365894
1366156
1367942
1369596
1370495
1372182
1372548
1378244
1380786
1381880
1382363
1383947
1384058
1384062
1385131
1385800
1386257
1386331
1386375
1387256
1387757
1388527
1388680
1388867
1389029
1389336
1389424
1389541
1389872
1389988
1390130
1390437
1390457
1390663
1391115
1391924
1392685
1392954
1393406
1394674
1395770
1396890
1397522
1399359
1399581
1399785
1400417
1400736
1400892
1402010
1403158
1403808
1404622
1406130
1406610
1407980
1408570
1409674
1409721
1410066
1410087
1410233
1410325
1410498
1411566
1411710
1412846
1414433
1414557
1420113
1420269
1421851
1423124
1423227
1425751
1425952
1426032
1426207
1426532
1427196
1429247
1430853
1430892
1431808
1432947
1433661
1434175
1434216
1434316
1438159
1438278
1439849
1442771
1443498
1444107
1446412
1446959
1451052
1451265
1452429
1455783
1456491
1457531
1458297
1458923
1459372
1459711
1460695
1462157
1465396
1465986
1466420
1466502
1468925
1469529
1470314
1470961
1471456
1476535
1478744
1481301
1481425
1481496
1487135
1487998
1488022
1488177
1488807
1488978
1489852
1490658
1491479
1491833
1492621
1495493
1495806
1498660
1498799
1502630
1502971
1503317
1504578
1508127
1508152
1511609
1511726
1512440
1516043
1516095
1517917
1520455
1522996
1523177
1524375
1524623
1530090
1530726
1532062
1532930
1533411
1533716
1534259
1534608
1536515
1539499
1540114
1542821
1544551
1544736
1545393
1546795
1548170
1548884
1549327
1549740
1554292
1555578
1556667
1560605
1562566
1564623
1570217
1572806
1574149
1575596
1576502
1577788
1578281
1579432
1580432
1580595
1582166
1583676
1584146
1585903
1588216
1590886
1591505
1592263
1597973
1600129
1601269
1601701
1603813
1604755
1609381
1610577
1616269
1616786
1621283
1621649
1624716
1624885
1626441
1628478
1629016
1630917
1631192
1634196
1634959
1636175
1636640
1640124
1645491
1646832
1648355
1648831
1651910
1655010
1655080
1659297
1659304
1660455
1663395
1663697
1663997
1664155
1667246
1669873
1670789
1671137
1671333
1674014
1674462
1674719
1675286
1676440
1676658
1677408
1677534
1678715
1680709
1680792
1680897
1683317
1683717
1685678
1685748
1686795
1688875
1688995
1692071
1692096
1695246
1696247
1696988
1697656
1698034
1698061
1700225
1701991
1703929
1704335
1704631
1705047
1707202
1710043
1710767
1712474
1712790
1717618
1719405
1719771
1721361
1722463
1723380
1724694
1726206
1727498
1729505
1729996
1730474
1731179
1731628
1732878
1733547
1737280
1739476
1743169
1743717
1748472
1749130
1749218
1749530
1753312
1757225
1758220
1758718
1758733
1759782
1762913
1766009
1767127
1772976
1775259
1775622
1778619
1779723
1781244
1782871
1783579
1788882
1789347
1790006
1790624
1792718
1795958
1798339
1801538
1802316
1802633
1803513
1803630
1804618
1804905
1805101
1805141
1805215
1805608
1809888
1809916
1811314
1811718
1812315
1812818
1813660
1813704
1815042
1815174
1818727
1818892
1819444
1819562
1819791
1819913
1824001
1825410
1825651
1825973
1826444
1827693
1828725
1828731
1829360
1829453
1829982
1830043
1830396
1830434
1830965
1831035
1831076
1832097
1833538
1833711
1833985
1836136
1836856
1838183
1839329
1839996
1840238
1842006
1842806
1843583
1844625
1845614
1845749
1846714
1848365
1848460
1849513
1849729
1849848
1850293
1851087
1851951
1852880
1854182
1857552
1857802
1859052
1860882
1861392
1864477
1864608
1864939
1865272
1865972
1869940
1872457
1874107
1876130
1876453
1881439
1881579
1882191
1882538
1883448
1884475
1889759
1889772
1889853
1890098
1890275
1890692
1891335
1896522
1897578
1898504
1898800
1899320
1901793
1901876
1902148
1903799
1903883
1903973
1905194
1905681
1907943
1908132
1908767
1909925
1910324
1910447
1911248
1911566
1911670
1911683
1914894
1915568
1916206
1921173
1924818
1928833
1929091
1929542
1933827
1937098
1937997
1939140
1940740
1942650
1945898
1947394
1948998
1949206
1949780
1952396
1955460
1955627
1956252
1959211
1962167
1962185
1963295
1963982
1964655
1967431
1967497
1967760
1968105
1969886
1970650
1970763
1971411
1971869
1971975
1972104
1972460
1972483
1972622
1972854
1973968
1974403
1974488
1975016
1975722
1976013
1976238
1976814
1977171
1977442
1977761
1978134
1978994
1980559
1980590
1981983
1983179
1983367
1984218
1984223
1986518
1986564
1988253
1989017
1990313
1990998
1991410
1991557
1992389
1992631
1996524
1996877
1996995
1997605
1998803
1999283
2000034
2000327
2000812
2001104
2002031
2002138
2002749
2002823
2004299
2004524
2005574
2005759
2005916
2007647
2007704
2009057
2009078
2009485
2009774
2010089
2010787
2012799
2013445
2013636
2013995
2014299
2014361
2015570
2017017
2018272
2019084
2021387
2021616
2022430
2024634
2025052
2026369
2029665
2030539
2031164
2031373
2031698
2032889
2034006
2034108
2034269
2035604
2036343
2038077
2038594
2040668
2040923
2041622
2041634
2041932
2042192
2042288
2044459
2044674
2044734
2045786
2046765
2046939
2047896
2048636
2049595
2050479
2050633
2050726
2051473
2051687
2052338
2052391
2052690
2052764
2053144
2053727
2054150
2054341
2054447
2054585
2054701
2055312
2056471
2056879
2056938
2057720
2059766
2059977
2060336
2061926
2062846
2063037
2063280
2063507
2064483
2064810
2065745
2065828
2066520
2066683
2066688
2066994
2067538
2067565
2067685
2068114
2068507
2068829
2070718
2070734
2073367
2074509
2074642
2076385
2076788
2076929
2077168
2077924
2079808
2079841
2080532
2080612
2081854
2082878
2083173
2085373
2085494
2086613
2087578
2087588
2087767
2087907
2088105
2088203
2088786
2088928
2089695
2091100
2091641
2091756
2092490
2092648
2093143
2093961
2094771
2095021
2095655
2096264
2097653
2097836
2098077
2098701
2101202
2101513
2102829
2102866
2103304
2103979
2105247
2106217
2106357
2107578
2108099
2108511
2108926
2110743
2110930
2111028
2113701
2114784
2114947
2115123
2115334
2115543
2118680
2118906
2119456
2120700
2120840
2121789
2123868
2124040
2124081
2124849
2129808
2130241
2131024
2135243
2137717
2139095
2139401
2139459
2139987
2140022
2143440
2145072
2149293
2149384
2152992
2153922
2154445
2154508
2154776
2155881
2156363
2158348
2158394
2158468
2158536
2160421
2160850
2162612
2162852
2163775
2164984
2165618
2165916
2168469
2170019
2171402
2172239
2175306
2179943
2181554
2181827
2182216
2182956
2185860
2185971
2187004
2188589
2189420
2191014
2191677
2191922
2194405
2197092
2197374
2197471
2198976
2200904
2201528
2202262
2202344
2202462
2211229
2212997
2213731
2214433
2215434
2215578
2216108
2216240
2219699
2220548
2220647
2224434
2225785
2225834
2226330
2226374
2226534
2226576
2227059
2227117
2227874
2228632
2230594
2230925
2231290
2231968
2231994
2232440
2232995
2233435
2233717
2233902
2235554
2236220
2236994
2237001
2237630
2238317
2239236
2239394
2241957
2243785
2244489
2245073
2247261
2248235
2250084
2250444
2251403
2252484
2252797
2255653
2256210
2256250
2258835
2260096
2260485
2262193
2263028
2263273
2264386
2266423
2267125
2267232
2269903
2270274
2273171
2273509
2276276
2278603
2280587
2280621
2282955
2289676
2289838
2294502
2295396
2296079
2300240
2300957
2301346
2303245
2304872
2305222
2310157
2311760
2313984
2314993
2315558
2316669
2318434
2318703
2319288
2320251
2320407
2321553
2321609
2322152
2322341
2324100
2325981
2326173
2326774
2327035
2328119
2328363
2328825
2329299
2332105
2335568
2337931
2338192
2338195
2338964
2339153
2339414
2339811
2340256
2340770
2341375
2342236
2343269
2344818
2345365
2346422
2348173
2351773
2352104
2352379
2353282
2353773
2355213
2356440
2357743
2357965
2358037
2358358
2358577
2360309
2361045
2361825
2362137
2362796
2363802
2366142
2366310
2368972
2369357
2370679
2370818
2371611
2372450
2380727
2380731
2382436
2382906
2382976
2383674
2384545
2384698
2384741
2385624
2388086
2388543
2390442
2390602
2391741
2392113
2395121
2395353
2396200
2397195
2397619
2397874
2399516
2399807
2401563
2402128
2402535
2402839
2403057
2405780
2406035
2406534
2407713
2407743
2407853
2408969
2410113
2410290
2411066
2411892
2412868
2413169
2413326
2415868
2416535
2416688
2417142
2417380
2417622
2418669
2419265
2420128
2420996
2421087
2422441
2424292
2425033
2426305
2428085
2431353
2431685
2432501
2432596
2433019
2433263
2435126
2435710
2436468
2440481
2440652
2440864
2442387
2444503
2445035
2445944
2446277
2447773
2449054
2449709
2452453
2455478
2456165
2456540
2456977
2457412
2458747
2459451
2460427
2461017
2461245
2461458
2461734
2462321
2463890
2463932
2464560
2465085
2465399
2466643
2467110
2467420
2467634
2468746
2468930
2469224
2469449
2470024
2470088
2470112
2471075
2471276
2472133
2473316
2474932
2475425
2476751
2478258
2478355
2478525
2479197
2479839
2479883
2480192
2480406
2481510
2481747
2483263
2484789
2485313
2486482
2487956
2489173
2489252
2492777
2493635
2495280
2496734
2497249
2498460
2499442
2500005
2500841
2502215
2502817
2502978
2504550
2504929
2505353
2510089
2510248
2510747
2511550
2511649
2512508
2513734
2514181
2515054
2517613
2520060
2520244
2522427
2522459
2522739
2522809
2523409
2523633
2525327
2526246
2532272
2532974
2534836
2535757
2540113
2540734
2540899
2542123
2542977
2543499
2546632
2546648
2547118
2547172
2547223
2547290
2549629
2552297
2554924
2557925
2560220
2560885
2560937
2563176
2563764
2564177
2565293
2565854
2566369
2566589
2567593
2567780
2569149
2569329
2569534
2570264
2571137
2571144
2571526
2573236
2573666
2574626
2575442
2576038
2576383
2576927
2578275
2578707
2578981
2579978
2580682
2580894
2582355
2582937
2583816
2584090
2584781
2586022
2586501
2586596
2586952
2587766
2589395
2590366
2591006
2591240
2592743
2592966
2593422
2594471
2594644
2595380
2600351
2600874
2601063
2601102
2601144
2601418
2602304
2602637
2602884
2604440
2604587
2605091
2605782
2606664
2607238
2607240
2607435
2607615
2608546
2608762
2609819
2610313
2610591
2612176
2612523
2612661
2614007
2614557
2615466
2616102
2616330
2617345
2617430
2619732
2620204
2620984
2621442
2622637
2622820
2623700
2626511
2627826
2627918
2628638
2634405
2634624
2635025
2635156
2635366
2636148
2637086
2637268
2637534
2638316
2638449
2640461
2640630
2641012
2643164
2643265
2644128
2647604
2647907
2648304
2648673
2649055
2649239
2652271
2652800
2652996
2655242
2655949
2657150
2657303
2658010
2658500
2658727
2659019
2659034
2660084
2660150
2662917
2665505
2667370
2667921
2668375
2672910
2672956
2673193
2675182
2675231
2677322
2677610
2678238
2678988
2679932
2680437
2681070
2683191
2683258
2685338
2685519
2685995
2686214
2686857
2688856
2688961
2690073
2690320
2691489
2691519
2691800
2692490
2692722
2693372
2693659
2693822
2696722
2696744
2697603
2698415
2698607
2701152
2701200
2701835
2702775
2703627
2704260
2704402
2705605
2705792
2706205
2706637
2706854
2709694
2710081
2712086
2712087
2712520
2713978
2714513
2717010
2718052
2719779
2720701
2722469
2722800
2723306
2723338
2723689
2724639
2725112
2725144
2726689
2727918
2728191
2729622
2730996
2731008
2734680
2734845
2736261
2736713
2737702
2739409
2739428
2740586
2740660
2741841
2741924
2742222
2746068
2746223
2746510
2752987
2753042
2756457
2756467
2756701
2757597
2758419
2761065
2761092
2761814
2762201
2764479
2765306
2766260
2767365
2767669
2768467
2769786
2774149
2774358
2774926
2775913
2782125
2782391
2785040
2789760
2790459
2791015
2794276
2794518
2794997
2795810
2796750
2797015
2797027
2798604
2800958
2801123
2803700
2803742
2803949
2804157
2804166
2804790
2805250
2805655
2807041
2808418
2810703
2810777
2812981
2814678
2814850
2816159
2816709
2817038
2817604
2818437
2819289
2819579
2822907
2822981
2825057
2825416
2825470
2827555
2827695
2828028
2833512
2834776
2835584
2836790
2840744
2844001
2846293
2847006
2847153
2847858
2849672
2850349
2851799
2853410
2854102
2855389
2855508
2856784
2858459
2859193
2859542
2860301
2863163
2863940
2864088
2864155
2864584
2867840
2875326
2877605
2879244
2879652
2879772
2880770
2880874
2886008
2887633
2888415
2890087
2890996
2891225
2891426
2891904
2894317
2898519
2902320
2902538
2909230
2911100
2911409
2911477
2912251
2913873
2913980
2914371
2914501
2917930
2919651
2920064
2921722
2922370
2923745
2924183
2925346
2925556
2927059
2927266
2927353
2927593
2927710
2928385
2928600
2929055
2930505
2931389
2931900
2936108
2936709
2938333
2938955
2939501
2940604
2941016
2943327
2944586
2946342
2946593
2947810
2950298
2951866
2952769
2953639
2957057
2957154
2957846
2957892
2960342
2961660
2962041
2962307
2964745
2965699
2965967
2966111
2966703
2967271
2967337
2967830
2972256
2976515
2980728
2984476
2985067
2986254
2986292
2987512
2988734
2989169
2991416
2992635
2994708
2994767
2996513
2998274
2998887
2999791
3000425
3002057
3004319
3005565
3012303
3013584
3014393
3016108
3017238
3018565
3018645
3018780
3019821
3020000
3020268
3021900
3023585
3024404
3024476
3026675
3028661
3028751
3029736
3032644
3033103
3035202
3036445
3040670
3041199
3041493
3042077
3042756
3043210
3043610
3043742
3043866
3043952
3045828
3046983
3048199
3048791
3048867
3049138
3049182
3049496
3049704
3049869
3050368
3050657
3051058
3051264
3051549
3052300
3052328
3052815
3053566
3055493
3055893
3056489
3057241
3058496
3058965
3059560
3060395
3060771
3061537
3062413
3062772
3062889
3063597
3064708
3065544
3067511
3067748
3067918
3068105
3068505
3069593
3070736
3072136
3072396
3072864
3073683
3075272
3075707
3077243
3078093
3079175
3079839
3079943
3080470
3080723
3080948
3081002
3081076
3081600
3081618
3082075
3084006
3084474
3084580
3084854
3085063
3085795
3087546
3088248
3090044
3091490
3092045
3092341
3094383
3096356
3096747
3100022
3100690
3101545
3103273
3103354
3106613
3107590
3108139
3109801
3113871
3114223
3115700
3115975
3116239
3118852
3119477
3119611
3119946
3120598
3120827
3122824
3125092
3125835
3126354
3128437
3128955
3130770
3132680
3133246
3134513
3135234
3135972
3137394
3137689
3138469
3138834
3139098
3141299
3141689
3143709
3143904
3150417
3151488
3151662
3152220
3153198
3155869
3157421
3158058
3159494
3159738
3160315
3160718
3165962
3166338
3166730
3167121
3167189
3167233
3167419
3168755
3171560
3172589
3173052
3173928
3173987
3174918
3175008
3176508
3178573
3179413
3179462
3179980
3180864
3181069
3181410
3183785
3184073
3184104
3184279
3185590
3186591
3188055
3188158
3188813
3188966
3189564
3190412
3191592
3192087
3192384
3193022
3193122
3194273
3195003
3195132
3195265
3196357
3197837
3199164
3203326
3203454
3204235
3208291
3209433
3209993
3211140
3211501
3216052
3217249
3217484
3217656
3218650
3219662
3219730
3220900
3221516
3222454
3223515
3224803
3224960
3225256
3227338
3227346
3230145
3232510
3236081
3236106
3236184
3237383
3238134
3238450
3239233
3239406
3243601
3243757
3244006
3244542
3245173
3245740
3246444
3246849
3248242
3248437
3249063
3249511
3250547
3251701
3251775
3252328
3253645
3253678
3253681
3254193
3256209
3256758
3257922
3258916
3259011
3259937
3260795
3260929
3261003
3261602
3262461
3262737
3263173
3265951
3266597
3268313
3269031
3269962
3270213
3270774
3271035
3271051
3271500
3271685
3272162
3272389
3274213
3275374
3275462
3275977
3276628
3276632
3277737
3278910
3283025
3285570
3286262
3292190
3293158
3294560
3295474
3296608
3302376
3304570
3310929
3313053
3314665
3315646
3316181
3317424
3317498
3317703
3317709
3318121
3320437
3321252
3321910
3322318
3322392
3322748
3323420
3323803
3324227
3324542
3326129
3326328
3327975
3328258
3329062
3330153
3330918
3332603
3332690
3333597
3335807
3336101
3336275
3338821
3339125
3339803
3340441
3340876
3341304
3341629
3342894
3343879
3344602
3344873
3346280
3347349
3347663
3348837
3349461
3349999
3350787
3351313
3351838
3352389
3353005
3354008
3354013
3354108
3354653
3355082
3355356
3355448
3355554
3355593
3355728
3356137
3356159
3356174
3356734
3356774
3356962
3357371
3357470
3357784
3358004
3358111
3358189
3358654
3358692
3359026
3359103
3359633
3359718
3359744
3359982
3360186
3360201
3360377
3360807
3360831
3360931
3361037
3361069
3361089
3361180
3362452
3362579
3362758
3362783
3363253
3363303
3363384
3363469
3363488
3363520
3363649
3363771
3364458
3364759
3364863
3365025
3365066
3365256
3365468
3365578
3365709
3365839
3365924
3366167
3366185
3366325
3366387
3366448
3366542
3366567
3366645
3366695
3366933
3367107
3367265
3367531
3368026
3368079
3368550
3368571
3368636
3368725
3369134
3369211
3369642
3370516
3370523
3371037
3371583
3371697
3371701
3371780
3372363
3372475
3372843
3372915
3372954
3373365
3373465
3374636
3374715
3375044
3375264
3375414
3375563
3377084
3377204
3377232
3377266
3377380
3377617
3378204
3378309
3378409
3378621
3379001
3379199
3379541
3380037
3380441
3380474
3380650
3381245
3381253
3381466
3381717
3381933
3382050
3382336
3382481
3382592
3382608
3382920
3383205
3383579
3384061
3384238
3384260
3384635
3384636
3384722
3385133
3385246
3385336
3385488
3385506
3385816
3386161
3386184
3386194
3386593
3386802
3387014
3387383
3387408
3387620
3387719
3387732
3387738
3387767
3387880
3387887
3388511
3389019
3389084
3389199
3389590
3389896
3389925
3390334
3390501
3390551
3390945
3391528
3391752
3391762
3391831
3392071
3392520
3392987
3393725
3394320
3394361
3395063
3395090
3395113
3395125
3395497
3395773
3395995
3396631
3396903
3397355
3397516
3397540
3398593
3399222
3399549
3399888
3400383
3400385
3400405
3400796
3400964
3401013
3401083
3401233
3401761
3402529
3402627
3402810
3403613
3404038
3404138
3404160
3404193
3404212
3404854
3405020
3406348
3406540
3406664
3408161
3408652
3409483
3409787
3410021
3410679
3410908
3411141
3411332
3411517
3411778
3412059
3412108
3412321
3413401
3413981
3414182
3415339
3415886
3416254
3416347
3416506
3417182
3417885
3418363
3418486
3419309
3419570
3419814
3420851
3421156
3421200
3421814
3423175
3424239
3425535
3425971
3426045
3426422
3427151
3427200
3427250
3428171
3428398
3428931
3429106
3429197
3429242
3429384
3429568
3429636
3429820
3429876
3430277
3430279
3430453
3430458
3430467
3431058
3431708
3432403
3433097
3433544
3435093
3435715
3435882
3436243
3436287
3436334
3436361
3436380
3438037
3438211
3438326
3439550
3439917
3440396
3440689
3440723
3440810
3440984
3441182
3441249
3442077
3442186
3442356
3442515
3442590
3442601
3442730
3443187
3443229
3443316
3443337
3443518
3443631
3444048
3444589
3444826
3444864
3444977
3445047
3445064
3445133
3445318
3445352
3445489
3445676
3445776
3445778
3446596
3447080
3447169
3447336
3447610
3447915
3448144
3448224
3448241
3448270
3448288
3448329
3448700
3449003
3449146
3449294
3449445
3449535
3449572
3449759
3450092
3450207
3450250
3450350
3450649
3450760
3451190
3451537
3451865
3452147
3452401
3452551
3452560
3452858
3452875
3452910
3452930
3452953
3453031
3453306
3453343
3453482
3453501
3453527
3454396
3454583
3454645
3455024
3455036
3455105
3455171
3455221
3455273
3455406
3455457
3455575
3455591
3455655
3455715
3455724
3455874
3456034
3456127
3456145
3456233
3456334
3456360
3456388
3456445
3456482
3456687
3456918
3456923
3457317
3457326
3457418
3457445
3457487
3457496
3457531
3457550
3457727
3457815
3457929
3458091
3458104
3458105
3458122
3458538
3458546
3458597
3458652
3458825
3459003
3459126
3459154
3459224
3459304
3459370
3459463
3459634
3459670
3459744
3459765
3459944
3460027
3460251
3460273
3460403
3460418
3460448
3460512
3460517
3460630
3460754
3461162
3461251
3461345
3461680
3461714
3461964
3462076
3462178
3462240
3462257
3462280
3462478
3462601
3462859
3462942
3462958
3463264
3463692
3463742
3463892
3464145
3464147
3464374
3464515
3464599
3464644
3464692
3464882
3464969
3465072
3465209
3465266
3465455
3465632
3465633
3465718
3465883
3465991
3466030
3466121
3466168
3466322
3466546
3466816
3466857
3467041
3467345
3467438
3467445
3467590
3467992
3468068
3468130
3468173
3468533
3468723
3468758
3469239
3469317
3469726
3470021
3470101
3470436
3470460
3470566
3470636
3470659
3470793
3471082
3471122
3471260
3471363
3471536
3471821
3471901
3471941
3472033
3472115
3472137
3472223
3472381
3472404
3472422
3472523
3472592
3472775
3472803
3472921
3473002
3473108
3473248
3473291
3473603
3473717
3473762
3473780
3473864
3473882
3474064
3474172
3474265
3474897
3475109
3475471
3475589
3475606
3476007
3476012
3476111
3476710
3476719
3476833
3477174
3477224
3477243
3477244
3477272
3477353
3477401
3477460
3477773
3477780
3477986
3478299
3478314
3478628
3478838
3478928
3478996
3479273
3479298
3479625
3479713
3479858
3480108
3480135
3480209
3480271
3480352
3480922
3480993
3481214
3481489
3482035
3482134
3482310
3482600
3482775
3483404
3483603
3483725
3483859
3484143
3484912
3485041
3485065
3485780
3486073
3486146
3487124
3487315
3487420
3488048
3488476
3488696
3488943
3489115
3489207
3489346
3489776
3489926
3490098
3490489
3490586
3490857
3491254
3491515
3491571
3491844
3491897
3491984
3492375
3492632
3492788
3492992
3493154
3493285
3493961
3494321
3494436
3494494
3494648
3495042
3495282
3496031
3496317
3496503
3496655
3496742
3496982
3496990
3497466
3499471
3499705
3500098
3500124
3500889
3501367
3502214
3502349
3503022
3503153
3503579
3504032
3504207
3504268
3504715
3505711
3506167
3506239
3506490
3506904
3507410
3508297
3508308
3509399
3509602
3510225
3510833
3510943
3510980
3511142
3511295
3511308
3511533
3511663
3511769
3511809
3511818
3512216
3512224
3512380
3512440
3512731
3513119
3513485
3513708
3513898
3513908
3514089
3514276
3514445
3514464
3514748
3514838
3514871
3514944
3514994
3515976
3516341
3516597
3516641
3516927
3518229
3518771
3518864
3518915
3520883
3520944
3521132
3521567
3521628
3521811
3521979
3522115
3522200
3522488
3523359
3523370
3523473
3523903
3523962
3524223
3524501
3524946
3524956
3525015
3525022
3525507
3526136
3526590
3527487
3528012
3528706
3528999
3529014
3529446
3529726
3530159
3530838
3531490
3531558
3531758
3532442
3532732
3532746
3532774
