155
565
1429
3718
3804
4656
5074
9794
11399
12218
13251
14146
14328
14612
15081
15104
21220
24282
24997
25606
31858
33983
36193
37876
40318
40859
41009
41246
44196
44487
45161
45424
46033
47543
47634
49875
50671
51079
51669
52118
52247
52421
52675
52906
53552
53737
54042
54426
54520
54781
54983
55161
55168
55243
56018
56481
56962
57151
58061
58074
58268
59127
59282
59683
60277
60686
60990
61003
61252
63622
63690
63691
63718
63934
64168
64545
64627
65193
65709
65796
66085
66265
66336
66946
67074
67648
67962
68211
69958
70570
70883
71184
71279
71469
72002
72574
72578
73193
74474
75152
75450
75586
76140
76243
76560
76735
76776
77440
77930
77939
78436
80373
82027
82330
82664
83172
84595
84720
85805
85817
87164
87510
87877
87920
88277
91327
91645
92196
95414
96133
96827
97420
99709
100463
100971
101686
104246
104707
104762
104905
106389
106826
109853
110817
111532
113245
113477
113906
115140
117192
117284
118008
119119
119733
119904
119985
120437
121758
121908
124658
126157
131021
131318
132078
133293
133374
133625
133713
134585
134966
135666
135871
136723
137180
137774
138147
139231
139303
139966
140257
140737
140805
141438
141765
142084
142373
143133
143493
143930
144316
144811
146068
147680
148581
150392
150521
151362
151734
151862
152172
152948
153523
154526
155145
156539
157960
158533
159072
159535
159997
160050
161102
161852
164002
165293
165501
166735
167546
167697
169512
169523
169830
171112
171571
171949
173553
175455
175464
176007
177427
178199
179558
179668
181786
182243
182387
182434
183592
184247
184296
189119
190496
190668
191141
191157
191173
192605
192870
193301
194867
195264
195537
195670
196379
196478
198910
199836
200627
200773
201401
201748
202467
203083
204534
212816
213328
213437
216260
216319
221601
225009
226624
228472
228815
229117
230892
232126
234478
235818
236903
237922
238487
239748
239781
240050
241507
243475
244287
244911
246392
248228
248995
250274
251991
252608
252791
253215
255455
259215
261347
266746
267355
267976
268263
268639
268660
277147
277291
277810
279119
279178
279726
280678
282024
282311
282648
282669
282720
282974
282993
283358
284321
284463
284591
285936
287458
288085
288580
288656
290049
290601
291577
291718
292820
293610
297119
298668
299436
300852
301795
302264
302981
303734
304833
305336
306422
306993
309621
311332
311887
312228
312773
313904
314689
315600
317378
317605
317991
319893
321474
322424
323125
323451
323620
325530
325633
329570
330994
331622
333399
333778
335600
335937
336889
337609
338473
338971
339730
340256
340418
340526
342606
342807
345952
349465
350144
350290
350644
351048
352470
353551
357666
357818
359014
360469
361064
362434
366226
366361
366719
366884
370640
371804
374891
375700
375717
375832
376338
376788
376962
377717
379318
380347
380523
383169
385942
386582
388817
389684
389953
394488
397675
401043
406287
408778
409559
411255
413555
414294
414305
414455
414725
415208
415584
417129
418496
420484
420535
421052
422234
422473
424316
424784
426533
427872
428228
430085
430163
430291
431030
431142
432619
433231
436210
437194
437381
438853
439758
440023
440963
442058
442603
442811
445456
445694
446270
446273
448535
448621
450251
450435
453800
454146
456792
458730
458791
458979
459354
459566
460071
462913
464368
464777
465872
466394
467427
468978
471907
481621
485783
488797
489102
490020
492163
492921
493276
495704
495929
496356
501422
501931
504756
505356
505554
506989
508593
514222
514480
514536
515640
515955
516004
518396
519115
521803
528481
528615
528673
529183
529708
529891
530142
530512
532809
533154
534571
536204
536835
537766
539569
540280
541177
541560
542667
544702
546124
546417
546468
547108
547611
548455
549581
549849
552971
555487
556560
557823
559042
565738
566222
567395
568402
569829
569891
572339
573733
574311
577069
578588
579986
584422
589705
593103
596342
596726
597140
597914
599767
600272
602783
603510
604506
604844
606454
610378
611821
611952
612580
614272
614580
615021
615886
616773
618346
618353
618435
618455
618766
618797
618889
621059
623263
623364
625466
627413
627700
628080
630845
631065
632084
632341
634017
634313
637508
638079
640757
642236
643010
643093
643593
643598
643664
644029
644900
644956
645145
645265
645895
646070
647967
649973
650218
650698
652608
653311
654846
654927
656099
657323
657395
657785
659293
659375
660571
660604
660847
660987
661211
661307
661823
664425
665135
665180
665623
665714
665934
666369
666507
666715
666722
666776
666802
667326
667401
667576
667650
667796
667806
669088
669351
669513
669725
669801
670169
670248
670940
671225
671504
672112
672194
672567
674331
674513
674740
675046
675149
675150
675293
676283
676565
677139
677420
678229
678927
679276
680639
681325
682125
682429
682480
682682
684227
684433
684525
684674
685290
685895
685954
686121
686257
686800
687187
687387
687553
687925
688310
688826
688846
688953
688965
691882
692100
693160
693272
695260
695374
695633
696125
697494
697606
697677
697895
698279
698496
698564
698824
698941
699253
699841
699957
700359
702713
703201
703220
703321
703911
704829
705860
706413
706583
707076
707989
708051
709072
709099
709704
710705
711571
712351
712383
713998
715393
715534
716153
716492
716607
716874
717335
719137
720099
722001
722334
723326
723350
724027
726605
727125
727392
727804
728798
729467
729471
730060
730500
730597
731301
732357
732703
733812
733871
734200
734362
734556
739132
739653
739953
740039
741756
741944
742189
742290
743024
743894
744762
747474
747499
750870
750876
752263
753124
753417
753520
754881
756558
760879
762431
762977
763236
765335
774849
775396
775471
776314
778045
779807
784010
784224
786904
786984
788221
788568
790053
790314
792553
793958
799672
801593
801748
802273
802432
803953
805234
806734
807645
808519
808571
809891
810632
811392
812090
813220
814171
814211
815361
815460
815485
815681
816124
816476
816991
818611
818712
819264
819594
820026
820458
820887
820926
821525
822329
823397
824252
824661
825269
825323
826356
826366
827175
829661
829691
830356
831126
832041
832604
833063
833551
834325
834775
837415
837822
839738
840841
840865
841301
841477
842221
842523
842969
844236
845571
845856
846765
847047
848135
848910
850624
850821
850930
852460
853178
853621
857808
858699
859085
859241
861318
861696
862504
862644
863176
863567
865508
865685
867908
868579
869667
870065
871959
872650
873717
873834
873838
876521
877316
877402
877526
877576
878146
878850
880713
880992
883210
884995
885918
886744
887083
889359
889423
890706
890801
893503
897626
900268
903234
903528
904317
904967
909733
913223
915250
915536
915603
915747
915770
915778
916076
916342
917436
918458
919281
920021
920769
920866
923614
923966
924425
924493
925424
929477
929500
932705
933696
933820
933894
936617
938442
939290
943075
943906
946084
946240
947929
948301
948601
949033
949426
951055
951548
951668
951989
952118
952768
952780
953021
954011
957284
957599
958046
958332
958650
959229
959418
959581
960093
960125
960443
961002
961398
961725
962422
962885
963168
964133
964980
964994
965978
966703
966955
967229
968182
969664
970039
970284
971016
971586
972790
973294
975041
976016
976761
976862
976896
977737
977775
977997
978732
979463
979649
980596
980667
981192
981245
981539
985952
986369
989969
991805
991985
993444
994804
998189
998477
998963
1001888
1002495
1008542
1009202
1011372
1011819
1015363
1015522
1016170
1018640
1019689
1020643
1025183
1026525
1026680
1028195
1028261
1030661
1032455
1033128
1035293
1035465
1036200
1040447
1043050
1044218
1045058
1052464
1052513
1052592
1054047
1054809
1063293
1063997
1064131
1065737
1067905
1070017
1070949
1073027
1075264
1075618
1076565
1078980
1079252
1079606
1079759
1081939
1082075
1082102
1083869
1084434
1085522
1086385
1088769
1088778
1088787
1089495
1089709
1090261
1091447
1091888
1092457
1092654
1093211
1094334
1095279
1095800
1095835
1097460
1097464
1098554
1098567
1098768
1098954
1099135
1099912
1100320
1101437
1101549
1101865
1102147
1102732
1106281
1107273
1108581
1109112
1109698
1111097
1111305
1111338
1112055
1116511
1117319
1120686
1121277
1121898
1122524
1122560
1122673
1122931
1124238
1125168
1126694
1127990
1128120
1128756
1129119
1131072
1132303
1133896
1135780
1137251
1137798
1138441
1139198
1139314
1140409
1140549
1140696
1141508
1141595
1146031
1146313
1147246
1148562
1149685
1150613
1151240
1151428
1151834
1153740
1154025
1155060
1156856
1157705
1158889
1161583
1162555
1163170
1163376
1163395
1163404
1164233
1165727
1166129
1166340
1170674
1173546
1173649
1174237
1177681
1178294
1179707
1179859
1180288
1180419
1180656
1182512
1182724
1183918
1183991
1185023
1186645
1187997
1189087
1189295
1190819
1194137
1194788
1195008
1197114
1197400
1197974
1199537
1199759
1202169
1203934
1204066
1205631
1207997
1208539
1209430
1209566
1209980
1210184
1212130
1212716
1214685
1214688
1215018
1215528
1216427
1217336
1218340
1218375
1218453
1220702
1221736
1222235
1222466
1223013
1223101
1223367
1223857
1223874
1223948
1224453
1225489
1226006
1226080
1226237
1226414
1227458
1227526
1227557
1228685
1228761
1229055
1229065
1229445
1229706
1230408
1230707
1233953
1234836
1235201
1235567
1236010
1236844
1237635
1237812
1237938
1238123
1238358
1239181
1240542
1241881
1242525
1243013
1243564
1243954
1244481
1245110
1245180
1245616
1246554
1246598
1246857
1247088
1247950
1248405
1248849
1248887
1249020
1250204
1250403
1250436
1250517
1250814
1250838
1251227
1251499
1251832
1251914
1252129
1252297
1252334
1252884
1252955
1253261
1254539
1254971
1257128
1258241
1258293
1258446
1258807
1259080
1259328
1259378
1260393
1260775
1260988
1261990
1262069
1263523
1264376
1264437
1264758
1265842
1266093
1267545
1268103
1268757
1268845
1270189
1270584
1271733
1272208
1272979
1273422
1275201
1275318
1275632
1275808
1276055
1279232
1279334
1279439
1280449
1280876
1282604
1282663
1283387
1283389
1285287
1285671
1288302
1288790
1288977
1290163
1290205
1290242
1290265
1290335
1291269
1292112
1292633
1292798
1292816
1294067
1295118
1295988
1301941
1302881
1303155
1303945
1304326
1306040
1307358
1308083
1308426
1310150
1310277
1311105
1312835
1313207
1316724
1317769
1319288
1319578
1319607
1322036
1324546
1325095
1329732
1330392
1330668
1331070
1333460
1335470
1336513
1338390
1341890
1343552
1344199
1344516
1344719
1348667
1349177
1354578
1355426
1355908
1359033
1359576
1359828
1360947
1361124
1362740
1365294
1368181
1370184
1372193
1375089
1378024
1380566
1380809
1383169
1385364
1387551
1388249
1388358
1391077
1392387
1392681
1392688
1393004
1394015
1394458
1394632
1394805
1395180
1398068
1398177
1399808
1406280
1406605
1406797
1408661
1409937
1411527
1415221
1416284
1417675
1418231
1420480
1426295
1426652
1427582
1431275
1432364
1432789
1434107
1439078
1440108
1441273
1444183
1444516
1445735
1447316
1448931
1449785
1450721
1450744
1452206
1452957
1456422
1458003
1458332
1459248
1459845
1459986
1460960
1461787
1461929
1465485
1466288
1466394
1466584
1466718
1466927
1466971
1467406
1467499
1467654
1469704
1469862
1470972
1471036
1472115
1475889
1476629
1478011
1478045
1478907
1480033
1480478
1481650
1482284
1483715
1483901
1484796
1485175
1486716
1488730
1490010
1490167
1490522
1492262
1492606
1493232
1493933
1494052
1498193
1498215
1498559
1499845
1499861
1500793
1501145
1502581
1504231
1504343
1505712
1505856
1506467
1507074
1508110
1508534
1508998
1509858
1509919
1512849
1513316
1513327
1513885
1514076
1514297
1514524
1515466
1515467
1515652
1516041
1516495
1517313
1517541
1517573
1517704
1518157
1518801
1519918
1519999
1520135
1520262
1520314
1520732
1520871
1521084
1521218
1521306
1521334
1521582
1521799
1521870
1522539
1522756
1522857
1523077
1523278
1523733
1523942
1524023
1524188
1524365
1524510
1524526
1524962
1524998
1525767
1525896
1526012
1526084
1526174
1526607
1526839
1527223
1527445
1527563
1527724
1527991
1527999
1528078
1528219
1528267
1528557
1528630
1528717
1528908
1528935
1529202
1529421
1529456
1529515
1529670
1529712
1529732
1529793
1529824
1529849
1529885
1530008
1530040
1530124
1530173
1530318
1530324
1530433
1530529
1530602
1530629
1530638
1530639
1530850
1530869
1530940
1530998
1531113
1531176
1531268
1531554
1531597
1531647
1531738
1531940
1531976
1532043
1532424
1532470
1532480
1532773
1532924
1533026
1533177
1533403
1533621
1533884
1534465
1534530
1534794
1534826
1535141
1535478
1535626
1535658
1535696
1535703
1535759
1535786
1535800
1535823
1535912
1535943
1535958
1535962
1536054
1536409
1536584
1536604
1536730
1536812
1536854
1537006
1537059
1537122
1537463
1537510
1537602
1537691
1537806
1537809
1538013
1538021
1538204
1538363
1538489
1538534
1538598
1538603
1538721
1538848
1538920
1538927
1539227
1539345
1539560
1539570
1539576
1539635
1539792
1539797
1539818
1539957
1539991
1540241
1540974
1541035
1541056
1541084
1541404
1542534
1542720
1542857
1543337
1543878
1544382
1544441
1544983
1545150
1545393
1545664
1545669
1546028
1546143
1546260
1546261
1546957
1546996
1547070
1547423
1547482
1547969
1547999
1548637
1548811
1548813
1548955
1549272
1549382
1549444
1549539
1549794
1550286
1551134
1551181
1551590
1551696
1551765
1552058
1553462
1554336
1555999
1556043
1556367
1556376
1557004
1557707
1557737
1558103
1558482
1558941
1558958
1559043
1559698
1560783
1561435
1562141
1562198
1562510
1563087
1563579
1563582
1563783
1564067
1564260
1566054
1566589
1566670
1566945
1568139
1568169
1568453
1569047
1569271
1570067
1570400
1571146
1571283
1572703
1576106
1577387
1577997
1578174
1579428
1579732
1580814
1581434
1582186
1582232
1582342
1583392
1583625
1584305
1584363
1584585
1584840
1584868
1586993
1587231
1587366
1587786
1589520
1589989
1590056
1590356
1590393
1590879
1591846
1593479
1594184
1594272
1594347
1597961
1598279
1598796
1602404
1603091
1604362
1604725
1605591
1605799
1606031
1608051
1608172
1608264
1608290
1611503
1612332
1614941
1615032
1615132
1615159
1615530
1616875
1617448
1617479
1618266
1618564
1618591
1618761
1619427
1620294
1620305
1622013
1623396
1623924
1623971
1624781
1626307
1626533
1626579
1627904
1628074
1628222
1628465
1628718
1629201
1631519
1631678
1632717
1633411
1634382
1635342
1637557
1638722
1639575
1641076
1643808
1644005
1644979
1645475
1646585
1646905
1650510
1650754
1651200
1652878
1653636
1654182
1654652
1655956
1657215
1659452
1660649
1660704
1661069
1662170
1665436
1665603
1667934
1668548
1669450
1669760
1669871
1669938
1672018
1672285
1672616
1672674
1672942
1677166
1678039
1678974
1679084
1679161
1680196
1680227
1680270
1680621
1680704
1681134
1682661
1682911
1682932
1684039
1685188
1686503
1686906
1687467
1687748
1688022
1688876
1689282
1690062
1690333
1691012
1691051
1692576
1693209
1693856
1694826
1696378
1696621
1697737
1700265
1700686
1700828
1705444
1706542
1706860
1706985
1709219
1709227
1710118
1710143
1712778
1713315
1713725
1714068
1715851
1716503
1718405
1719914
1722436
1722528
1723335
1723639
1724299
1725074
1725204
1726099
1726804
1728037
1728120
1729819
1729826
1730270
1731076
1731302
1735603
1736464
1736488
1737066
1738815
1740434
1741119
1742060
1743109
1745538
1748170
1749942
1750117
1750797
1752484
1753304
1755909
1755959
1756003
1756580
1756711
1759046
1761989
1764131
1765477
1766086
1766839
1768153
1769962
1770115
1770332
1771001
1773119
1773527
1774207
1777796
1779965
1781513
1781738
1782342
1784674
1786226
1787519
1788049
1789692
1790978
1791630
1791804
1792813
1794311
1796435
1797394
1798472
1802912
1803757
1804795
1805023
1805248
1805460
1806061
1807531
1807666
1807939
1808023
1808059
1808443
1809005
1809771
1810457
1810625
1812300
1812760
1814294
1814892
1815128
1815741
1816646
1816673
1817062
1818474
1818969
1819417
1819637
1820236
1820351
1820971
1821340
1821661
1821731
1822215
1822495
1824072
1825352
1825518
1826135
1826645
1830311
1831843
1833081
1833132
1833930
1835842
1836158
1836614
1837059
1839449
1839571
1839665
1839742
1839826
1839884
1842255
1842344
1842594
1843925
1844661
1846069
1846734
1846929
1848540
1848554
1850070
1852271
1854868
1855125
1855218
1855221
1857161
1857263
1858685
1859169
1859653
1859862
1860342
1860443
1862574
1863357
1864039
1864371
1867922
1867996
1868375
1870424
1871030
1872655
1872880
1874510
1875292
1877587
1881559
1882829
1884066
1885256
1885812
1886868
1887893
1888196
1888445
1889155
1890557
1890696
1891380
1892066
1892445
1893268
1893556
1893815
1893833
1895166
1899255
1899297
1900776
1902611
1904499
1905504
1905712
1907829
1909890
1910437
1911410
1911693
1912451
1912800
1914543
1916618
1917211
1918822
1919703
1920739
1922076
1922716
1925416
1925980
1926017
1927139
1927549
1927916
1928407
1928550
1929361
1929938
1931492
1934330
1935136
1935572
1937334
1938151
1939512
1940252
1940481
1944211
1947270
1948297
1948356
1950459
1950780
1954580
1955363
1955515
1956168
1957622
1958526
1959498
1960886
1961026
1961357
1962523
1963445
1963761
1964024
1964083
1964888
1965084
1965554
1965885
1966381
1967271
1967923
1971112
1972825
1973502
1975723
1976346
1979312
1983280
1987166
1987444
1987540
1990215
1990267
1993898
1995234
1996122
1996589
1997494
1997507
1998144
2000460
2000547
2000572
2002242
2003275
2003387
2004227
2005642
2006661
2007221
2008184
2008484
2008945
2010830
2014169
2015215
2015364
2015749
2018164
2021015
2021198
2023114
2024166
2024235
2024387
2024708
2025960
2026062
2026171
2026695
2027480
2031858
2032353
2032428
2032697
2037538
2040212
2040775
2040867
2041290
2041876
2043540
2044588
2045708
2049315
2049721
2050133
2052130
2054870
2056227
2058267
2058812
2061621
2062069
2064050
2064315
2064829
2066998
2067013
2067995
2068775
2070374
2072078
2072409
2072645
2072833
2072916
2074834
2076252
2077075
2077467
2077677
2077756
2078712
2081436
2082027
2088781
2090205
2093395
2096815
2098438
2098997
2099221
2104873
2108008
2109164
2110741
2112382
2112764
2114550
2117002
2117984
2120147
2120342
2121501
2122012
2123448
2123836
2124943
2125002
2125183
2126839
2128207
2130911
2133885
2134758
2135360
2135624
2136055
2137426
2138252
2141072
2141295
2143864
2143877
2145715
2148325
2152717
2158844
2160638
2161849
2163050
2163494
2164637
2165655
2166585
2167193
2170362
2170668
2172811
2173388
2173656
2176301
2178654
2179520
2179802
2180449
2183250
2186521
2189202
2189412
2189866
2190409
2192949
2198699
2199043
2199546
2203418
2206732
2207001
2208584
2208721
2210002
2210929
2212767
2213487
2216378
2217183
2217254
2217664
2219539
2219948
2222747
2227634
2227696
2228012
2228071
2230294
2231268
2233251
2233675
2234036
2234601
2235186
2235410
2235966
2237289
2238490
2239262
2239324
2240753
2241143
2241238
2241614
2242193
2243987
2245552
2247732
2249434
2249642
2249736
2249816
2250216
2250574
2250641
2250886
2251026
2251100
2253361
2253665
2256704
2257833
2258751
2258807
2259737
2259913
2259926
2260870
2261009
2261552
2261590
2261646
2261800
2261971
2262061
2262218
2262367
2262548
2262674
2262964
2263088
2263206
2263320
2263437
2263456
2263781
2264278
2264280
2264472
2264694
2264992
2265134
2265422
2266013
2266035
2266044
2266112
2266477
2266655
2266829
2267087
2267394
2267460
2267804
2268054
2268110
2268179
2268653
2268686
2268707
2268818
2268857
2269245
2269283
2269461
2269643
2269663
2269735
2269794
2269834
2269912
2269972
2270100
2270233
2270386
2270582
2270640
2270642
2271176
2271372
2271544
2271653
2271744
2271984
2272032
2272087
2272209
2272423
2272514
2272524
2272541
2272631
2272665
2272706
2273056
2273268
2273342
2273385
2273402
2273585
2273715
2273955
2273962
2274039
2274304
2274353
2274393
2274604
2274735
2274752
2274786
2275454
2275983
2276256
2276493
2277672
2278321
2278562
2278582
2278628
2278711
2280142
2280188
2280250
2280525
2280779
2281343
2281415
2281479
2281770
2281997
2282020
2282080
2282299
2282908
2283059
2283319
2283385
2283434
2283457
2283520
2284339
2284387
2284579
2284629
2284718
2285124
2286070
2286072
2286297
2286614
2286673
2286825
2286904
2286968
2287151
2287497
2287580
2287955
2288279
2288379
2288381
2288827
2289106
2289139
2289140
2289163
2289209
2289658
2290380
2290846
2290969
2290983
2291033
2291870
2291973
2292298
2292402
2292520
2292589
2292698
2292760
2292787
2292904
2292999
2293568
2293878
2294063
2294442
2294731
2294812
2294831
2294852
2294937
2295114
2295281
2295672
2295709
2295963
2296417
2296824
2296992
2297425
2297798
2298549
2298828
2298894
2299253
2300674
2300723
2300773
2300791
2300901
2300997
2301180
2301625
2301859
2302300
2302342
2302657
2302677
2302805
2302866
2302935
2303047
2303057
2303454
2303651
2303663
2303796
2304384
2304882
2305331
2305433
2305730
2305869
2306103
2306267
2306855
2307018
2307228
2307285
2307487
2307742
2307884
2307946
2308065
2308533
2308793
2309181
2309556
2310009
2310761
2310845
2310847
2311106
2311416
2311503
2311798
2311834
2312115
2312200
2312298
2312484
2313536
2314171
2314197
2314284
2314319
2314373
2314402
2314783
2315231
2315323
2315472
2316158
2316566
2317413
2317569
2317620
2317694
2317968
2318148
2318339
2318438
2318747
2318810
2319383
2319419
2319785
2319911
2320079
2320108
2320171
2320197
2320523
2320562
2320954
2321099
2321124
2321257
2321502
2322058
2322470
2322588
2322824
2323087
2323300
2323414
2323527
2323784
2323868
2323870
2324143
2324154
2324723
2324724
2324955
2325214
2325677
2325782
2326320
2326345
2326409
2326779
2327355
2328492
2328527
2329053
2329101
2329476
2329670
2329708
2329778
2329971
2330223
2330311
2330733
2330840
2330949
2331710
2332418
2332612
2332755
2333435
2334653
2334711
2334798
2335004
2335031
2335820
2335870
2336016
2336234
2336246
2338610
2338782
2338801
2339483
2340093
2340297
2340593
2341414
2341636
2341762
2342054
2342997
2343009
2343185
2343188
2343997
2344896
2345908
2345968
2346226
2346260
2346295
2348373
2348760
2348774
2349093
2349297
2351414
2351757
2352172
2352930
2353734
2353806
2353903
2353957
2354821
2354878
2355295
2355413
2355778
2357188
2357721
2357797
2357982
2358769
2359141
2360474
2361304
2361510
2362017
2362202
2362382
2362528
2362553
2362760
2363904
2364447
2366386
2366392
2366904
2367725
2368330
2368339
2369122
2369224
2369621
2370005
2370612
2370718
2371631
2372384
2372519
2372815
2372915
2373167
2373393
2373544
2373568
2374455
2375267
2375442
2375692
2376666
2378074
2380442
2381250
2382070
2382154
2382952
2384317
2385188
2386499
2389485
2389948
2390132
2390743
2392635
2394624
2394997
2396108
2396868
2401110
2405527
2408903
2409924
2410418
2412921
2415191
2415520
2415613
2417577
2421425
2422083
2422626
2423326
2424210
2424244
2424317
2424553
2425068
2427332
2427336
2427836
2430420
2430760
2431611
2434358
2435668
2435738
2436987
2437929
2438756
2439859
2439935
2442351
2442794
2442954
2443238
2443286
2447220
2448202
2448255
2448284
2449679
2450123
2451949
2452794
2455070
2455821
2456750
2456842
2458266
2458617
2459224
2460517
2460805
2460976
2461434
2461604
2461882
2463128
2463494
2463574
2463934
2464530
2464632
2464680
2465877
2466180
2467110
2467166
2467566
2469126
2469354
2469619
2469690
2470167
2470521
2470541
2471050
2471262
2472813
2473518
2474135
2476823
2478048
2478508
2478968
2480179
2480182
2480647
2481139
2481266
2481502
2481754
2482259
2482767
2483740
2484163
2485438
2485538
2485933
2486085
2486111
2487388
2488896
2490077
2490845
2491450
2491826
2492877
2493027
2493610
2494337
2495287
2496379
2497444
2497535
2498001
2498284
2498650
2498883
2498994
2499221
2499813
2500644
2501395
2502114
2502490
2503511
2503515
2503766
2503848
2504370
2505923
2507928
2508216
2508432
2509154
2510167
2510648
2511055
2511613
2511853
2512169
2512422
2514236
2514763
2515062
2515560
2517040
2517754
2518155
2518232
2518716
2519034
2519114
2521124
2522114
2522335
2522852
2523357
2524891
2525840
2529517
2531370
2532329
2532585
2533347
2534587
2534953
2535073
2535641
2536865
2537018
2537925
2539641
2540093
2541027
2541455
2541575
2541613
2542712
2545342
2546393
2546559
2546777
2547879
2548392
2548899
2548981
2549886
2550736
2552112
2553052
2554138
2555439
2556103
2556162
2556678
2558677
2558981
2560533
2560693
2561752
2562089
2562268
2562338
2562347
2562522
2562938
2563044
2563715
2563866
2564932
2565183
2565705
2566426
2566949
2567372
2569244
2569280
2570529
2571239
2573683
2574121
2574606
2575052
2575426
2575452
2575472
2575736
2576122
2576196
2576507
2576615
2576633
2576673
2577717
2578171
2578241
2579637
2579937
2580025
2580617
2581597
2581852
2582062
2582071
2582704
2585154
2585870
2588073
2588463
2588510
2589063
2589138
2589185
2591646
2591838
2592615
2592891
2593451
2596065
2596433
2597604
2598454
2599004
2599275
2599766
2600091
2600504
2600782
2601871
2601878
2602245
2602267
2602364
2602394
2602947
2603564
2603828
2604541
2604802
2606598
2606699
2606743
2607581
2608000
2609467
2612024
2612366
2612381
2612567
2613416
2614629
2614691
2615149
2615954
2617582
2619389
2621230
2621894
2622877
2623531
2623545
2623636
2623957
2624417
2624602
2624874
2625476
2626742
2626791
2626827
2627439
2627473
2627782
2628282
2629965
2630400
2630690
2631249
2631410
2634876
2635017
2635509
2635990
2639194
2639844
2640588
2641531
2642458
2646209
2647674
2648911
2649011
2650005
2650268
2650418
2652289
2655558
2655638
2660156
2660997
2664300
2664660
2664713
2666988
2667741
2667896
2668303
2668616
2670489
2671076
2671467
2672248
2672298
2672505
2673662
2674153
2675360
2675704
2677920
2678768
2678926
2679848
2679911
2680314
2680825
2681606
2682452
2683398
2683959
2684122
2684304
2685690
2686676
2687901
2687906
2687918
2688091
2688543
2689461
2689719
2689955
2690062
2690541
2692068
2692126
2692452
2692576
2692670
2693664
2695359
2696350
2696562
2701704
2701800
2701822
2702701
2702842
2704457
2704572
2705388
2705500
2705888
2705927
2706997
2707881
2708203
2708843
2709008
2709080
2710169
2710235
2712132
2714104
2714343
2716125
2717157
2717627
2718063
2718125
2718312
2719429
2719933
2720898
2723606
2723726
2724861
2728115
2728712
2729070
2730077
2731510
2731598
2731955
2734862
2735379
2735873
2737001
2737617
2738830
2740668
2740804
2742846
2745057
2745411
2745857
2748078
2750032
2752664
2753055
2753777
2756819
2758888
2759088
2762290
2766599
2769179
2769739
2770422
2772978
2774173
2776046
2776649
2777475
2778761
2779481
2779677
2780851
2781278
2782474
2784063
2784260
2784974
2785002
2785364
2785783
2786549
2787231
2787819
2788177
2789046
2789176
2789393
2789854
2791002
2792379
2793661
2794255
2795305
2795335
2796220
2796696
2799847
2799976
2800496
2802081
2802243
2802555
2803292
2803417
2803729
2806031
2808034
2812449
2812557
2813244
2813267
2817271
2818244
2818371
2818631
2821034
2823884
2824584
2827089
2827443
2827685
2827779
2828880
2829092
2830274
2830971
2832111
2833990
2834986
2835376
2839722
2840751
2840865
2844455
2844990
2848238
2848660
2851010
2851505
2857260
2857396
2861010
2862393
2862819
2863562
2864279
2864831
2865160
2866021
2866047
2866339
2867041
2867459
2868677
2869793
2870413
2873024
2873682
2874481
2876001
2876019
2876634
2877213
2877441
2877991
2878848
2878950
2879159
2879749
2880116
2880168
2880285
2883840
2886539
2887847
2888123
2888395
2890688
2891120
2892930
2893152
2893915
2894194
2894392
2895088
2895669
2896238
2897334
2899269
2900595
2902581
2902764
2902817
2904030
2904870
2905307
2905845
2905852
2908742
2908940
2909651
2910555
2911253
2911355
2911385
2913687
2915155
2915700
2915955
2916374
2916836
2917076
2917090
2918608
2919653
2920372
2920653
2920664
2920669
2920904
2921435
2922604
2924915
2924916
2925346
2926591
2926972
2927179
2928785
2929226
2929570
2930643
2931291
2935353
2935930
2936286
2936562
2937849
2937955
2938721
2940393
2941578
2942604
2942963
2943613
2943983
2944087
2944205
2944298
2945633
2946305
2946573
2946720
2946872
2948863
2949601
2950302
2950874
2951118
2952799
2952920
2952926
2953254
2953387
2953598
2953757
2953885
2954082
2955044
2955230
2956279
2956349
2956848
2957760
2958016
2958706
2958805
2958885
2960264
2960679
2961507
2962594
2962792
2963525
2963900
2963911
2965412
2965939
2966414
2966738
2967200
2967987
2968124
2969307
2969451
2969575
2970075
2971028
2971161
2971551
2972541
2972667
2973634
2973672
2977233
2978142
2978931
2978954
2979814
2980407
2982007
2982594
2983882
2984306
2984713
2985476
2986736
2986747
2987571
2987673
2988259
2989352
2989393
2997144
2997777
2998665
2999565
3000054
3000920
3001337
3004148
3005522
3006030
3008912
3009044
3009131
3011660
3012182
3012520
3012873
3014136
3014818
3015164
3015673
3017345
3019365
3019805
3020654
3021751
3023063
3024690
3024782
3024852
3025404
3025877
3026040
3028206
3028210
3031467
3031848
3033173
3033182
3033400
3034182
3034362
3034451
3035003
3035387
3035627
3035745
3037134
3037821
3038085
3040073
3040146
3043029
3043307
3043469
3043923
3044430
3045808
3046442
3047053
3048022
3049945
3053731
3055009
3055399
3057411
3057462
3060786
3061700
3061721
3062881
3063263
3065714
3066064
3066211
3066282
3067487
3068129
3068334
3068679
3068778
3069485
3069921
3070863
3071140
3071314
3074161
3074315
3074606
3074849
3076303
3076314
3077576
3077996
3078574
3078833
3078847
3079205
3079533
3079870
3080985
3081194
3081236
3082080
3082585
3084508
3084586
3085343
3085887
3087326
3087492
3088128
3088268
3088686
3088697
3089161
3089309
3089714
3090611
3091106
3091276
3091666
3091889
3092364
3093624
3094440
3094689
3095511
3095703
3095867
3096317
3097120
3097807
3098213
3098379
3098569
3098699
3099141
3099143
3099768
3100142
3101158
3101449
3101464
3101860
3102432
3102517
3104814
3105100
3105250
3106595
3107005
3107039
3107792
3108257
3108969
3109741
3111001
3111141
3111426
3111526
3112080
3113140
3113464
3113641
3113740
3117085
3118548
3119405
3119734
3119744
3119992
3120514
3120769
3121268
3122235
3123744
3123993
3124076
3124592
3125058
3125292
3125840
3126558
3127986
3128583
3128602
3128684
3128824
3130947
3131272
3131893
3132066
3132099
3132152
3132821
3133182
3134060
3134535
3135191
3135538
3135723
3136571
3136875
3137193
3137612
3138043
3138299
3138944
3140305
3140554
3140598
3140843
3141039
3141279
3141677
3142229
3142691
3143360
3143627
3143724
3144882
3145565
3146368
3146702
3146725
3148097
3148235
3148443
3148530
3148853
3149176
3149887
3150129
3150601
3150880
3151120
3151506
3153134
3153139
3154245
3155210
3155254
3155329
3155613
3157451
3159104
3159522
3159848
3162294
3163245
3163303
3164349
3165330
3167557
3167625
3168239
3170893
3174103
3174205
3175057
3175180
3175200
3175265
3175655
3176341
3179520
3180213
3181345
3182424
3183808
3184188
3187036
3188751
3189664
3189813
3190083
3192363
3197218
3198102
3199094
3203079
3205164
3205927
3207463
3207674
3209904
3210239
3214882
3215689
3217042
3217370
3222847
3225020
3226570
3227170
3227933
