120
328
513
910
1569
1999
2145
2224
2653
4572
4966
5592
6995
7031
7476
9848
10208
10216
12561
12613
12753
13972
14098
14790
16592
17026
17167
17215
18148
18211
18715
18994
19234
21020
21686
22067
22572
22743
23024
23420
24050
24054
24652
25239
25240
25359
25430
25552
25566
25805
25892
26291
26398
26533
27266
27515
27608
28131
28571
28816
28947
29096
29155
29616
29675
29917
29938
30011
30072
30430
30549
30614
30796
30888
31086
31277
31529
31803
33183
33374
33434
33460
33776
34105
34148
34170
34353
34982
35129
35333
35447
35547
35622
35720
35733
35939
35942
36037
36218
36418
36687
36800
36935
37040
37140
37527
37717
38402
39437
39540
39640
39642
39772
40006
40154
41812
42311
43016
43264
43414
43572
43723
43881
43932
43983
44381
44929
45157
46106
46135
46325
46707
46748
47463
48866
49522
49680
49829
50148
50514
51175
51344
51481
51521
51886
52002
52096
52279
52632
53086
53442
53848
53987
54971
54996
55371
55472
55560
55718
56279
56436
57194
57366
57411
57479
57909
58132
58385
58698
58869
59325
59478
59622
60606
60741
60844
60885
61091
61502
61563
62006
62073
62445
62520
62640
62932
63218
63489
63887
64312
64420
64638
64735
65120
65626
65877
65931
65943
66357
66375
66734
67731
67774
67900
68194
69309
69589
70018
70813
70905
71507
71568
72768
72946
73077
73430
73566
73753
73960
74419
74969
75499
76188
79400
80212
81283
81941
84764
84943
86479
86643
87139
87267
87630
87807
87836
88086
88614
89165
89354
90169
90241
90338
90530
90997
91996
92650
93385
93828
93935
94077
94187
95993
96293
96854
97072
97666
97712
97815
97930
97969
98082
98571
98582
98644
98990
99030
99080
99298
99427
99600
99795
99918
99987
101228
101276
101395
101667
101786
102149
102570
102731
102882
102928
103091
103199
103280
103316
103361
103385
103505
103686
104196
104724
105180
105225
105358
105380
105400
105826
106536
106566
106926
107044
107076
107484
107647
107671
107734
107898
107971
108175
108242
108332
108966
109021
109035
109075
109157
109556
109597
110254
110488
110657
110736
110762
110852
110887
111013
111578
111666
111755
111833
111950
112412
112476
112543
112967
113160
113379
113427
113594
113923
114300
115465
115517
116832
117434
117436
117440
117507
117662
117916
118062
118233
118247
118266
118340
118363
118586
118595
118598
118602
118635
118734
118947
119288
119365
120031
120665
120752
121276
121306
122155
122171
122717
123793
124120
124367
124454
124590
124649
124692
124807
125004
125017
125356
125455
125493
125541
126022
126594
126693
127011
127086
127435
127443
127959
128049
128127
128191
128240
128295
128381
128511
128595
128898
129017
129056
129187
129228
129410
129925
129939
130164
130338
130481
130545
131469
132062
132216
132446
132717
134022
134407
136173
136529
137143
137262
137456
137783
137961
138010
139224
139594
139682
139822
140707
141036
141568
142490
142600
142700
142917
143220
143282
144600
144630
144755
144794
144859
144919
144946
144974
145190
145461
145480
145695
145731
145940
145955
146183
146319
146321
146497
146528
146610
146628
146685
146892
146920
147049
147053
147222
147283
147388
147648
147762
147809
147841
147842
147907
148286
148511
148561
148712
148776
148788
148998
149100
149245
149273
149625
149757
149931
149956
150052
150095
150412
150815
150833
150870
150913
151020
151180
151398
151638
151661
152103
152151
152262
152372
152438
152468
152692
153267
153563
153643
154056
154211
154231
154258
154280
154903
154985
155175
155213
155314
155442
155492
155576
155580
156153
156499
156851
156981
157014
157068
157347
157444
157678
158030
158257
158382
158821
159666
159728
159730
159909
159923
160059
160064
160068
160203
160501
160569
160787
160896
160970
161017
161036
161038
161211
161340
161520
161959
162124
162951
163272
163281
163401
163473
163625
163662
163682
163928
164076
164218
164338
164380
164559
165118
165561
165881
166002
166117
166617
166721
167107
168466
168973
169264
169782
169905
170281
170358
170760
171172
171265
172190
172448
172604
172893
172937
173677
174301
174716
175542
175810
176395
176497
177087
177580
177897
178001
178026
178144
178363
178394
178461
178627
178679
178958
179031
179090
179112
179124
179238
179310
179328
179335
179533
179580
179663
179760
179795
179799
179870
179923
180051
180290
180377
180447
180930
180962
180986
181061
181132
181194
181207
181224
181356
181594
181618
181628
182009
182187
182631
182645
182837
183252
183375
183567
183660
183700
183766
183863
183870
183884
183936
183989
184013
184558
184615
184791
184858
184981
185195
185332
185915
186226
186377
186479
186505
186551
186599
187124
188073
189041
189476
189705
189917
190060
190239
190293
190343
190650
191593
191693
191723
191825
192079
192330
192725
192758
192977
193044
193134
194015
194189
194332
194377
194721
194907
194958
195735
195814
196042
196256
196323
196344
196482
196752
196871
196884
196924
197046
197142
197148
197164
197305
197317
197471
197557
197598
197648
197716
197906
198426
198443
198645
198753
198891
199262
199341
199370
200684
200788
200891
201139
201315
201327
201455
201463
201782
202140
202323
202518
203119
203380
203719
204525
204991
205077
205392
205555
206611
206695
206710
206801
207170
207388
207549
208106
208224
208265
208315
208781
208783
208912
209056
209137
210121
210420
210442
210684
210732
210789
210971
211199
211259
211760
211959
212009
212128
215080
215428
217598
217634
218266
218370
218659
219045
220637
220723
221346
221698
222874
223885
224195
225002
225178
226180
226742
227350
227710
227894
228413
228416
230229
230270
232378
233540
233808
234361
234890
235431
235511
235632
235760
236063
237628
238004
238875
239278
239504
239731
240086
240489
240617
241803
242966
243853
244116
244701
245054
245080
245248
245333
245458
246001
246204
246213
246620
246712
246786
246975
247001
247434
247439
247441
247442
247444
247447
247449
247451
247453
247521
247549
247726
247997
248068
248085
248121
248134
248187
248328
248351
248403
248432
248543
248686
248850
248877
248959
249609
249660
249931
250327
251071
251177
251372
251469
251740
251841
252081
252096
252134
252313
252406
252655
252782
252827
252853
252970
253099
253345
253789
253870
254011
254350
254467
254983
255163
255561
255748
256341
256856
256975
257098
257153
257221
257264
257283
257817
258045
258073
258123
258130
258216
258752
258908
258915
258984
259010
259161
259206
259368
259469
259493
259525
259535
260097
260351
260644
260653
260764
260828
260907
260962
261029
261472
261732
261782
262644
262707
262809
262821
263046
263323
263983
264532
264911
265148
265149
265456
266377
266522
267027
267217
267537
267547
267566
267889
267999
268081
268416
269051
269094
269101
269122
269242
269363
269512
270207
270783
271177
271258
271259
271561
271816
272193
272199
272642
273053
273602
273651
274026
274384
274760
275756
276050
276234
276482
276607
276611
276623
276843
276867
277343
278483
278489
278621
279328
279749
279793
280127
280854
281765
282022
282079
282493
282527
282606
284132
285690
286199
286352
286505
288073
288509
288730
288957
289671
290208
290438
290627
291171
291253
292120
292721
293143
293940
294022
294183
294762
294792
295015
295204
296009
296230
297068
297118
297509
299167
299676
300380
300634
300713
301232
301299
301441
301643
301843
302260
304053
304345
305060
305652
306387
306678
306732
307081
307496
307848
309099
309247
309589
309749
310900
313044
313088
313345
313450
313778
314731
315280
315300
315338
315339
315447
316123
316524
316595
316686
316719
316769
317112
317587
317949
318181
318482
318692
319379
320309
320715
320867
320940
321255
322438
322602
322788
323711
324372
324456
324803
324864
325258
325267
325757
325771
326209
326348
326355
327603
327844
328040
328118
328149
328198
328418
328446
328701
329047
329244
329343
329348
330027
331444
331583
331695
332149
333481
334014
334216
334365
334496
334530
334665
335256
335291
335871
336210
336482
337194
337583
337591
337916
339582
339613
339739
339814
339959
339986
340434
340505
340545
341007
341178
341391
342503
342599
342809
342902
343099
343344
344067
344311
344726
344799
344897
345071
345118
345219
345238
345409
345723
346549
346560
346607
347564
347608
347612
347971
348055
348092
348111
348419
348435
348609
349132
349317
349352
349364
349558
350097
350934
350998
351004
351006
351049
351222
351671
352020
352317
352406
352409
352807
353555
353920
354232
354360
355364
355898
355918
355975
356406
356494
358098
358190
358271
358347
358828
359327
359452
359562
359568
360047
360459
361796
361860
363126
363439
363600
363895
364398
364525
364809
364989
365080
365553
365608
365664
365689
365878
366500
366868
367313
367365
367451
367937
367989
368213
368260
369206
369971
370200
370715
370913
370965
371009
371095
371315
371515
371575
371718
371798
372408
372960
373062
373730
373741
374501
375120
375307
375392
376453
376982
376995
377222
377642
377962
378071
378480
378570
378689
378772
379031
379072
379211
379508
379559
380453
381057
382648
382847
382859
383067
383177
383314
383881
384326
385058
385146
385629
386081
386189
386294
386455
386503
386803
387367
387547
388221
388237
388354
388389
389096
389632
389784
390012
390609
391038
391615
391695
391722
391807
392710
392804
393167
393608
393854
394281
395507
395636
395742
396221
396259
397490
397502
397841
398398
400472
400695
401053
401331
401373
401711
401798
403959
404392
404729
405257
405898
405992
406072
406411
406766
406996
407059
407125
407343
407502
407611
407702
408141
408229
408546
409287
410751
410882
411041
411420
411729
412337
413681
414736
414834
415113
415242
415331
416182
417429
417567
417689
418043
418149
418723
418743
418861
419811
419913
419985
420679
423645
423703
423878
424121
424124
424512
424634
424931
425732
427049
427234
427992
428192
428464
429334
429914
430817
430969
431499
431926
432116
432662
433233
433940
434206
434393
435150
435655
437067
438550
438851
439087
439328
439415
439765
440303
440372
440481
440565
440850
441899
443535
443794
444496
444765
445175
446762
446819
447272
447644
448136
448632
448711
448948
450458
450622
451675
453494
454783
454828
455719
456217
456473
456787
456933
459922
460693
463347
463355
463419
465159
466458
467474
467510
467561
467614
470271
470297
470457
470656
472167
472468
473151
474568
476591
483587
484636
484863
485994
487194
487386
488839
489652
491339
493497
493588
494167
494338
494734
496522
499595
499696
500461
501022
504298
504643
505341
505772
505778
507893
508969
509112
509304
510062
510854
513575
513587
514989
515469
516730
517276
517429
517524
518219
521936
522324
522793
522914
523669
523804
525335
526487
526737
527554
527877
528095
532080
532144
534954
535913
535990
536030
536260
536900
537093
537187
542063
543370
545079
545161
546077
546349
546817
547111
548065
548408
548634
548719
548758
548763
549180
550100
550153
550736
551261
551400
552023
552067
552895
552969
553224
553381
553683
554125
554250
554591
554938
555490
555525
555706
556687
557211
557814
557840
557893
558102
558122
558403
558927
559381
559664
559716
559853
560093
561416
561604
562267
562765
562852
563168
563376
564748
565089
565380
565647
566366
566382
566784
567013
567604
567731
568128
568548
568751
568848
569305
569825
570119
570246
571119
571410
571765
571862
572199
572716
572782
572783
573046
573084
573124
573181
573209
573350
573368
573389
573728
573740
573927
574043
574363
574460
574836
575619
578065
579478
579592
580601
580766
582474
582702
583008
584076
585992
587170
587359
587744
587952
588038
589535
589560
589675
590976
590996
591125
591566
591604
591803
593048
593073
593453
593710
596191
596854
597719
600472
600575
601034
601726
603009
603973
604100
604420
604819
605270
605331
605542
605599
605620
605951
606416
606437
606709
606722
607010
607558
607672
608613
609208
611293
611407
611808
614063
615676
617723
618817
618900
619344
620352
620761
621080
621172
622226
622339
622411
622629
622654
623119
623200
623509
624324
624472
624918
626143
626616
628227
630749
631350
632200
632692
632966
633677
633733
634041
634808
634824
635679
636412
636671
637536
638756
638872
640900
641060
641412
641568
641705
642055
642566
643238
643585
643614
645325
646220
646655
646673
647050
647323
648192
649918
651067
651265
652422
652465
653479
653970
655164
658649
660762
660927
661305
661884
662368
662430
663873
664480
664482
665211
665343
665439
665442
665447
665646
666104
666573
666630
666788
667205
667897
668189
668679
668923
668974
669073
669081
669155
669212
669414
669429
669673
669826
670364
670377
670417
670493
670669
670935
671061
671099
671822
671864
671993
672114
672223
672378
672604
672765
672965
673352
674116
674612
674661
675197
675323
675894
676071
676074
676365
676783
676902
677038
677233
677404
678197
678210
678341
678626
679246
679289
679405
679582
680111
680439
680733
681169
681308
681431
683757
684069
684529
684826
685470
686785
687492
687885
688513
688543
688906
689857
690142
690206
690543
690906
691678
691962
692769
694251
694811
694918
695379
696420
696995
697024
697896
698911
699226
699556
700293
701529
702065
702114
702146
702493
702632
703078
703089
703484
703765
703972
704281
704546
706077
706408
706818
707150
707529
709229
710000
710020
710676
711219
711393
711790
713079
713376
713457
713552
713721
713775
714228
714297
714400
714405
714781
714860
714919
715023
715186
715191
715357
715406
715796
715967
716018
716170
716293
716309
716413
716423
716528
716613
716712
716772
716807
716846
716915
716925
717192
717335
717371
717396
717640
717880
717995
718000
718188
718327
718339
718362
718562
719095
719402
719455
719600
719819
720123
720220
720398
720542
720662
720743
720766
721463
721811
723252
723356
725320
725390
726448
727907
728492
728763
728807
728919
729753
730116
730151
730226
730349
730444
730667
730679
730700
731148
732495
732564
732886
733176
733510
733735
733746
733828
735213
735222
735538
736267
737758
737761
737938
738310
738584
738946
740138
740883
741735
742274
743270
743353
743667
744082
744401
744809
745342
745475
747049
747783
747952
748175
748999
749053
749429
749674
749683
749953
750013
750100
750123
750682
751378
751445
751538
751748
751760
751790
752049
752568
752802
752871
752973
753269
753356
753587
753659
753742
753876
753923
754030
754077
754164
754252
754315
754389
755069
755090
755247
755249
755307
755374
755465
755565
755756
755797
755913
755936
756051
756090
756428
756513
757214
757240
757403
757567
757584
757675
758130
758425
759033
759104
759193
759239
759261
759480
759663
759672
759692
759816
759966
760072
760246
760516
760726
760876
761171
761378
761658
761687
762404
762480
762561
762583
762899
762961
763103
763277
763868
763920
763952
764096
764296
764491
764782
764939
765003
765171
765426
765485
765745
765872
766458
766961
767275
767714
768276
768325
769091
769438
769663
769839
769978
769979
770358
770680
770946
771008
771259
771431
772032
772039
772093
772277
772393
772557
773312
773884
773988
774301
774441
774672
774965
774974
775414
775498
775778
775890
775956
776133
777232
777412
777613
777683
777898
777920
777951
778378
778480
778532
778607
779019
779245
779697
779792
779870
779956
779992
780564
780812
780867
780872
780994
781288
781726
781962
782536
782654
782938
783595
783806
784060
784399
784551
784688
784908
784988
785147
785215
785345
785417
785577
785638
785707
785917
786357
786380
786407
786588
786623
786653
786702
786723
786843
786863
786959
787011
787012
787013
787615
787779
787946
787972
788311
788364
788503
788556
788781
789476
789924
789955
790592
790728
790941
790943
791326
791688
791737
791775
792009
792054
792258
792628
792932
793067
793070
793182
793265
793488
793667
793854
793899
793914
793983
794291
794375
794505
794541
794656
794975
795272
795504
795646
795860
795915
796013
796134
796286
796389
796621
796634
796825
796871
796990
797316
798225
798334
798427
798815
798850
799154
799202
799344
799361
799459
799543
799663
799853
799980
800302
800935
801174
801582
801751
801957
802194
802231
802326
802339
802350
802695
802777
802824
803094
803112
803126
803490
803874
804051
804230
804261
804466
804489
804541
804546
804710
804715
804827
804878
805031
805046
805062
805605
805899
806066
806121
806337
806589
806708
806718
806827
807345
807450
808250
808368
808566
808724
808814
809449
809622
809706
810005
810394
810985
811021
811384
811524
811613
811617
811675
812088
812282
812408
813426
814995
815312
815737
816973
817290
817577
818312
818626
819837
820017
820200
821765
823006
823448
824368
825301
825816
825817
826378
827344
827421
828885
829165
829397
829450
829729
829857
829911
830344
830366
831621
831744
832979
833244
835221
835534
835673
836143
836992
837404
837705
838629
838906
838923
838933
839370
840240
840396
840640
840963
842223
842443
843322
843326
843330
843358
843549
844166
844874
846087
846275
846893
847546
847826
847936
848154
848763
852437
852631
854361
857270
857631
857939
858812
858913
859419
859516
859572
859773
860319
860525
861515
861677
862163
862739
863182
863304
863657
864327
864530
864981
865501
866783
866804
868538
868826
869167
870208
871067
871212
871306
871400
872770
873428
873721
873893
874178
874398
875558
875603
876167
880126
880655
880866
881597
882539
882742
882824
883525
884501
884534
885081
885157
885503
885834
885972
886242
886690
887439
888128
889275
889619
889714
889722
889726
889960
890536
894195
894526
894654
897532
897755
897941
899109
900145
900953
902982
903606
903623
904531
905828
906572
910429
913341
913550
913973
914260
914441
915808
916511
916911
916918
917385
917707
918295
919184
920285
920583
921351
921579
922328
922980
924550
925568
926343
926815
928154
930014
930201
930725
931357
931438
931579
931764
931989
933298
933903
934224
934523
935341
935564
935587
935676
935925
935970
936104
937182
937442
937555
937967
938510
938824
939135
939469
940549
941374
941589
942229
942823
942967
942995
943428
944210
