1959
2064
3821
4677
4795
5103
5785
5933
7816
8243
8286
8978
9307
10502
10933
12653
13347
15415
17654
21406
22882
23042
31972
32068
34340
34404
35080
35235
35257
35260
35270
35313
35370
35446
35667
36050
37423
38017
38481
39070
39481
40195
40332
40404
41872
42259
42560
43813
43842
44434
45262
46015
47512
47681
48119
49011
49013
49501
50250
51815
52586
53110
53111
53214
53926
54202
54263
54731
56856
56858
57782
58128
58135
59392
60775
61448
62024
62834
63692
63731
64305
64762
64809
65447
65996
67459
68381
68705
69644
70583
70839
71130
71219
72264
73203
73912
73922
74405
76218
76230
76465
77202
77816
79818
80479
80519
81061
81449
82698
83865
85543
86685
87337
87987
89204
90408
90613
91103
92918
93385
93401
94560
95168
95281
95342
96200
96427
97470
98914
99777
100478
102822
104671
105244
105726
106168
108859
110230
111655
112750
113705
114094
114257
114681
115747
116741
117555
117730
118555
121023
121076
122301
126897
128724
129406
130239
130332
131123
131989
132328
134125
136518
137618
137728
141595
141860
143009
144945
147328
147478
149222
150599
150610
151128
151332
151601
151811
152024
152930
153520
157900
164326
164337
165946
166286
166301
176592
177367
177448
177888
182560
182721
184781
188990
189295
196276
198491
198961
198973
201502
202458
202597
208207
209366
210821
211424
213086
213224
213836
214213
214897
216347
218360
220488
224582
226622
226810
226871
232386
234431
234605
235823
237715
237912
239296
239666
239728
240133
240809
241011
241428
243575
243593
245085
245420
255556
255942
256275
256511
265792
267534
270662
271709
274419
275204
279849
280479
281917
283089
291700
291765
293334
293557
294486
298498
298923
300349
301534
304477
304604
306362
306780
308527
308539
313403
318997
327542
328163
328361
330017
330711
331691
331773
332005
336301
337631
338204
339483
340400
340550
342394
344972
347291
348720
363415
363432
364182
365442
368561
370390
370895
376925
377183
377292
377735
383086
385703
386889
386936
388540
393884
394868
395923
396512
404908
410722
412426
413899
417175
417354
417811
425146
433448
435519
438410
438639
440429
441786
441964
445115
449699
452479
454701
455890
459850
461676
462478
463463
463546
463617
464644
467796
468127
469547
473342
477043
478674
479043
479747
479915
480622
481515
481681
482640
482878
485937
487849
487923
489392
490249
494171
494830
497539
504277
504806
505390
505600
506097
506997
508182
510675
511204
512425
516739
517307
518041
520983
521041
521307
523999
526379
528880
529808
529811
532071
534282
535933
535959
536298
540248
540309
541138
541206
542940
542947
543220
544324
552490
553604
553615
555427
556739
556926
558213
558474
559681
560938
562144
563164
563274
563910
563987
569367
570336
572871
578591
579349
581371
582555
583602
587590
588564
590782
592244
599821
600256
601196
601223
601782
602620
603575
603700
604130
604971
606192
606989
607603
607715
607930
611568
614701
616307
618389
618567
618785
620258
621068
622596
623510
623772
623874
626066
627718
628100
630141
630519
630646
631057
631556
631634
631992
633037
633759
637431
638941
639653
641547
641690
642454
642515
642660
643445
645794
646383
647144
647649
647717
647782
648085
648613
649057
650178
652209
652990
653094
653308
653457
654336
654904
655003
655320
655552
655871
655913
655985
656098
656460
657071
657218
657846
658071
659436
659753
660097
661549
661571
661876
662381
662926
663265
663775
663958
664489
664605
665065
665309
665503
665644
665928
666011
666101
666313
666328
666405
667132
667860
668276
668681
668873
668952
668959
669020
669119
669720
670131
670660
670826
670945
671219
671489
671743
672880
673891
674453
674573
675661
675819
676617
676696
676890
677628
677729
677857
677883
678727
679898
680272
680556
681539
682335
682735
682781
682793
682805
682909
683298
683397
684474
684644
684723
684997
685371
685479
685875
686418
686725
687833
687855
688017
688112
688631
689437
689734
689788
689835
690228
691011
691247
691483
692387
692851
694054
694196
694905
695255
695607
696039
696178
696512
696708
696924
697024
697115
697558
697638
698839
699060
700032
700165
700205
700370
700684
700691
701050
701374
701450
702089
702252
703486
704288
704635
705135
705735
707034
707475
708004
708288
708856
709092
710174
711319
711377
711487
712561
712712
712796
713456
713933
715693
715853
716825
717827
717845
718006
718484
718655
718702
719990
720050
720896
721274
721563
721778
722091
722433
722463
724150
724620
724707
725133
725338
726428
727076
728185
729249
729285
729398
730088
730310
731316
731429
732216
732255
732396
732498
732764
732881
733009
733484
733601
733725
734656
735477
735519
735903
736526
737054
737289
737432
737533
738080
738612
739076
739607
740271
740912
741137
741613
742519
742837
742998
743522
744209
745447
745483
745509
746051
746412
746739
747615
748941
749459
750645
750803
752842
752844
752873
753953
754479
755231
756659
757240
757265
758290
758716
759395
760696
760859
760904
761739
762921
763261
763726
765407
765480
765736
766524
766993
767553
768898
768991
769375
769536
772060
774070
774455
775154
776611
776894
777596
777665
777763
778361
780306
781918
782329
784548
786276
787023
791307
791485
793712
793730
793991
794351
794486
794642
795487
798368
798373
798504
799252
800579
801958
801988
803335
803896
805706
805767
806669
806825
810984
812105
812612
813143
813718
814404
814803
814897
817249
818291
820621
822438
826441
826951
827417
828371
828535
828719
828895
828947
831416
834979
837383
838772
839287
841196
843917
844650
844924
846361
847579
848499
849537
849703
849751
849753
850955
851059
851904
852881
853611
854920
855224
862119
866844
868391
870564
873842
875596
876122
876442
876690
877386
877578
882449
882801
883307
883823
884070
884851
885210
885371
885950
888085
890070
890214
892383
893602
894924
895830
896356
898157
898174
898558
901725
902119
904180
904888
905295
905349
906384
906605
910967
911653
912367
916095
917234
918143
921050
925854
926390
926625
928906
929010
929852
930129
930905
932739
932768
933124
935727
936547
937143
939598
939601
940965
942660
946180
946809
948887
949889
952724
953557
954122
954317
955625
955684
956093
957651
957977
958474
962950
964723
965203
966069
968646
973112
973465
974423
974506
974865
975670
975836
976822
977435
977588
980001
980140
980566
980748
982728
983500
983514
987792
990461
992565
993730
995279
996502
998372
998496
998985
1001114
1003901
1003910
1005060
1009193
1011132
1011383
1012543
1013625
1013816
1014411
1014547
1015442
1016782
1017017
1021608
1024006
1025536
1026479
1030024
1031719
1035804
1037308
1037943
1040583
1041798
1042845
1043726
1045762
1046501
1049082
1049494
1050217
1052856
1053859
1053925
1055797
1057786
1058038
1058303
1059324
1059955
1060404
1060526
1061475
1062408
1062465
1062577
1062969
1063183
1064535
1065095
1065420
1066913
1067114
1069105
1069359
1069644
1071076
1071253
1071279
1072584
1072812
1074255
1074600
1076283
1076476
1078170
1081166
1081731
1081789
1083763
1084382
1086148
1087740
1090310
1090685
1093012
1093319
1095290
1096454
1097078
1098293
1099098
1099744
1099863
1101228
1101606
1102278
1102542
1107545
1107839
1108500
1108701
1109174
1109407
1110294
1110499
1111433
1111952
1113087
1114382
1114641
1115309
1118023
1120295
1121846
1122555
1122994
1131460
1132483
1133044
1135192
1136223
1136758
1136776
1137158
1140636
1141846
1142106
1142250
1142645
1142738
1148919
1149783
1151027
1152262
1154174
1154546
1154697
1158011
1160692
1160894
1163709
1164156
1165461
1165659
1165672
1165857
1165889
1167071
1168879
1170924
1172864
1173181
1173306
1173329
1173567
1174068
1176397
1178038
1178818
1178936
1182591
1184766
1190882
1191314
1191382
1194550
1195154
1196739
1197023
1198421
1198736
1199168
1202462
1206401
1207750
1208581
1209029
1209244
1210077
1212294
1212303
1215447
1216261
1217787
1219929
1220082
1220886
1222459
1222733
1223599
1224050
1224180
1225787
1227057
1229201
1231171
1232406
1234035
1234101
1235144
1235567
1235899
1239102
1239626
1239890
1244580
1244943
1249662
1249910
1256428
1263271
1263925
1265065
1266040
1269464
1271888
1272435
1272693
1276245
1284226
1285893
1286851
1289696
1290983
1297804
1298452
1300590
1301393
1301635
1301887
1304684
1305898
1308239
1311229
1311287
1311675
1312480
1312534
1312590
1313735
1314255
1314998
1315406
1317653
1318562
1320083
1320245
1320832
1322706
1323103
1323229
1323735
1325626
1325715
1325788
1326830
1327010
1327551
1327569
1329183
1330431
1331067
1332744
1333153
1333799
1336455
1337101
1339744
1341316
1342477
1342970
1343959
1344760
1344940
1345895
1345939
1346363
1347256
1348638
1352015
1354711
1360310
1363230
1367584
1372054
1372265
1372650
1372906
1373197
1373258
1373880
1374581
1375724
1375744
1376032
1377243
1377961
1379656
1380243
1381358
1381910
1383553
1385138
1387687
1387904
1388076
1388217
1389365
1389813
1390053
1390438
1392803
1396417
1397671
1397850
1397873
1398904
1399343
1400206
1400356
1402048
1402849
1409014
1409919
1410408
1412089
1412696
1413835
1413954
1414309
1414991
1415385
1415515
1417098
1417447
1417854
1418375
1419590
1419708
1419813
1421388
1421446
1423254
1424295
1425412
1427819
1430751
1431526
1431874
1432681
1434570
1434999
1437670
1437873
1442639
1443086
1446553
1447201
1448068
1450084
1451102
1451247
1453862
1455565
1455706
1457237
1461428
1462862
1465491
1466298
1470087
1470650
1471179
1472516
1473450
1474907
1475774
1476013
1480293
1481340
1485105
1486349
1486991
1488641
1490230
1490614
1496097
1497002
1499681
1505584
1506535
1508915
1512533
1513750
1514480
1514497
1521214
1521963
1523831
1527327
1534277
1534698
1535906
1537039
1538079
1538928
1539202
1539439
1540695
1540787
1541794
1541925
1542574
1544263
1544751
1547185
1548203
1551291
1551793
1554097
1555920
1557602
1557778
1558109
1559764
1561313
1561628
1561682
1561932
1563685
1567302
1569628
1569833
1571100
1571404
1571922
1572037
1572585
1573676
1573976
1574322
1574931
1575207
1576780
1579974
1580477
1580984
1581274
1581318
1582050
1582090
1582494
1582791
1583220
1584899
1590673
1591459
1593150
1593225
1594467
1595000
1595047
1595095
1595188
1596632
1597085
1597321
1597834
1597915
1600727
1600830
1601164
1601191
1601284
1601368
1601441
1601519
1601655
1601688
1602098
1604811
1604944
1605027
1605122
1605389
1607122
1607426
1607878
1608242
1608694
1610121
1610281
1611079
1611993
1614145
1614729
1615401
1615593
1616080
1616711
1617331
1618352
1618600
1618858
1618934
1619085
1619213
1620162
1621057
1622288
1622496
1622977
1623093
1623660
1623984
1624058
1624541
1624945
1625126
1625528
1626080
1627187
1627483
1627545
1628204
1628713
1629087
1630438
1630949
1631215
1632223
1632969
1633227
1633521
1633568
1633753
1634383
1634944
1635362
1635607
1635866
1636578
1637917
1639604
1639724
1640355
1640751
1641055
1641380
1641803
1642533
1643644
1643981
1644832
1644847
1644848
1647033
1647285
1647728
1649810
1650361
1650478
1650511
1650553
1651443
1651597
1652114
1653088
1653327
1653478
1656096
1656471
1657338
1658211
1660359
1661343
1662928
1664376
1664774
1665040
1665161
1665197
1665213
1665558
1665859
1665966
1666094
1666583
1668362
1668734
1669478
1669944
1669997
1670673
1674134
1674422
1676022
1676339
1678061
1678992
1679198
1679701
1681477
1681930
1682572
1683065
1683846
1686991
1687811
1689591
1690188
1690533
1690670
1691314
1693971
1694513
1696935
1697638
1697841
1699610
1700116
1704560
1704627
1705249
1705252
1705293
1705336
1706209
1706410
1706623
1707337
1707976
1708058
1708213
1708228
1709319
1709877
1710126
1710687
1711604
1712601
1712728
1713266
1713960
1715211
1716634
1717150
1717342
1718118
1718838
1720332
1721372
1721451
1722784
1725391
1725487
1725779
1726123
1726341
1727464
1728281
1728317
1728572
1728617
1729128
1729451
1730564
1730804
1731108
1731381
1731502
1732247
1732507
1732616
1733046
1733572
1734083
1734545
1734671
1736099
1736258
1736333
1736433
1737216
1737521
1737763
1738628
1738902
1740154
1740509
1740999
1741200
1741799
1742027
1742446
1743007
1743841
1744467
1744614
1745688
1745773
1746339
1746897
1747090
1748193
1748335
1748604
1748801
1748999
1749856
1750324
1750938
1751204
1751520
1751783
1752089
1753442
1753759
1755290
1755326
1755555
1756201
1756547
1756705
1756815
1758186
1759147
1759268
1759428
1759739
1760942
1761397
1761455
1761710
1762151
1762222
1763047
1763523
1764549
1764721
1765147
1766593
1766631
1766723
1767600
1768320
1768466
1768626
1769316
1769719
1771787
1771915
1772341
1772469
1772628
1773089
1773966
1775283
1775748
1775785
1775853
1775973
1776419
1776516
1776904
1777683
1777975
1778099
1778176
1778830
1779665
1780174
1780185
1780196
1780930
1782079
1782456
1782943
1786097
1786131
1786287
1786710
1788734
1788746
1788929
1790115
1790176
1790619
1791614
1792050
1792641
1794523
1795245
1795605
1796769
1796772
1797183
1797236
1798857
1798973
1800511
1800661
1801447
1801538
1801767
1802712
1803482
1804342
1805372
1805512
1805741
1805823
1807244
1808097
1808472
1809525
1809779
1810270
1810523
1810720
1811256
1812453
1813209
1813587
1813623
1813956
1814752
1815031
1815217
1815481
1815543
1815855
1815943
1816825
1817963
1818121
1818584
1818773
1819306
1819951
1819992
1820657
1821568
1822817
1823370
1824249
1825056
1825393
1826235
1826962
1828690
1829030
1829694
1829960
1830593
1830723
1830753
1831304
1831514
1831740
1832754
1833651
1834447
1835573
1836838
1837032
1837077
1837110
1837720
1839498
1840111
1840680
1841696
1842292
1843146
1843627
1844684
1844689
1844784
1844977
1845502
1845524
1846425
1846682
1847751
1850145
1851480
1851798
1853311
1853612
1853791
1855592
1856321
1857143
1858594
1858971
1860357
1860382
1860846
1862377
1862649
1862709
1862812
1862986
1863202
1863664
1863713
1864273
1864596
1865102
1865163
1865909
1867420
1867737
1868348
1869943
1870103
1870274
1871999
1872497
1874282
1874385
1875531
1876204
1876707
1876772
1880287
1880537
1881007
1881211
1883023
1884841
1885225
1885978
1889648
1889824
1890845
1893731
1894482
1895352
1895517
1896566
1897192
1897598
1898606
1899526
1900881
1903487
1904208
1905520
1907921
1912922
1912978
1913597
1914493
1917470
1922768
1923784
1924873
1924905
1924971
1928305
1929564
1932359
1934991
1935183
1937131
1940534
1940597
1942137
1942538
1945607
1946312
1946915
1946995
1947478
1948686
1949541
1952739
1955885
1955965
1956157
1957728
1958760
1959046
1959144
1963460
1963744
1964141
1964761
1967096
1969108
1970717
1971676
1976489
1976799
1978655
1978663
1979623
1979798
1983511
1984416
1984815
1986407
1986811
1989139
1991875
1993539
1997081
2001265
2002715
2003100
2003621
2004114
2004570
2005944
2006172
2006427
2008034
2008210
2010650
2011119
2015946
2015947
2017297
2018541
2018553
2020640
2020854
2022277
2022537
2022887
2024401
2024913
2025069
2025381
2025434
2026412
2028581
2029280
2032221
2032267
2033005
2033747
2034529
2034802
2036129
2037091
2038008
2039349
2044162
2046665
2047089
2047519
2048214
2048797
2057544
2057791
2058340
2064969
2065465
2065557
2066244
2069006
2069864
2075955
2076888
2077007
2079759
2086551
2088015
2092919
2093057
2093090
2096504
2097109
2100673
2103911
2104190
2105038
2106769
2113386
2114870
2116305
2116350
2117711
2118275
2118870
2120527
2120794
2123592
2124064
2126028
2127436
2128229
2128431
2128521
2130398
2131069
2132180
2136605
2137534
2138822
2138897
2139682
2139841
2140513
2143268
2147456
2148040
2149347
2150301
2151321
2151362
2151393
2153346
2154645
2156275
2156793
2157260
2157551
2158075
2161464
2162684
2163862
2164985
2165182
2165966
2166650
2167050
2167123
2167382
2167846
2168537
2171035
2172551
2173347
2174357
2176539
2176567
2177687
2177845
2179306
2181942
2182881
2183938
2184591
2185852
2186233
2186818
2187804
2187906
2188350
2188768
2189020
2191361
2192446
2193466
2194678
2194692
2198603
2198671
2200111
2200366
2201325
2203130
2205870
2207727
2208614
2210131
2210247
2210522
2210784
2210869
2212566
2213139
2213336
2214570
2216413
2217976
2218646
2218944
2219270
2219752
2225784
2226014
2226832
2227251
2229294
2231238
2231583
2232838
2234069
2235758
2237425
2241731
2243517
2244152
2245934
2246062
2248048
2250509
2251161
2251638
2254065
2254420
2255214
2255217
2258040
2259887
2260745
2263051
2265149
2265586
2269994
2271160
2271709
2272016
2272839
2273174
2273574
2273689
2277077
2277125
2279217
2279966
2280834
2281052
2281717
2283626
2284244
2285538
2286292
2289179
2295012
2295057
2296018
2297992
2298079
2298969
2300680
2301591
2302115
2304317
2306758
2307114
2310333
2311169
2312213
2314336
2314814
2316061
2316543
2318713
2319643
2321471
2322273
2322589
2323780
2324602
2324889
2328237
2331081
2331220
2331701
2336123
2336162
2338129
2338452
2341148
2342031
2343949
2344148
2344579
2346767
2350534
2351887
2352939
2355207
2355839
2357168
2361471
2363177
2364588
2365484
2366632
2369191
2370055
2372051
2372942
2373326
2374433
2375359
2375832
2376612
2376663
2377310
2377431
2377985
2378810
2379206
2379868
2381282
2383458
2386179
2387529
2387738
2389399
2391967
2392104
2394409
2394861
2395764
2395938
2396381
2400790
2401579
2402455
2402855
2404868
2405226
2405808
2406706
2407487
2412969
2414218
2415328
2416377
2418189
2418342
2418647
2422790
2427524
2427554
2428279
2429956
2431913
2432211
2432952
2436807
2439429
2439601
2444057
2444819
2446482
2448213
2453410
2453800
2455637
2456458
2458481
2460592
2461508
2461582
2462853
2463103
2463435
2464411
2466466
2466722
2468638
2469059
2470567
2470592
2472073
2472983
2475599
2479670
2481387
2481653
2482731
2482985
2483063
2483750
2484475
2484878
2486732
2487274
2487654
2487910
2488474
2488989
2490070
2490252
2490292
2490943
2490947
2491619
2492260
2492382
2492428
2492500
2493122
2493238
2493432
2494383
2494744
2495329
2496232
2496768
2497449
2497503
2499654
2499822
2500061
2500845
2501387
2502372
2503463
2503682
2505315
2505507
2505794
2506230
2506789
2507758
2508023
2508459
2509362
2510559
2511433
2511443
2512335
2513042
2514050
2515377
2515578
2518899
2519319
2522680
2523432
2525126
2525231
2525444
2527652
2528574
2528999
2529715
2530092
2532566
2533402
2534019
2534708
2534796
2535703
2537056
2538180
2540127
2541637
2541676
2544064
2544413
2545245
2545918
2546779
2548646
2553196
2554052
2554720
2555063
2555237
2555580
2558127
2559481
2560402
2562235
2562408
2563474
2563620
2563703
2564969
2565386
2565777
2566686
2566766
2566991
2567479
2567971
2568275
2568716
2568868
2568898
2573421
2574004
2574446
2574742
2575112
2576134
2576594
2579291
2579432
2584435
2584505
2585345
2585378
2586480
2588871
2591505
2592020
2593141
2593763
2594628
2594707
2595897
2596821
2597550
2599768
2601989
2602208
2602744
2604904
2606749
2609338
2609457
2612854
2612922
2613152
2613167
2613449
2615738
2617721
2619966
2620346
2621827
2622735
2622958
2623386
2624893
2625440
2627993
2628195
2629002
2629902
2633160
2634748
2634991
2635299
2636765
2637770
2637856
2638707
2638725
2638870
2638977
2639984
2639994
2640854
2641623
2641772
2642402
2642513
2643690
2643947
2644271
2645277
2645599
2647085
2647216
2648032
2648640
2650089
2650304
2651307
2651523
2652307
2653079
2653461
2656271
2656368
2657111
2658792
2659437
2660126
2661183
2661645
2662406
2664143
2664734
2665286
2666334
2668482
2669985
2671023
2671547
2673203
2673219
2673316
2673893
2674563
2675385
2677321
2679057
2680719
2681669
2683343
2683437
2684331
2684590
2685267
2686365
2686631
2686985
2687146
2687206
2687224
2689330
2690311
2691340
2693281
2693942
2694703
2696340
2697285
2698266
2698590
2698719
2698917
2699756
2699863
2700547
2700694
2701671
2702273
2702305
2702483
2702774
2705001
2705379
2707747
2707844
2709253
2710033
2710217
2710632
2710977
2712096
2713245
2713620
2714626
2715923
2716236
2718287
2718541
2719027
2719129
2719445
2719876
2720568
2723169
2723260
2725137
2729677
2730230
2731471
2731636
2734361
2734431
2735119
2735806
2736748
2737529
2737979
2738478
2739329
2740581
2740686
2740738
2740885
2741527
2742042
2744271
2747530
2748242
2748678
2751758
2751929
2751991
2754595
2755555
2756547
2756829
2757155
2759063
2762112
2762710
2763054
2763363
2764228
2766320
2766519
2769610
2769674
2769776
2769869
2771008
2774138
2777167
2777417
2777440
2777488
2777815
2778168
2778969
2780299
2782108
2782655
2782794
2782918
2783456
2783834
2784126
2787869
2790504
2790547
2791858
2793256
2794206
2794519
2794741
2795496
2795862
2798989
2801447
2801733
2802204
2803555
2806673
2807983
2808833
2809045
2810246
2811012
2811259
2811352
2811443
2813076
2813098
2814657
2815440
2816364
2816582
2816897
2817350
2819057
2820707
2823514
2825346
2826596
2827487
2828275
2829835
2829936
2830113
2830250
2832846
2833578
2835900
2836274
2836413
2840051
2840169
2840192
2840777
2841105
2842608
2843128
2845067
2845426
2847115
2848069
2848688
2849598
2849724
2849752
2850580
2850737
2852044
2852762
2853884
2853912
2854078
2854205
2856385
2856800
2857033
2858340
2861581
2862017
2862398
2862901
2863593
2864050
2864492
2864789
2868603
2870342
2870515
2870802
2870811
2871760
2872071
2872958
2873744
2873872
2874800
2877611
2877613
2878979
2879253
2880087
2880566
2881073
2881582
2881999
2884786
2885333
2885442
2886221
2887066
2887753
2888518
2888819
2889852
2889865
2890040
2890282
2891257
2891538
2892780
2892873
2893567
2894516
2894593
2895009
2895364
2896093
2896531
2896912
2897118
2897403
2897870
2897905
2899304
2899601
2900872
2901033
2901165
2901229
2901664
2903422
2903480
2903899
2904489
2904902
2905174
2905691
2905992
2906808
2907473
2907740
2907971
2909033
2909041
2909607
2909891
2911926
2912420
2912715
2913017
2913240
2913365
2913417
2913974
2914521
2914929
2915462
2915574
2916984
2918066
2918490
2918783
2919417
2919487
2920311
2920318
2920894
2921296
2921517
2921691
2924496
2924534
2924676
2926551
2926601
2926602
2926688
2928414
2928449
2928477
2928538
2928703
2928836
2929286
2930012
2930406
2930422
2930596
2930975
2931238
2931271
2931297
2933345
2934068
2934136
2934532
2935606
2936024
2936280
2936873
2938055
2938612
2939860
2940659
2942466
2945054
2945077
2945165
2945512
2947635
2947684
2947716
2947892
2948666
2949093
2949166
2949347
2950761
2952879
2953137
2953365
2954461
2955865
2956162
2956202
2956468
2956555
2956758
2956834
2957391
2957855
2959545
2960442
2961066
2961151
2961466
2963005
2963482
2964306
2965687
2966326
2971132
2972049
2972449
2972744
2973131
2974888
2975927
2977136
2977393
2977765
2978261
2978325
2979239
2979242
2980946
2982939
2985099
2985764
2986338
2987494
2988490
2989497
2989726
2990179
2991130
2991880
2994623
2995664
2995918
2997811
2998919
2999673
2999749
3003112
3003904
3005030
3005683
3005825
3005956
3006375
3008469
3008535
3008851
3009029
3010489
3010929
3013257
3014520
3015484
3018254
3019192
3020547
3021658
3023755
3024112
3024993
3025085
3025144
3025639
3025696
3026306
3026844
3026862
3027162
3028923
3028965
3029849
3031826
3033122
3033727
3034366
3034784
3035368
3035663
3035901
3036419
3036551
3036644
3036950
3037976
3039941
3042509
3042982
3043756
3045871
3046215
3046755
3046956
3048260
3048770
3048914
3050830
3051317
3053592
3053628
3053662
3054240
3056919
3057593
3058031
3058183
3060425
3063065
3066808
3067168
3068680
3068817
3069571
3069608
3069781
3070774
3070973
3072006
3072125
3072304
3072962
3073227
3073269
3073544
3073875
3075972
3077030
3077350
3077992
3078495
3079509
3080454
3082390
3082714
3083240
3084066
3084894
3084974
3085626
3085887
3086947
3087827
3090325
3091064
3091313
3092440
3093224
3094894
3097281
3098458
3099534
3101639
3102954
3102999
3103203
3103991
3104129
3104158
3104468
3105388
3105468
3105709
3106029
3108050
3108629
3108799
3110291
3110478
3111452
3111739
3113779
3113798
3114818
3115993
3116056
3116311
3117686
3118402
3121117
3122704
3123218
3127624
3128964
3128993
3129032
3129159
3131680
3131731
3135407
3136854
3137637
3138320
3140328
3141226
3142100
3143458
3144688
3145409
3145467
3145744
3146080
3146881
3147186
3149361
3149467
3151588
3152887
3153444
3154108
3155156
3156215
3156243
3157422
3158799
3159033
3162389
3163168
3165604
3169820
3170436
3176660
3181096
3182633
3183375
3185119
3185860
3186238
3187296
3188346
3188544
3188919
3190988
3191297
3191312
3193590
3195434
3196268
3196530
3197157
3197730
3198153
3199120
3199630
3200209
3200932
3201552
3202845
3205181
3206893
3207093
3208069
3208437
3211801
3212292
3213288
3215181
3216038
3216496
3221180
3221455
3221710
3221832
3222582
3222667
3223118
3223167
3224000
3224549
3224596
3226612
3227277
3229703
3229748
3229878
3230055
3235317
3237518
3238537
3238606
3238878
3239019
3242483
3243109
3247687
3252859
3253843
3256152
3256993
3257745
3257883
3258076
3259058
3260545
3261621
3261679
3262626
3264831
3265883
3266382
3267873
3271217
3271753
3272051
3272141
3274823
3275817
3276518
3279372
3279658
3280647
3282788
3284121
3284593
3286200
3286491
3286496
3286579
3287231
3287303
3288127
3288889
3292656
3296588
3297522
3297768
3300363
3302849
3303664
3306876
3307976
3308012
3308381
3308970
3310036
3310134
3311093
3311523
3311537
3312558
3313861
3314467
3316377
3316402
3318200
3320867
3321784
3324298
3325449
3325491
3327736
3330798
3331174
3332079
3335202
3336030
3336038
3338465
3339921
3340287
3340591
3341419
3342890
3343932
3344378
3345777
3347127
3348338
3348356
3352261
3352638
3353800
3356867
3357312
3360761
3361955
3362071
3362407
3362486
3363408
3363971
3365907
3366588
3366684
3366839
3367172
3367407
3370080
3370232
3370581
3372604
3373440
3378407
3380677
3380743
3381610
3381937
3383393
3383561
3384625
3384844
3385679
3385909
3386050
3387667
3388436
3389605
3392109
3393095
3397373
3398888
3399250
3400302
3401135
3401406
3401947
3402315
3403959
3403981
3405221
3407235
3409484
3413142
3413325
3414065
3420886
3420961
3424840
3425425
3427070
3431582
3431612
3432291
3434019
3434990
3437480
3439732
3443791
3444408
3450119
3451663
3452057
3452550
3454053
3454798
3455506
3456174
3457936
3458769
3459146
3461003
3461061
3462461
3465401
3465468
3468578
3471522
3473534
3473561
3475136
3475377
3476202
3477321
3478233
3478835
3479682
3480530
3480778
3482932
3483047
3483313
3483432
3483457
3484316
3484362
3484533
3484785
3484891
3487962
3488041
3488196
3488985
3489553
3490528
3490819
3491395
3491791
3491792
3491833
3492058
3492276
3492661
3493346
3493605
3495314
3496679
3496692
3497637
3497733
3497782
3500227
3502710
3504207
3504477
3504637
3506094
3506174
3506369
3506498
3506559
3508889
3509099
3512900
3513806
3514411
3515211
3515594
3515886
3517413
3518819
3520126
3520164
3520410
3521686
3521714
3522274
3522760
3525287
3525964
3527351
3527923
3528816
3531010
3532822
3532906
3536346
3536626
3538125
3538493
3538599
3539304
3542579
3545095
3545624
3548528
3554025
3555685
3556330
3556886
3558409
3559024
3559072
3560302
3560391
3560806
3562070
3562706
3563339
3564624
3567559
3567862
3569119
3569861
3570140
3570611
3572144
3572564
3573115
3575163
3575366
3575967
3576788
3577062
3577178
3577531
3577743
3578101
3578588
3578832
3578982
3579410
3579667
3580665
3581447
3581807
3583346
3584840
3584891
3585120
3585479
3585832
3586045
3586396
3587629
3587811
3587985
3589020
3589137
3589430
3589613
3592187
3593019
3593596
3598275
3598315
3598606
3599299
3599439
3599984
3600706
3600708
3600930
3602474
3602486
3602807
3604185
3606031
3606155
3606262
3606311
3608132
3608345
3608645
3609347
3609648
3612178
3612945
3613083
3613709
3614875
3615154
3615876
3616342
3617136
3617725
3618408
3620044
3620374
3620805
3622026
3622218
3622544
3622952
3625298
3625496
3625582
3625738
3627415
3627557
3628099
3628366
3628412
3631123
3632183
3633298
3633316
3633959
3634449
3635542
3635595
3636063
3636502
3636504
3637106
3637315
3637769
3639000
3639350
3640178
3640615
3640849
3643184
3643539
3643789
3643932
3644733
3644885
3645411
3645562
3645864
3646203
3646386
3646454
3647498
3648511
3648999
3649316
3652584
3653093
3654107
3656909
3658243
3658420
3659831
3659926
3660372
3660982
3663162
3663851
3665108
3666901
3669078
3670294
3672262
3672931
3674765
3675666
3676405
3676415
3676781
3678016
3679361
3688006
3689304
3690451
3692140
3692252
3694761
3698125
3698553
3698843
3700220
3700452
3700807
3701269
3702458
3702934
3703807
3709816
3709915
3711370
3711600
3711648
3712663
3718138
3722929
3723912
3724535
3726758
3727982
3729643
3733505
3734315
3736332
3736680
3740273
3741112
3744244
3745522
3747391
3748243
3748280
3749282
3749391
3755300
3756233
3756308
3756495
3757748
3758500
3758655
3759952
3761591
3762111
3762627
3762940
3764314
3767875
3769152
3769265
3769614
3774029
3776092
3777454
3780525
3781124
3784384
3788947
3792164
3796048
3796802
3797500
3799183
3800806
3803729
3803927
3805154
3805385
3805973
3808996
3809902
3810563
3811089
3813274
3813509
3814302
3815868
3816739
3818599
3825211
3825611
3827246
3830742
3834902
3834903
3836227
3837627
3837764
3838242
3839368
3839637
3844823
3849253
3850027
3853074
3853731
3855001
3857163
3865566
3867631
3868188
3870259
3871827
3872731
3873666
3874520
3875527
3876583
3876771
3877170
3877813
3878066
3878103
3882221
3883299
3883402
3884822
3885604
3890022
3891322
3892475
3893780
3897949
3898686
3899592
3900736
3901520
3903290
3905424
3905652
3906095
3907179
3908277
3909794
3910474
3911239
3912607
3913335
3914003
3915156
3915294
3916796
3917123
3917764
3921569
3921965
3921997
3922330
3924385
3924501
3926170
3928758
3929527
3930453
3933762
3937356
3939149
3939961
3942197
3944209
3946748
3947888
3948842
3953214
3956585
3957573
3959368
3962761
3963025
3964611
3964790
3967298
3972616
3974372
3974684
3977405
3977841
3978672
3978915
3980132
3981317
3982310
3982794
3985417
3988733
3990598
3990827
3991391
3991427
3991772
3992692
3993056
3993627
3995906
3996858
3998844
4000093
4001916
4006638
4006664
4007103
4008255
4008277
4008746
4010282
4010286
4013201
4013791
4016556
4020976
4026391
4027654
4029350
4034334
4034452
4035498
4036035
4036399
4037159
4046630
4047424
4049586
4050418
4051242
4052458
4052649
4052663
4057213
4058013
4058708
4060070
4060492
4060790
4064399
4065277
4066388
4066496
4067720
4067925
4070515
4072616
4077725
4077752
4079659
4082316
4082381
4083224
4084728
4085290
4085442
4085794
4086496
4087115
4087774
4088708
4089553
4090349
4091708
4094359
4094540
4094590
4096238
4096754
4097877
4098015
4099580
4101357
4101496
4101771
4106351
4106615
4106734
4107173
4108290
4109503
4109651
4110603
4110816
4112273
4113864
4114013
4116227
4117053
4118230
4118422
4121154
4122190
4123977
4126125
4128841
4131082
4134381
4137284
4137670
4141785
4143148
4143402
4147013
4149222
4150687
4150765
4151308
4153136
4155724
4155812
4158980
4162523
4163008
4163873
4165476
4166767
4166890
4169701
4170041
4171019
4174228
4175744
4176904
4177314
4178494
4187042
4187153
4187988
4189203
4190861
4191745
4192068
4193675
4193799
4194025
4196143
4196843
4198860
4198906
4199626
4201227
4204592
4204779
4206618
4206735
4207599
4207792
4208469
4209140
4210389
4211449
4211567
4215306
4216507
4218316
4218906
4222187
4223423
4225307
4225745
4225867
4226856
4227032
4227969
4229393
4230036
4230855
4232900
4233404
4234356
4234745
4234896
4235430
4236190
4236286
4237173
4237343
4238102
4239691
4240199
4240394
4240683
4240927
4243988
4244147
4245530
4246029
4246515
4247284
4250358
4250380
4250959
4251246
4251969
4253411
4253502
4253513
4253665
4254565
4255219
4256453
4258128
4259281
4259716
4262700
4263029
4264791
4266043
4266568
4269560
4269951
4270434
4273230
4274084
4274228
4275225
4275699
4275998
4277691
4278577
4283721
4284343
4285263
4285749
4286507
4287319
4293222
4293375
4293510
4297718
4298729
4299003
4299277
4302453
4303841
4304672
4304851
4307068
4310304
4313644
4314411
4316774
4316918
4317078
4318571
4319163
4319272
4319300
4320578
4320835
4322400
4322538
4323606
4324677
4327286
4327528
4328023
4329533
4329543
4329889
4330362
4330558
4331938
4331952
4332009
4332830
4333296
4334295
4334322
4335072
4336342
4338742
4338891
4339146
4340661
4340847
4340983
4341582
4342377
4343941
4346363
4346579
4346994
4347090
4348827
4349540
4351059
4351912
4353160
4353341
4355088
4355497
4355766
4356793
4356955
4357472
4359487
4359703
4362696
4362857
4363279
4363796
4363813
4364104
4364640
4366976
4368074
4370367
4370524
4370713
4371313
4371405
4371905
4372132
4373626
4373797
4373931
4374289
4374751
4375080
4375345
4375878
4376082
4376343
4376528
4376726
4377991
4378278
4378417
4378428
4378874
4379173
4379631
4379751
4380228
4380250
4380658
4380950
4380953
4381253
4381626
4381699
4382099
4382473
4382637
4382688
4382933
4383122
4383127
4383391
4383456
4383593
4383692
4383795
4384222
4384397
4384408
4384472
4384946
4385273
4385482
4385562
4385741
4385926
4386196
4386647
4386677
4387301
4387384
4387835
4387905
4388171
4388179
4388624
4388696
4389232
4389256
4389478
4389513
4389540
4390201
4390453
4390879
4391129
4391478
4391759
4391988
4392697
4392804
4393086
4393105
4393173
4393220
4393645
4393651
4394071
4394113
4394181
4394779
4395031
4395058
4395346
4395511
4395612
4395923
4395949
4396050
4396360
4396530
4396742
4397174
4397301
4397485
4397636
4397871
4398050
4398558
4398809
4398976
4398982
4399274
4399346
4399622
4399875
4400182
4400622
4400683
4401153
4401395
4401435
4401609
4401890
4402934
4403011
4403132
4403462
4404516
4405311
4405638
4405651
4405851
4406133
4406632
4407071
4407216
4407824
4408068
4408328
4408575
4408695
4408932
4409156
4409323
4409732
4409916
4409948
4410375
4410776
4412048
4412169
4412572
4412625
4412901
4413274
4413466
4413720
4413736
4414108
4415882
4416073
4416717
4416768
4417561
4417729
4417936
4418055
4419135
4419282
4419430
4419647
4419735
4419845
4420007
4420165
4421259
4421891
4423202
4423216
4424769
4425126
4425218
4425321
4425324
4425565
4425655
4426057
4426180
4426674
4426778
4426894
4427286
4427701
4428397
4428707
4429404
4429649
4430719
4430769
4431105
4431566
4432231
4432330
4432544
4432724
4433146
4433448
4434043
4434644
4434898
4434928
4435084
4435109
4435290
4435308
4435696
4435971
4437461
4437674
4438254
4438477
4439199
4439261
4440063
4440287
4440625
4440806
4441015
4441280
4441305
4442318
4442533
4443041
4443833
4444078
4445247
4445617
4445759
4447037
4447125
4447398
4447817
4448419
4448717
4449243
4449442
4449480
4450247
4450394
4450535
4451761
4451823
4452115
4452911
4453086
4453498
4453932
4455251
4455275
4455665
4456101
4456270
4457232
4457255
4457570
4458296
4458885
4459269
4460572
4460577
4460829
4461502
4462795
4462806
4463466
4464942
4465100
4466624
4467168
4467169
4467432
4468122
4468448
4468502
4468663
4468708
4468886
4469984
4470082
4470567
4471359
4471412
4471659
4472256
4474288
4474818
4475122
4475305
4475560
4475671
4476068
4476094
4476557
4476683
4477308
4477495
4477733
4479343
4479444
4479468
4479839
4479877
4480997
4481143
4481245
4481446
4484786
4484995
4486139
4486356
4486884
4487756
4487855
4489180
4489925
4490275
4490917
4491759
4492572
4492578
4492613
4493040
4494422
4494487
4496222
4496243
4497625
4497632
4498119
4499382
4499626
4500307
4500815
4501627
4502957
4503897
4504009
4504056
4505802
4507350
4507414
4507918
4508406
4508904
4511064
4511321
4513028
4513973
4514091
4514501
4514602
4514938
4515255
4517610
4518258
4518406
4520524
4521128
4521445
4522611
4523141
4523820
4524318
4524664
4524880
4526978
4527267
4527419
4528309
4528429
4528509
4529014
4529552
4533391
4533545
4535874
4535973
4538191
4538607
4539698
4539847
4540601
4542649
4542748
4543877
4544445
4544680
4544770
4545444
4545586
4545602
4547182
4547628
4548991
4551604
4552575
4553347
4555367
4555371
4555447
4556050
4559342
4559798
4559964
4560116
4560193
4560774
4561882
4563288
4565133
4565676
4565731
4565896
4566711
4566714
4567378
4568338
4569182
4569380
4570229
4571876
4572117
4572370
4572377
4572612
4573077
4573762
4574743
4574867
4575492
4575653
4577211
4577569
4577685
4577847
4578558
4578719
4578886
4579045
4579935
4581929
4582917
4584529
4588305
4588958
4589660
4591061
4591259
4591661
4591817
4593361
4595479
4595700
4596170
4596854
4597029
4597302
4597614
4600730
4601175
4601211
4601607
4602245
4602948
4604696
4605441
4605574
4607138
4607178
4608105
4608259
4608687
4609073
4610773
4611034
4611511
4611756
4611898
4612190
4612226
4613616
4613873
4614452
4614520
4614645
4615005
4615900
4615997
4616107
4616546
4616807
4617762
4618005
4618041
4618585
4618858
4618864
4620326
4620836
4621084
4621669
4622103
4622623
4622707
4624686
4624705
4624818
4624995
4625332
4626831
4626884
4627170
4627467
4628171
4628791
4629157
4629824
4630182
4630935
4631942
4632761
4634203
4634862
4635090
4635176
4638862
4639306
4639357
4639698
4640353
4640963
4641150
4641230
4641322
4641522
4641903
4641920
4642253
4642451
4643096
4643223
4644224
4645130
4645291
4645662
4646652
4647470
4649712
4650020
4650532
4650961
4651022
4653380
4653845
4654008
4654026
4654641
4655107
4655171
4656061
4657083
4658839
4658902
4659749
4660805
4661809
4662169
4662707
4662866
4663094
4663357
4663444
4663847
4664925
4665182
4665237
4665564
4665951
4666123
4666572
4666647
4667062
4667403
4667984
4668043
4668081
4668642
4669896
4670382
4670545
4670841
4671808
4673555
4673920
4674679
4674691
4675180
4675783
4676140
4676593
4679226
4680211
4680664
4681137
4681791
4682106
4682313
4682380
4683392
4683798
4684268
4686110
4686867
4688349
4689830
4689984
4690083
4690244
4691961
4693760
4695268
4696593
4697116
4698742
4701924
4701986
4704344
4705874
4708749
4711259
4712549
4713229
4713547
4716739
4717847
4717966
4718253
4719217
4720076
4722088
4723687
4724331
4725098
4725275
4725427
4726082
4729171
4729387
4730499
4731408
4731483
4732319
4732385
4732931
4733478
4734244
4735213
4737207
4737803
4738913
4741112
4741527
4741648
4742911
4742951
4744301
4744462
4744998
4745409
4747592
4748201
4750153
4751880
4754508
4755570
4755959
4756463
4758080
4758801
4758835
4760004
4760192
4760793
4761108
4761482
4761988
4762188
4762915
4766891
4768576
4769336
4769819
4769997
4772327
4773198
4773383
4774284
4775485
4775879
4775914
4777140
4778081
4778443
4778739
4779242
4779440
4782283
4782372
4782665
4783331
4785164
4787117
4788417
4791000
4792733
4793630
4795025
4795632
4796230
4797905
4797968
4798521
4799244
4800235
4800291
4800714
4800831
4801332
4802755
4804109
4804149
4804362
4804456
4804994
4805542
4805633
4808628
4809676
4812083
4812257
4812689
4813189
4814255
4814278
4814633
4814856
4815235
4816136
4816417
4816663
4816817
4817009
4818205
4818405
4818793
4819146
4819703
4820600
4820903
4822051
4822334
4822780
4823466
4824934
4826145
4826434
4826802
4827363
4830067
4830643
4831177
4837381
4839037
4839882
4839905
4839915
4843540
4843639
4843986
4845310
4847233
4847369
4847859
4847993
4850136
4851115
4852140
4852292
4852504
4853979
4854415
4856103
4860144
4860406
4862103
4862452
4862759
4863350
4863801
4863986
4865255
4865838
4866504
4869992
4870027
4870104
4870841
4871387
4872268
4872534
4873023
4873163
4873480
4874754
4875073
4875191
4875200
4877516
4879477
4880057
4880430
4880640
4880778
4880889
4881060
4881772
4882689
4883894
4885066
4885510
4887066
4887250
4888614
4888706
4889094
4890473
4891436
4891574
4891709
4891908
4893584
4893926
4894539
4895002
4895256
4895695
4896392
4896673
4897493
4897581
4897765
4898850
4900952
4901282
4905047
4906981
4908895
4910720
4912139
4914154
4914597
4915398
4915900
4917773
4919802
4924226
4924497
4925083
4925360
4926743
4927139
4928566
4928664
4929192
4931102
4932293
4935319
4935424
4936145
4936439
4936641
4938377
4939441
4942718
4942802
4943193
4945109
4946630
4947196
4947605
4949516
4949593
4949658
4950437
4950935
4952099
4954053
4954258
4954914
4957157
4958996
4964771
4965765
4966769
4966839
4967010
4967573
4968339
4969132
4969153
4969989
4972396
4972535
4973762
4974813
4975323
4975864
4977416
4979096
4982206
4984263
4985405
4985532
4985754
4989149
4990507
4994152
4994469
4996105
5000235
5001107
5003588
5004640
5006238
5006267
5007136
5007266
5007774
5011482
5015875
5016942
5018334
5018709
5019752
5021146
5021334
5022157
5023598
5024064
5024908
5025553
5029770
5032017
5032455
5032590
5032673
5034805
5035774
5036010
5037500
5037841
5038389
5038522
5040971
5041500
5042987
5043800
5044722
5045971
5048049
5048577
5049253
5051702
5056064
5056779
5058417
5058647
5060442
5064159
5070694
5070949
5071949
5073493
5077641
5079013
5082978
5084890
5086043
5090040
5091630
5092596
5093015
5096249
5098108
5100146
5101479
5102171
5103745
5105052
5105270
5107598
5108192
5111792
5113590
5115200
5118035
5118359
5118429
5120563
5124116
5126522
5127198
5127527
5127874
5129454
5129961
5130272
5130276
5131726
5132913
5133294
5133556
5133582
5133618
5134621
5134743
5134813
5135076
5136973
5137889
5139324
5139426
5140151
5140233
5140792
5140812
5141056
5142042
5143083
5143120
5143153
5144921
5145238
5146083
5146734
5146987
5147810
5148092
5149252
5150226
5150656
5150822
5151254
5151602
5154144
5155869
5157638
5157648
5157863
5158713
5159041
5164021
5166836
5167319
5167810
5167905
5168475
5168893
5168957
5170206
5170312
5170871
5171358
5172758
5172785
5173197
5173995
5174190
5174345
5175117
5177452
5177620
5178092
5179176
5179758
5179783
5180262
5180394
5181577
5183874
5184165
5184285
5184381
5185580
5187005
5188141
5188551
5188792
5189570
5190763
5191278
5191674
5191956
5192047
5192333
5192544
5193241
5194789
5194814
5195219
5195707
5195835
5196445
5197280
5197298
5197514
5197702
5197767
5197995
5198240
5198700
5199739
5199838
5200100
5204960
5208452
5210554
5211374
5211828
5212941
5215170
5216667
5217852
5218669
5220988
5222137
5222238
5223110
5223679
5224754
5224803
5225933
5226192
5227652
5229619
5230313
5230862
5230915
5233411
5233670
5235020
5237780
5240083
5240988
5241587
5241792
5241873
5242463
5244995
5246152
5246571
5246739
5248195
5250318
5250801
5252625
5252684
5254082
5255977
5256084
5256902
5258311
5259433
5260748
5262180
5262752
5262884
5263121
5263831
5266569
5267007
5267680
5269631
5273965
5275536
5276355
5278909
5279306
5280943
5281635
5282194
5282776
5285048
5286006
5286016
5286678
5289765
5292544
5293738
5298916
5300359
5300382
5302750
5302889
5303223
5306944
5307076
5309526
5310548
5313006
5313531
5317224
5317563
5318851
5324221
5324335
5325259
5325494
5325763
5325764
5326375
5327132
5327432
5329364
5329589
5330124
5331060
5331740
5331777
5332103
5334611
5337609
5338349
5338631
5339064
5339744
5341834
5342543
5342669
5345863
5346352
5350053
5358361
5364220
5364561
5365844
5365856
5370959
5371281
5371351
5371642
5375916
5379301
5381377
5382017
5384757
5385670
5387271
5387904
5390090
5397172
5397206
5399207
5399596
5401080
5401714
5401926
5402115
5403765
5404220
5408479
5409264
5409496
5411321
5412341
5412947
5413140
5414391
5414441
5416056
5416799
5417728
5418616
5420140
5420479
5422651
5425382
5426046
5426105
5426215
5427199
5429206
5429876
5430219
5431391
5432367
5432468
5432897
5433029
5433839
5433845
5435271
5435756
5435969
5436763
5436959
5439300
5439540
5439545
5442388
5442389
5443589
5446928
5447016
5447490
5447571
5448114
5449538
5451021
5451073
5454230
5454376
5454746
5455383
5455542
5456070
5458659
5460235
5460950
5463449
5463592
5463625
5463999
5464165
5467436
5469932
5470924
5471807
5472448
5473340
5473398
5477311
5477872
5478861
5479736
5479998
5481310
5482292
5482846
5482876
5483000
5483695
5484734
5485843
5487775
5487826
5488172
5489268
5490253
5491193
5492207
5494690
5494825
5495298
5495995
5496078
5496965
5496998
5500193
5500864
5501567
5502154
5504500
5504806
5508612
5512609
5513267
5516178
5516582
5517107
5517618
5518239
5520460
5520642
5521020
5521383
5521609
5524318
5526857
5527346
5528096
5528328
5529211
5529880
5530070
5531778
5532541
5535159
5535280
5539438
5540167
5541876
5542446
5543161
5543914
5545576
5546123
5546941
5550036
5550428
5552716
5553270
5555603
5555659
5557957
5563490
5563596
5564585
5567128
5567951
5569365
5571156
5572851
5574122
5575453
5577852
5577954
5579381
5581504
5589188
5590728
5591736
5592304
5593348
5594287
5594623
5595535
5599678
5600169
5600872
5601262
5602859
5604380
5605864
5606530
5608117
5610187
5610902
5614396
5618841
5620606
5621369
5621717
5622365
5623322
5624630
5624708
5624868
5626981
5627185
5627239
5627677
5630198
5630812
5631584
5631768
5632015
5632680
5633797
5635656
5635681
5635769
5636862
5638829
5641657
5643439
5646783
5648762
5648808
5650019
5650939
5651511
5654148
5655646
5656451
5658327
5659573
5660913
5662133
5663314
5664964
5666097
5666338
5666420
5668266
5668705
5669105
5669978
5670000
5671714
5672086
5673761
5673859
5675018
5675114
5676060
5676464
5676773
5680035
5681928
5682025
5682923
5684248
5685987
5686492
5688181
5688744
5689034
5692397
5693168
5693990
5697107
5698199
5698764
5698872
5701235
5703091
5706563
5716052
5716363
5716746
5717607
5718722
5721971
5724875
5724904
5725733
5727063
5728981
5732158
5732838
5733122
5733177
5733235
5733850
5734389
5735691
5735863
5737986
5738463
5738673
5742774
5742838
5744984
5748927
5750286
5750465
5750557
5751065
5752927
5754841
5756323
5757360
5758765
5759055
5759147
5763740
5763756
5764197
5764242
5764385
5766556
5766724
5767424
5768504
5770937
5771140
5771311
5771508
5771929
5773762
5774114
5774604
5774612
5777402
5778469
5780327
5784169
5784498
5786053
5788747
5789801
5789847
5793142
5793832
5793973
5794099
5796273
5799123
5799295
5800092
5800581
5802330
5802505
5803233
5803991
5804814
5806149
5807617
5809913
5809992
5810412
5810712
5812077
5812706
5813506
5814504
5814815
5815141
5815550
5815695
5816184
5816444
5818055
5819090
5823957
5824754
5825397
5825719
5825829
5826536
5832951
5834821
5836387
5837412
5839333
5841396
5845812
5845895
5847003
5848061
5849698
5850808
5851105
5853270
5854273
5854403
5854663
5856668
5856942
5858596
5863959
5868908
5868924
5870707
5871851
5872412
5874339
5875135
5876020
5876490
5877237
5878679
5878757
5879120
5879665
5881036
5884145
5884418
5887876
5890723
5890869
5890883
5891010
5891345
5893502
5894933
5895215
5895902
5896407
5897888
5898376
5900244
5901554
5902423
5907183
5908169
5908675
5909409
5911117
5913927
5916021
5916987
5917583
5919485
5920471
5920531
5921226
5921686
5922531
5925335
5926371
5928211
5928295
5929461
5929881
5933136
5933397
5934492
5934780
5937672
5937831
5939098
5943298
5943652
5947432
5948021
5950339
5950488
5950997
5953184
5953717
5956426
5957436
5959168
5959616
5960532
5960862
5961097
5961968
5963035
5963290
5966824
5968995
5970550
5970983
5972531
5972670
5973392
5974599
5980143
5981663
5982587
5982932
5985694
5987375
5990131
5990298
5990630
5991883
5993449
5993631
5993655
5995049
5995841
5995868
5996988
6002433
6004099
6009123
6010692
6013541
6014433
6016538
6017511
6017648
6018034
6018297
6020765
6021794
6022487
6023820
6024257
6024838
6026912
6029934
6032070
6032263
6033742
6034691
6034709
6037691
6038410
6039029
6039041
6039944
6040317
6041307
6043791
6044667
6045039
6045452
6045676
6046183
6047874
6048128
6049318
6049491
6049874
6050524
6052297
6052417
6052922
6053601
6056785
6058402
6059853
6060681
6061208
6061225
6061951
6062815
6063178
6063193
6063507
6065789
6066719
6067865
6068719
6069037
6069730
6070103
6071259
6071554
6073846
6077241
6078731
6080483
6082158
6082544
6083699
6084710
6085043
6085409
6085678
6086546
6088012
6088176
6088357
6089567
6090054
6090703
6090838
6093307
6094558
6096262
6096822
6096949
6097311
6099175
6108209
6108264
6108494
6109452
6109710
6110427
6110631
6110683
6110801
6112646
6113205
6116594
6116848
6117654
6119118
6119522
6119717
6119954
6121427
6121825
6121866
6122012
6122509
6123441
6127955
6128416
6131710
6131963
6132116
6133064
6134731
6135676
6136891
6140105
6140952
6141256
6141282
6143707
6143708
6144173
6144761
6145486
6147120
6149657
6149672
6149794
6149930
6150008
6150480
6151997
6153560
6153622
6154050
6156970
6157383
6158311
6158582
6158716
6158907
6159259
6160259
6160403
6161040
6161168
6161399
6162210
6162836
6164396
6165067
6165341
6166527
6166757
6167499
6168270
6168333
6169672
6169758
6169761
6171935
6172374
6172580
6175957
6176519
6177686
6178226
6178555
6179093
6179970
6181856
6182219
6186003
6186611
6187059
6187385
6192709
6195040
6195116
6195728
6199476
6200066
6202779
6204827
6209241
6210185
6210988
6213477
6214227
6215231
6216818
6217379
6217425
6217576
6219067
6220686
6223104
6224261
6224997
6227582
6229142
6230065
6231046
6234745
6236945
6237017
6237459
6238326
6239358
6239579
6240510
6241100
6241212
6242593
6243113
6243579
6243635
6244384
6244767
6246234
6247080
6247483
6247854
6251471
6253046
6253972
6253974
6259662
6262282
6269554
6270039
6271935
6272747
6273007
6275376
6275608
6277459
6278641
6279019
6279030
6279138
6281016
6281616
6281833
6282061
6283115
6283516
6284107
6284559
6284969
6286060
6286590
6287717
6287890
6287994
6289119
6289860
6290315
6290337
6291258
6291272
6291991
6293027
6293488
6296369
6297016
6297783
6298613
6298984
6299349
6300073
6300321
6300448
6300745
6303203
6304335
6304419
6304767
6305927
6307742
6310568
6310675
6311360
6312179
6312332
6312356
6312849
6314085
6315261
6316136
6318174
6318760
6319584
6321248
6324296
6324607
6326626
6326771
6326894
6327590
6327981
6328597
6328950
6329148
6331411
6332490
6332777
6334601
6335186
6336069
6339168
6339786
6339968
6342484
6344817
6345337
6345455
6347119
6348768
6350497
6352528
6352573
6352893
6352995
6354171
6355900
6356669
6358374
6361608
6362704
