315
1069
1808
3102
5146
5191
6195
6369
7544
11321
12355
13689
15107
16392
19223
19504
19765
24380
26943
28056
31463
33412
34062
38521
39055
40878
43440
43546
44811
47819
48644
52667
53228
54897
55494
59733
62609
63635
64274
65365
73900
74225
76719
76974
81486
81897
83117
83442
85163
90378
92129
93029
93594
94470
94873
96752
98635
104464
106925
113559
114137
117031
117459
118115
118411
128306
129180
132529
134159
135412
135577
136484
137109
139876
141512
141744
144372
145201
146516
147576
148413
148493
148642
148905
150957
151123
151958
151977
152100
153928
154558
156335
156586
158058
158274
161295
161601
161864
163089
165278
165619
167534
170356
171115
171286
172472
172566
172731
174238
178866
179157
179986
181984
182506
183877
185101
185909
187535
187674
189808
191408
196865
198030
198947
199268
200536
200570
200946
201107
201663
202974
203810
206526
208511
208951
209581
210640
211540
211844
212371
215817
216313
218061
218083
220085
220877
221317
226192
226313
226414
227333
228039
229473
233669
234508
235273
237337
239552
240684
241967
244393
245169
247674
248070
252819
254415
256485
257022
259901
260543
260553
261170
261504
263955
265685
265931
266541
266987
267326
269393
271062
272032
272155
273237
273817
273858
274001
275103
277567
277578
277634
277775
278211
279510
280066
280127
280434
281046
281053
281202
282484
282758
283516
285335
286180
286862
287600
287802
288421
290212
292963
293093
293489
294741
294824
294975
296305
297117
297845
298571
298734
298902
299998
300037
300471
301889
302676
302749
303180
303303
303598
303749
304082
304180
305283
306502
306690
306737
306744
306887
307622
308764
308937
309925
316495
318128
321693
322349
323485
323976
324327
324420
325085
326115
326422
327580
330121
330558
331292
332012
332658
333007
333834
334553
335054
335220
335612
335838
336686
337781
338726
341770
344530
345831
346131
346537
346605
346976
349260
349462
349795
350778
351012
353492
353753
354768
356384
357041
357580
359108
359892
362728
362742
364302
365535
370958
372615
373802
377649
377656
378218
379595
379684
379819
380835
381136
381209
383148
384656
386011
389127
394455
403900
404351
405282
409601
409712
410276
412372
414278
418405
419667
422573
423218
424668
425685
425780
426510
429769
429834
434016
434622
436269
437621
441661
442766
442939
444183
444357
445196
445477
445875
446413
447072
448427
448744
448782
449060
451725
455430
461783
463886
464309
466523
467117
469079
469482
470715
478381
479264
481887
483055
484634
487563
489033
489637
490983
491822
494249
494331
495724
497634
500477
500646
501127
505544
506381
506704
506912
508213
508788
515978
516436
516590
517467
525161
525900
528520
530066
530547
533290
533578
539633
541018
542641
543085
545596
546212
546989
547730
549419
550297
552789
553345
555052
555214
562056
562286
562434
562844
565565
565784
566893
569997
570135
574354
576945
587243
587401
589976
592295
592486
592847
594959
595073
596564
597323
598147
600412
601341
602409
603608
605796
607260
607576
608606
608778
610345
613701
614807
614867
615425
617843
618336
620862
621351
621613
622159
623615
624173
624264
624782
625833
626262
629966
632569
633920
634103
634175
634590
636006
636198
637349
638857
639630
639646
639715
644024
644533
645784
646781
648255
648809
650729
651296
653213
653561
654738
656263
657734
659722
661021
662181
663409
664866
667066
669295
669622
670325
672638
674176
674357
674619
677432
678076
678458
678461
679093
679836
681455
683944
685337
686474
688974
695101
695375
698624
699475
699669
706097
706221
707401
708996
709290
715972
718318
718944
721367
721401
721662
721729
723090
726292
727130
727900
728822
729454
729462
730087
731565
732027
733559
734932
735080
735764
737749
740659
740790
740950
744300
744740
746285
746334
749088
750290
751946
752827
754204
756088
757791
758813
759193
761765
765254
774039
775083
778486
780297
784466
786402
790801
791813
794148
794450
799179
801263
802281
804129
805202
809436
809482
810502
815256
819722
823846
824504
826446
827298
830328
831298
833130
834941
835606
836445
836664
836815
837259
838394
840421
842582
842751
843261
843964
847907
849014
852719
852784
853280
854870
854932
855917
858446
859158
859784
859891
863217
863647
863668
864656
866047
866522
867344
867879
870177
870237
871213
872739
873179
873881
874892
875597
876007
877866
880272
885185
887448
889466
892345
895086
895532
899151
899435
900677
900819
902822
903467
904687
905497
907946
908197
909338
912948
913708
916398
916865
917847
917964
919711
925811
928551
929598
930839
931621
933632
935552
936156
937373
938262
939942
940034
940319
942096
942252
944080
944649
945196
946362
948543
950965
952589
953308
954648
957233
957693
959573
960877
961551
961739
961966
962407
962643
962955
963114
963153
964989
968018
968658
969769
970354
973117
973169
974284
976005
976109
978334
978644
980194
981745
986333
988217
988907
991430
991467
993561
994299
995672
997888
998262
999333
999622
1001564
1004798
1005043
1006087
1013259
1019957
1021478
1021826
1022412
1023410
1025112
1025737
1025760
1027223
1028994
1030314
1030615
1031555
1031764
1031817
1037315
1039818
1047057
1049054
1055056
1056474
1057007
1058256
1058277
1061662
1063089
1065630
1066593
1066601
1068535
1070938
1071330
1071537
1073169
1074648
1075173
1075618
1079314
1079428
1084182
1087010
1089294
1090869
1093700
1099713
1106167
1106628
1106717
1109918
1113879
1115994
1116584
1117876
1118515
1124466
1126395
1128390
1131984
1132788
1133840
1133889
1134405
1136562
1136797
1137445
1139661
1140870
1141103
1141730
1144965
1145997
1146500
1146927
1149267
1150099
1150179
1151794
1151933
1153855
1155215
1158377
1161555
1161605
1163996
1164652
1166606
1167983
1175674
1177180
1177190
1184196
1185513
1189345
1189682
1194123
1195688
1196920
1198559
1202645
1202681
1206509
1206875
1213578
1213951
1216764
1219785
1219893
1222073
1223310
1223973
1227516
1233155
1234210
1241151
1241682
1246417
1246865
1249716
1249987
1252386
1252505
1252678
1253170
1253231
1256785
1260221
1262691
1263709
1265534
1265678
1268096
1268970
1269574
1270427
1272140
1276276
1277261
1279500
1280327
1281711
1281983
1288041
1288934
1291867
1292195
1296778
1298798
1299327
1300870
1305648
1306396
1307521
1309609
1313836
1315088
1315642
1315840
1316408
1316748
1317218
1317583
1320725
1320900
1322935
1326326
1326784
1329522
1330773
1331669
1334798
1335238
1335765
1337851
1351600
1352679
1357807
1357893
1361548
1364369
1366648
1366766
1368789
1369219
1370846
1375779
1377557
1379180
1380284
1380584
1391566
1391861
1392037
1397162
1398381
1399399
1400157
1404365
1405095
1405542
1407978
1410908
1419065
1419813
1420037
1422455
1422487
1423991
1424887
1428237
1433002
1433036
1434396
1436273
1436301
1437343
1438379
1440400
1441624
1441833
1442432
1445709
1446079
1447450
1448268
1450120
1451440
1454528
1455121
1457199
1457220
1457957
1458347
1459003
1459161
1461515
1462990
1463148
1463631
1463765
1467575
1469711
1471181
1471817
1472207
1472422
1472728
1472730
1474172
1474614
1474617
1476258
1476433
1478919
1479271
1479971
1480000
1480884
1481172
1482512
1483670
1484858
1485207
1485927
1486001
1489264
1489694
1489897
1490312
1492114
1492307
1492592
1494438
1495220
1495355
1495590
1495637
1496050
1496207
1496960
1497041
1497492
1497592
1497830
1498925
1499447
1499797
1500512
1500582
1501416
1502072
1502513
1503530
1504491
1506325
1507076
1508517
1508782
1510429
1510847
1511375
1512118
1512733
1513459
1513814
1514144
1515848
1516526
1516817
1516846
1516869
1517147
1518358
1521262
1521511
1523218
1525187
1525274
1527044
1527450
1528437
1530068
1532250
1532427
1533050
1535850
1537314
1538380
1538502
1539543
1540820
1543093
1543471
1544491
1544512
1546772
1547229
1547613
1552090
1553771
1553801
1554790
1555598
1556299
1556512
1557120
1558019
1558069
1558832
1559012
1559482
1561887
1561987
1562789
1563362
1563587
1564256
1565241
1565456
1570844
1572629
1573236
1574468
1574997
1575749
1578883
1579483
1580570
1581917
1583560
1585526
1586875
1590266
1593508
1594290
1595029
1598152
1599930
1600007
1603513
1605177
1607103
1607296
1608778
1608798
1611733
1612903
1613712
1616569
1622177
1622855
1622905
1624246
1627750
1630642
1630761
1631048
1631745
1635646
1642053
1644114
1648712
1649615
1651218
1651728
1653877
1654685
1654910
1656144
1657232
1657891
1661507
1663203
1664206
1665129
1665905
1668269
1668806
1669758
1672115
1673087
1674422
1675307
1675365
1676453
1679923
1681392
1683282
1684670
1684737
1688649
1689633
1693721
1694532
1696825
1697883
1698076
1707574
1710027
1710205
1710494
1714201
1716943
1718964
1721458
1723399
1725313
1725567
1726594
1726701
1727984
1728880
1729313
1732813
1733855
1734336
1735540
1735996
1737179
1737340
1737415
1737450
1737594
1737942
1741026
1743391
1743636
1745435
1745986
1746428
1747496
1748253
1749661
1755542
1756442
1757327
1759365
1761434
1763281
1767092
1769407
1769499
1769592
1770000
1773131
1777500
1779422
1780665
1781210
1781545
1783661
1785140
1785779
1786485
1789930
1793852
1794804
1795559
1796564
1797299
1800644
1800926
1804692
1805445
1805733
1806075
1806275
1812326
1812589
1813001
1822119
1822470
1823021
1823721
1826730
1828908
1830634
1834838
1835802
1836809
1837763
1842653
1843117
1844165
1844417
1844779
1848884
1849051
1850008
1850091
1850629
1850968
1854230
1855524
1856179
1856570
1859380
1860485
1864636
1866147
1869437
1873727
1873846
1876672
1876942
1877493
1878561
1879022
1879155
1881024
1882196
1882777
1883817
1884789
1885061
1886501
1886754
1888348
1889089
1893944
1895045
1895164
1896885
1897867
1898215
1899448
1900349
1900620
1902234
1902786
1904197
1904255
1905804
1909744
1910055
1911403
1912885
1914302
1914908
1914937
1915059
1916429
1918213
1918536
1918813
1920704
1922392
1923494
1923609
1923761
1924583
1925595
1927557
1927674
1928137
1928396
1928773
1930043
1930544
1931751
1932124
1932536
1936542
1936857
1938014
1939765
1940791
1942589
1947782
1948319
1952045
1952598
1952910
1955923
1957246
1959873
1962621
1963949
1964575
1965540
1966102
1968047
1969728
1970540
1971118
1974632
1976590
1977531
1979306
1979449
1979475
1979495
1979559
1980664
1980981
1981218
1982744
1983904
1984847
1986825
1986917
1987067
1987756
1987853
1991842
1992095
1998020
1998379
2003825
2005420
2008969
2009139
2009672
2011584
2012357
2013087
2013815
2015296
2015832
2017301
2017486
2019052
2019401
2021685
2021752
2023903
2024428
2026357
2026559
2026567
2026600
2028249
2029498
2029684
2030659
2031099
2032658
2034253
2034293
2035764
2037354
2038467
2039736
2040690
2041586
2044665
2047565
2047938
2050256
2052560
2054349
2054375
2055744
2058011
2059558
2060632
2061434
2063662
2065160
2065652
2067379
2067428
2069908
2074131
2074237
2074251
2076534
2076938
2077827
2081121
2081548
2082149
2082395
2083253
2084300
2085800
2086844
2087357
2090355
2090734
2091002
2091165
2096094
2098429
2098580
2098954
2099348
2099739
2101052
2105495
2105668
2106917
2110275
2110512
2111355
2112102
2113434
2113820
2114615
2114849
2114917
2115551
2116415
2116549
2119171
2119938
2120614
2121163
2121448
2122309
2123986
2124213
2124844
2125938
2127672
2130878
2133808
2135648
2137588
2138219
2138548
2138743
2139065
2140875
2142466
2144014
2145919
2148506
2151607
2152581
2152969
2153453
2154119
2157200
2157244
2157606
2157750
2160033
2160099
2163327
2163332
2163779
2169620
2170220
2174968
2177392
2179519
2180049
2180609
2183335
2185166
2186172
2187857
2188161
2189047
2189457
2190468
2191763
2193411
2194536
2194636
2196053
2199419
2200440
2201324
2202471
2203244
2206565
2207108
2207110
2207479
2208211
2209266
2210393
2210815
2211407
2213216
2213880
2214570
2216772
2222431
2223892
2223951
2225158
2225351
2226016
2226055
2227789
2228959
2229127
2230616
2232496
2232748
2235136
2241309
2242549
2249609
2251336
2252972
2254667
2255649
2256534
2258039
2260383
2261707
2262481
2263845
2264537
2265860
2267674
2268484
2268951
2271302
2271595
2271611
2271808
2271913
2274788
2276458
2279602
2283021
2283304
2284207
2284710
2286564
2287115
2287254
2288938
2289988
2291628
2291767
2293788
2294380
2294642
2295661
2295987
2296402
2308159
2311857
2314508
2316437
2317484
2317787
2318145
2321556
2322304
2323006
2323842
2324204
2324423
2324809
2325052
2327498
2327535
2328012
2328230
2328527
2332993
2335219
2336866
2338893
2338988
2340927
2343135
2345097
2348683
2349182
2350105
2351420
2355458
2357958
2358832
2359625
2359766
2360004
2361118
2361783
2361794
2363043
2363117
2365717
2366110
2367437
2368186
2369380
2369524
2370234
2373115
2375111
2377367
2378274
2379428
2379458
2379670
2380554
2380706
2382014
2382250
2383211
2384130
2384858
2386810
2390523
2394258
2396483
2397302
2397757
2402125
2402605
2403235
2404296
2404449
2407074
2410012
2410511
2410877
2411810
2412449
2424358
2427019
2427695
2428162
2428196
2430149
2430434
2432263
2432369
2432735
2432885
2434495
2434546
2435536
2435708
2438331
2438388
2438456
2439663
2440379
2443665
2444330
2444525
2444901
2445101
2445514
2445945
2449740
2450096
2453124
2453183
2454801
2462771
2463322
2465821
2466979
2471617
2471710
2474353
2475968
2477700
2479461
2479969
2482669
2483018
2483646
2485518
2485575
2486224
2486649
2487987
2491484
2495440
2495472
2496572
2498763
2499935
2502146
2507102
2510009
2510364
2515068
2515388
2519056
2519387
2521113
2521153
2521310
2521323
2522070
2522156
2524510
2524564
2524762
2524880
2524952
2526033
2526701
2529031
2529999
2531718
2532553
2533438
2533721
2536082
2536244
2536255
2537777
2539997
2540827
2541153
2541832
2542398
2543004
2543210
2544546
2546671
2549091
2549511
2552147
2555965
2556120
2557643
2560374
2561681
2561989
2562755
2562842
2568236
2568341
2569001
2569691
2570269
2570412
2571763
2571873
2572429
2574163
2574262
2574520
2576685
2577526
2578164
2579889
2581463
2581494
2582304
2582636
2583874
2584742
2587869
2588012
2588126
2589026
2591088
2592176
2595247
2597180
2597644
2598110
2598851
2599621
2600108
2600954
2603147
2603481
2604099
2608942
2609826
2610536
2612793
2613443
2617103
2617140
2618029
2618260
2619422
2619475
2621304
2621312
2621487
2624147
2624536
2624741
2625192
2628291
2628431
2628590
2629293
2629685
2629925
2632072
2633208
2633451
2634128
2634567
2635100
2636502
2637572
2639151
2639456
2639586
2640807
2643468
2644601
2644775
2646153
2648338
2649994
2652507
2655068
2655884
2659860
2661114
2664377
2664738
2664848
2665163
2666574
2666909
2667311
2668007
2669723
2669962
2670538
2672706
2677718
2678415
2680423
2680528
2681561
2681908
2683240
2683483
2683640
2684499
2685283
2686498
2686651
2689021
2690116
2690443
2691194
2691446
2691813
2692135
2693400
2693904
2694391
2694841
2695672
2696516
2696844
2697278
2699486
2699530
2700610
2701117
2701269
2702303
2702755
2703913
2704454
2707561
2708673
2708912
2710108
2710305
2710385
2710512
2711430
2713191
2713902
2714686
2714869
2716711
2717193
2717747
2717768
2717881
2720446
2722075
2723809
2723857
2723924
2724566
2725945
2730436
2731771
2734185
2735013
2736601
2737568
2740330
2740411
2741037
2741366
2742518
2743129
2743812
2747619
2747732
2748815
2749858
2750932
2752601
2752852
2753252
2756147
2756588
2756695
2758718
2759615
2760050
2762186
2762443
2763838
2765815
2766237
2770644
2771514
2774548
2778558
2779275
2784593
2785686
2785847
2789688
2790061
2790072
2790320
2791672
2792879
2794506
2798992
2799329
2800111
2800748
2804954
2806366
2807403
2809213
2810285
2813393
2813522
2813574
2815843
2816304
2819429
2824508
2825681
2826759
2828126
2829884
2830031
2833788
2833840
2836952
2837541
2840475
2841788
2844057
2844506
2844781
2844801
2845209
2846251
2846701
2848209
2848215
2848461
2849342
2849441
2849487
2851242
2854952
2856494
2858302
2861538
2862359
2864257
2865156
2866841
2871466
2872607
2873549
2873917
2874172
2874712
2875273
2875755
2875917
2878546
2881047
2883058
2883385
2883986
2884397
2888314
2888343
2890767
2897247
2897969
2900560
2901165
2901932
2903490
2904114
2907150
2907177
2910437
2910565
2910599
2913166
2913183
2914443
2914727
2916446
2919044
2919198
2919730
2920188
2921648
2922879
2927640
2929534
2931852
2932092
2932794
2933571
2935359
2936175
2938663
2939539
2944135
2944654
2946603
2947283
2947921
2948946
2949024
2951116
2951182
2954374
2955182
2957287
2957761
2961714
2965058
2965392
2966444
2967714
2968876
2969395
2970352
2971301
2973204
2975375
2976538
2976546
2976665
2977917
2979390
2980790
2982081
2983092
2983718
2987082
2987225
2987250
2988476
2989250
2989426
2989609
2991274
2991293
2993516
2996043
2998377
3001959
3003109
3004413
3008066
3009052
3009786
3010998
3012155
3015710
3017432
3017549
3018302
3019517
3022190
3024431
3024618
3028846
3029422
3031498
3035880
3038641
3039695
3042253
3042343
3043238
3044425
3044801
3045815
3049158
3049920
3051301
3051739
3053177
3054215
3057493
3058436
3059102
3059437
3060248
3060751
3063525
3063727
3065306
3065722
3068213
3069665
3069757
3072699
3078035
3078715
3079618
3081481
3082657
3084202
3086806
3087094
3090322
3090470
3091099
3091408
3093940
3093993
3094065
3095284
3095863
3095989
3096239
3097312
3097543
3098902
3100002
3100637
3100990
3101411
3103849
3104296
3109116
3109234
3111116
3112488
3113625
3113704
3115560
3117132
3117480
3118456
3118962
3119638
3119922
3119946
3121850
3127617
3129069
3129821
3132499
3132751
3132920
3133824
3136138
3140159
3142846
3145001
3146716
3151926
3155971
3156130
3156441
3157432
3157592
3160307
3160439
3160864
3164269
3166087
3166390
3166828
3171828
3173638
3174954
3175025
3176645
3178350
3178968
3179709
3180139
3182709
3186231
3186962
3187095
3188617
3191077
3191461
3191528
3191964
3192173
3192807
3193256
3193766
3195377
3197166
3197316
3197567
3197911
3198390
3202981
3203122
3205314
3205648
3206226
3208804
3209755
3209775
3210815
3213780
3213866
3217936
3219457
3219882
3220857
3221127
3221539
3222219
3224900
3225740
3226707
3227369
3231006
3231626
3232174
3232334
3233177
3233932
3234345
3234976
3236902
3238016
3238110
3238349
3239374
3243104
3244155
3247878
3249825
3249962
3252161
3253413
3255536
3256311
3256904
3261095
3261162
3261764
3262248
3262528
3262861
3263190
3263496
3264949
3265150
3266513
3267742
3268587
3269766
3270146
3273379
3277765
3278960
3281393
3281609
3283734
3283877
3284607
3285253
3286463
3287271
3288265
3288936
3290195
3290600
3290751
3291240
3292120
3292241
3292461
3292589
3292911
3292946
3294602
3295303
3295983
3296933
3297739
3299051
3299398
3299424
3299847
3300666
3301075
3301094
3301211
3301234
3301485
3302814
3303186
3303477
3303719
3303729
3303736
3304317
3305100
3305644
3305821
3307175
3307663
3307671
3308529
3308693
3309201
3309345
3314235
3315710
3315833
3317664
3317968
3319622
3319735
3320485
3320914
3321094
3321502
3322131
3324221
3324263
3330444
3332970
3333926
3334617
3335323
3335671
3337019
3337606
3341891
3343218
3344388
3344936
3345724
3345976
3347452
3350259
3351665
3352172
3352452
3353453
3354890
3355518
3357336
3359275
3359422
3359966
3362370
3364980
3366127
3366241
3366327
3368071
3369782
3371980
3373040
3373138
3373456
3374564
3374798
3376052
3377512
3377558
3378796
3378830
3382995
3383149
3383373
3384169
3384694
3386353
3387074
3387702
3387797
3390037
3390138
3391732
3395665
3397627
3398882
3401976
3404741
3406079
3411461
3411836
3412014
3412349
3412768
3412906
3413426
3414762
3415227
3415333
3416166
3416851
3417813
3418057
3421195
3421485
3422983
3424712
3424896
3427317
3427515
3429021
3429187
3431662
3432769
3433466
3434703
3434957
3437338
3437431
3438473
3442395
3444091
3446535
3446723
3446829
3447271
3447482
3447803
3447998
3448693
3449795
3451314
3453615
3454011
3457114
3457900
3460213
3460244
3460323
3461729
3463159
3464287
3464730
3466537
3466868
3468084
3469058
3475358
3476841
3476925
3477111
3477529
3480994
3484183
3485410
3486210
3486743
3488222
3489238
3489420
3490412
3491977
3494749
3495204
3495440
3496924
3497591
3498109
3498274
3504942
3505477
3508119
3508314
3508698
3508890
3511481
3512262
3513038
3513534
3514285
3514898
3515208
3515957
3516740
3516778
3518494
3518732
3521366
3525604
3525901
3526162
3528065
3528549
3529372
3530134
3530938
3531578
3531689
3534241
3537801
3538780
3540026
3541145
3541477
3542670
3545314
3545368
3545883
3546577
3548752
3550558
3551336
3551900
3553968
3554230
3560303
3560487
3560593
3561113
3564467
3564831
3567135
3567337
3567481
3567793
3568106
3568386
3569302
3573514
3574599
3580510
3580970
3582691
3583041
3583949
3584941
3585117
3586048
3588024
3588592
3589468
3590637
3594582
3595513
3596207
3598903
3600296
3600762
3601366
3601891
3601996
3602445
3605503
3605570
3605705
3606969
3608204
3612602
3612838
3613464
3614752
3615186
3616107
3617049
3617094
3622667
3623904
3624402
3624453
3627485
3628787
3630731
3631086
3631236
3632891
3632978
3633440
3635369
3637785
3640725
3641732
3646524
3647339
3648924
3650607
3651240
3651472
3652236
3652353
3652629
3652883
3653162
3653325
3653660
3653985
3655248
3655288
3655614
3655886
3656180
3656681
3656770
3660721
3660924
3665203
3666933
3668113
3668368
3669493
3670424
3671301
3673888
3674117
3677618
3679604
3679627
3682562
3683372
3683435
3683751
3683897
3685195
3687599
3688475
3688601
3690073
3691044
3692741
3693519
3694384
3694542
3695378
3695623
3695681
3695996
3696719
3697882
3698051
3700485
3701240
3701719
3708631
3709110
3709600
3711770
3713320
3713687
3715887
3718464
3720689
3722192
3722196
3723043
3723706
3726044
3726294
3726525
3729152
3729414
3729852
3730625
3733918
3734253
3734287
3734979
3736712
3736765
3738366
3738890
3740406
3740491
3740524
3742287
3743319
3744529
3746754
3746967
3747373
3749191
3750285
3750720
3751086
3751819
3753206
3753730
3756413
3756602
3757570
3758881
3758983
3762091
3762977
3767896
3768564
3769324
3770109
3772546
3773504
3774877
3775588
3775781
3777416
3778184
3778630
3780038
3783333
3783404
3784229
3784702
3787946
3788473
3790672
3790943
3791745
3793672
3794438
3795815
3797386
3800088
3800099
3801230
3803717
3804270
3806367
3806822
3808133
3808944
3810898
3811417
3811823
3812485
3813746
3813845
3816300
3817351
3820311
3820648
3820913
3821987
3822164
3823100
3827134
3828593
3840193
3841980
3842163
3843268
3845410
3847176
3847637
3848890
3850785
3851113
3851366
3851689
3852876
3853697
3853796
3859802
3860040
3860354
3860610
3861476
3861886
3862844
3862887
3866599
3866626
3870133
3871610
3874766
3875155
3875421
3875685
3875960
3879150
3883829
3884617
3885925
3887667
3888368
3889796
3889904
3890674
3892833
3894724
3897033
3898090
3899807
3900853
3901231
3901636
3905209
3905520
3905929
3908466
3910102
3910553
3911330
3911486
3912800
3913730
3913986
3917879
3918797
3919582
3921092
3921241
3921426
3922457
3923781
3924600
3926168
3928631
3929068
3930613
3933589
3934527
3938064
3940470
3941728
3942055
3942183
3943715
3944702
3945724
3946380
3946932
3948757
3951421
3952392
3954838
3956575
3956869
3958077
3958725
3958769
3960189
3961078
3961300
3963240
3969848
3974512
3976939
3977138
3981831
3981990
3983441
3984245
3984794
3985031
3987148
3988243
3989239
3990528
3990792
3991089
3991315
3995428
3995685
3998469
3998851
3998889
4002720
4004277
4004782
4005280
4007946
4009665
4009819
4009844
4010874
4011598
4012263
4015884
4016929
4018238
4018877
4021656
4024053
4025277
4026749
4029303
4030934
4036124
4036840
4038690
4038824
4041416
4042286
4042651
4043010
4047566
4054156
4054666
4056296
4056372
4060695
4064029
4065403
4067666
4071265
4071778
4073394
4074305
4075766
4080289
4081384
4081616
4082020
4085446
4086003
4089038
4089162
4089242
4092188
4093601
4095094
4096141
4096482
4096606
4097944
4098561
4101010
4101651
4103115
4106474
4106497
4108059
4108911
4109242
4111236
4112439
4113434
4115903
4116490
4118050
4122371
4122526
4124366
4124392
4124482
4124571
4127489
4129059
4129998
4131819
4132042
4132370
4136305
4137028
4137759
4138810
4142014
4143924
4144420
4146862
4148324
4148361
4150598
4150876
4151325
4157220
4161049
4162172
4162478
4164455
4164923
4168816
4168852
4171248
4172075
4174059
4174649
4175374
4176559
4179364
4182214
4183456
4187456
4187466
4187807
4189296
4189866
4189878
4191390
4192648
4193274
4193905
4194742
4195291
4195896
4198178
4199828
4201804
4202815
4203035
4206436
4207718
4212236
4214358
4214680
4216839
4217525
4217927
4219977
4221446
4224852
4226596
4228029
4228218
4230994
4231366
4239491
4242808
4246524
4248036
4249352
4250887
4251736
4252480
4260994
4265907
4266530
4268605
4269277
4273021
4273282
4274795
4276981
4277046
4279038
4286970
4292556
4292577
4297090
4297196
4298083
4298959
4299295
4299737
4300781
4302352
4303396
4304131
4304584
4309744
4310030
4310784
4311985
4316554
4319413
4319937
4320706
4324065
4324347
4324989
4327263
4327343
4327970
4329902
4330142
4334137
4336245
4339406
4340223
4340276
4341004
4341403
4343674
4343801
4346728
4349658
4349802
4350766
4351210
4351740
4352361
4353190
4354078
4358147
4359638
4360247
4361151
4362462
4362669
4363305
4363934
4365131
4365145
4365553
4366473
4367636
4369065
4372754
4374674
4376710
4377189
4377337
4378447
4380116
4380497
4381024
4382212
4382253
4382430
4383711
4385164
4387448
4388561
4388701
4391135
4391348
4391543
4392769
4395151
4397655
4397829
4401150
4401794
4403877
4404058
4404195
4404466
4407357
4407575
4409074
4410841
4413350
4413427
4417517
4417627
4421526
4422228
4425266
4425815
4426607
4426783
4427499
4429516
4437707
4440750
4442064
4443316
4445260
4450788
4450955
4451407
4453348
4454749
4459535
4460112
4464066
4464902
4464973
4465370
4465916
4466467
4471675
4472309
4474099
4477070
4477129
4477978
4478294
4479026
4479269
4482192
4484272
4486220
4488411
4488748
4495422
4495706
4499613
4501029
4504159
4505298
4506484
4508137
4508658
4509867
4510125
4510261
4513068
4513692
4513936
4514056
4514156
4517605
4519097
4520096
4523846
4527196
4529153
4532622
4535062
4536772
4537141
4537539
4538106
4541427
4546275
4551904
4551936
4553907
4555863
4556376
4557046
4559254
4559961
4560229
4565523
4567602
4568331
4568788
4570419
4575527
4576462
4583525
4583899
4584511
4586097
4586547
4587426
4589134
4590415
4590790
4594320
4597175
4599029
4600092
4600725
4603887
4605673
4606897
4607678
4611351
4611683
4612791
4614415
4615397
4617183
4617233
4619045
4619144
4619414
4620526
4620883
4622405
4624294
4625190
4626000
4626052
4626839
4628876
4635258
4636586
4638742
4640313
4641386
4642286
4643190
4644710
4648043
4648561
4649125
4654570
4657456
4657743
4660754
4662594
4664942
4666120
4668719
4669372
4672181
4675192
4675694
4679679
4681458
4683262
4683821
4684274
4684580
4686164
4686718
4688656
4689167
4690683
4691650
4692279
4698367
4704962
4705983
4707647
4708814
4709353
4713930
4716592
4719000
4728992
4729415
4732013
4733054
4733407
4733551
4736487
4744719
4748125
4749397
4751231
4762967
4765871
4768271
4768751
4769536
4773833
4773955
4775210
4777371
4778236
4779076
4783098
4785421
4786803
4791034
4791485
4791615
4792323
4793280
4798599
4799202
4805782
4805929
4806724
4810482
4813814
4816882
4816914
4819297
4819450
4822577
4823258
4823342
4824154
4824661
4826064
4826545
4826719
4826786
4827077
4827359
4829725
4829869
4830075
4833086
4833248
4835372
4835921
4836633
4837050
4838300
4840870
4841568
4842300
4842872
4843628
4850942
4852058
4852391
4852923
4853240
4854446
4854745
4855193
4855782
4855821
4858441
4861265
4861269
4861490
4861750
4863452
4863591
4864070
4864362
4864439
4864512
4866148
4866790
4869112
4870118
4870286
4870356
4870925
4870994
4871231
4871547
4876203
4877240
4879498
4880292
4881193
4884990
4885053
4886926
4887018
4887257
4888547
4888971
4889339
4890769
4891413
4892581
4892929
4894267
4894461
4894838
4895015
4895099
4895241
4895334
4895354
4896412
4896976
4897209
4897566
4897648
4897713
4898574
4899036
4899156
4902677
4903296
4903384
4903718
4905919
4907529
4907902
4909216
4909384
4910050
4910373
4910768
4913241
4913711
4915313
4918085
4921140
4921667
4922711
4923644
4924594
4928470
4929030
4930482
4931138
4932441
4932884
4935229
4937438
4937492
4937909
4939140
4939510
4940341
4940684
4941283
4948411
4948728
4949136
4950890
4951524
4958283
4960977
4965501
4966197
4966670
4967313
4968493
4970651
4975073
4975145
4976537
4978048
4978860
4980198
4981782
4986977
4987074
4992825
4997394
5003333
5003410
5005272
5006195
5007687
5010152
5013225
5016139
5018196
5024141
5025255
5029428
5029462
5035920
5036419
5036648
5039647
5040836
5041716
5042245
5043100
5043274
5043653
5045655
5046191
5048837
5049157
5049597
5050550
5050677
5051470
5053507
5054235
5058622
5059638
5060882
5063418
5063947
5064101
5067974
5068669
5072957
5073239
5073492
5073806
5079953
5081016
5081254
5081486
5083029
5086462
5088786
5089046
5090455
5091585
5097290
5099110
5103438
5104546
5112179
5113425
5114967
5115633
5117785
5119255
5120036
5121332
5121471
5122117
5126890
5129218
5129348
5130617
5135143
5135715
5136450
5136570
5137126
5146310
5147450
5147651
5147827
5148038
5151076
5151185
5151443
5153375
5156624
5160840
5161034
5161153
5163771
5173676
5174213
5177893
5178283
5178665
5182421
5185444
5185661
5186347
5187672
5190524
5191616
5194924
5195131
5200754
5201772
5202409
5202768
5204888
5206870
5207776
5207840
5210878
5210937
5211400
5214337
5220353
5220746
5222459
5224708
5224958
5225695
5226918
5227446
5227572
5228229
5228578
5229424
5230036
5230934
5234616
5235163
5237117
5237379
5237982
5237998
5242219
5242910
5250006
5251393
5253757
5254854
5256142
5257869
5258552
5268027
5268121
5273990
5276928
5278440
5281242
5290717
5295220
5301334
5303630
5303835
5304077
5304895
5306350
5308265
5309585
5310474
5314040
5314188
5314262
5318475
5319347
5319398
5319798
5321618
5321954
5322126
5323655
5323791
5324716
5325542
5325976
5327864
5329067
5329072
5329324
5330791
5332670
5333169
5333318
5334261
5335499
5337908
5339235
5340022
5340174
5340703
5344822
5346528
5348026
5351448
5352368
5352876
5353824
5356627
5357282
5360071
5363602
5363688
5364626
5366650
5368461
5369480
5371655
5372921
5373831
5374899
5375565
5376502
5379798
5379976
5380329
5382624
5383534
5385995
5387761
5388384
5393617
5394448
5394828
5396618
5398393
5398489
5399658
5400178
5400441
5411002
5411010
5412072
5418244
5418707
5425484
5428765
5429858
5430345
5430782
5431320
5433698
5436905
5437540
5439322
5444743
5446722
5447786
5448738
5450972
5451654
5451869
5453021
5457658
5458742
5459511
5462884
5463977
5465283
5465308
5466290
5467940
5469144
5470644
5471607
5471671
5475306
5476016
5485575
5486738
5490231
5490426
5491867
5493756
5493840
5497474
5498100
5499532
5501158
5502728
5503706
5504197
5505292
5507735
5507776
5510448
5514318
5514753
5516390
5520998
5522212
5522415
5527478
5531524
5532452
5532590
5533125
5536280
5537253
5538449
5539124
5540075
5540208
5542069
5542346
5545187
5552672
5554828
5554910
5558516
5559601
5559792
5561343
5561795
5562030
5563138
5563530
5564054
5567361
5567680
5567717
5570770
5571683
5573113
5575791
5576174
5577757
5579515
5580825
5580912
5581386
5584828
5585138
5586269
5592181
5593322
5599172
5602421
5605618
5606159
5608844
5612477
5612939
5613407
5614764
5615031
5615213
5616573
5621845
5625242
5626527
5631402
5631641
5633048
5633225
5635577
5635618
5639049
5644417
5646135
5648121
5648638
5649617
5649629
5653123
5653383
5654964
5656447
5660513
5660758
5662298
5663891
5675101
5675491
5679717
5680823
5681150
5682728
5683128
5687118
5688574
5693309
5696513
5697481
5699799
5701860
5704815
5705263
5705968
5706705
5708286
5708948
5710331
5710424
5711147
5711213
5718274
5718749
5719991
5721665
5722563
5725724
5725966
5726026
5727897
5730096
5730733
5731780
5735390
5737438
5741090
5743607
5743610
5745809
5747847
5748760
5754271
5754841
5754881
5755960
5757260
5760639
5765282
5765416
5767473
5769179
5770824
5772204
5772650
5773013
5773329
5774079
5774159
5774971
5776228
5777829
5779201
5779392
5779758
5782798
5783552
5783903
5783918
5789589
5789916
5790579
5793060
5797602
5797901
5801304
5802493
5803033
5809491
5811004
5814472
5816602
5819327
5822470
5824895
5827010
5827600
5828500
5831206
5831716
5834211
5834354
5839132
5841943
5849077
5849769
5851868
5854104
5854680
5854731
5860005
5863129
5863515
5865235
5868143
5869603
5874659
5875128
5878811
5881145
5883194
5888724
5889837
5892897
5894982
5900208
5903040
5903650
5905081
5905684
5907776
5907886
5908234
5909094
5909372
5909648
5912164
5912512
5916470
5916663
5917005
5917014
5917535
5918207
5919333
5920228
5920230
5920852
5922171
5922298
5923149
5923636
5924852
5925191
5925771
5926351
5926365
5926677
5926823
5927350
5927787
5927808
5927900
5928011
5928116
5928182
5928587
5929159
5930341
5930938
5931238
5931382
5931827
5931881
5932242
5933155
5933706
5933709
5935100
5936148
5936187
5936291
5936296
5936986
5937136
5937303
5937636
5937969
5938253
5938441
5938551
5939203
5939385
5940386
5940569
5941332
5941537
5941763
5942180
5942587
5943591
5943820
5943977
5944748
5945006
5945083
5945880
5946194
5946244
5946248
5946278
5946628
5947136
5947561
5948291
5948369
5948783
5949143
5949394
5950350
5950417
5951038
5951354
5951515
5951651
5951807
5953589
5953895
5954063
5954266
5954380
5954385
5954914
5955368
5955415
5955822
5955916
5956865
5957337
5957421
5957511
5957963
5958109
5958756
5960043
5960527
5960658
5960711
5960926
5960994
5961018
5961046
5963343
5963429
5963809
5964422
5964477
5965113
5965723
5965821
5965977
5966187
5966284
5966722
5966777
5967019
5967234
5967405
5967984
5968142
5968936
5969191
5969441
5969576
5969609
5969753
5970454
5970480
5970576
5972423
5972939
5973068
5973366
5973372
5973658
5974396
5974473
5974567
5974860
5975145
5975200
5975453
5975491
5975566
5975661
5975819
5976334
5977012
5977331
5977539
5978367
5978429
5979368
5980040
5980620
5980723
5981183
5981238
5981460
5981687
5983543
5983734
5984959
5985223
5985335
5985522
5985775
5986115
5986253
5987227
5987952
5988145
5988210
5988553
5988575
5988587
5988677
5988803
5988956
5989155
5989286
5989341
5989852
5990444
5990469
5990940
5991232
5991573
5991635
5991687
5991866
5992367
5992560
5992726
5993387
5993830
5994480
5994754
5994852
5995082
5995103
5996432
5996530
5997080
5997291
5997422
5997681
5997737
5998281
5998386
5998875
5999017
6001390
6001795
6002149
6002565
6002932
6003345
6003400
6004038
6004088
6004488
6005018
6006009
6006091
6006601
6006790
6006963
6007419
6007771
6007873
6008747
6010767
6010840
6011487
6011621
6012058
6012750
6013557
6013777
6014313
6014456
6014746
6015062
6015924
6016299
6016332
6016366
6017207
6017584
6017824
6017959
6018129
6018139
6018167
6019105
6019635
6020886
6021142
6021937
6023129
6023507
6023813
6024124
6024304
6024724
6025050
6025157
6025548
6026781
6027407
6027545
6027610
6027684
6028430
6029721
6029916
6029992
6030045
6030249
6030300
6030311
6030450
6030563
6030717
6030959
6032776
6032866
6032942
6033036
6033150
6033481
6033939
6033944
6034320
6034398
6034598
6034953
6036357
6036475
6036676
6036849
6037460
6037885
6038307
6038511
6038725
6038876
6039456
6040137
6040145
6040216
6040253
6040328
6040359
6040486
6040871
6041138
6042471
6042959
6043185
6043514
6043684
6043687
6044361
6045180
6045252
6045969
6046181
6046605
6046890
6047287
6047410
6048213
6048515
6049496
6050502
6050817
6051083
6051255
6052716
6053130
6053586
6053756
6054174
6055313
6055555
6055638
6056833
6057236
6057566
6057711
6059427
6059481
6059756
6060094
6060188
6060943
6061559
6062369
6062873
6062940
6065295
6066721
6069641
6069992
6070050
6070766
6070924
6071154
6072537
6072632
6074048
6074850
6075070
6075365
6075601
6075837
6076127
6076632
6076759
6077965
6078224
6079539
6080804
6080881
6080887
6080992
6081539
6083502
6084003
6085297
6085592
6085652
6085682
6085861
6086679
6087312
6087737
6088151
6089088
6089647
6090156
6090508
6090879
6090927
6091358
6091467
6091765
6091847
6093882
6093998
6094066
6094598
6094608
6094620
6095655
6096207
6097016
6097070
6098083
6098472
6098694
6099126
6099731
6100611
6102647
6104943
6105023
6105903
6105920
6106125
6106370
6107644
6108421
6108777
6109254
6109405
6109423
6109978
6110002
6110203
6110255
6111517
6111808
6111882
6113054
6114284
6114644
6115159
6115272
6116697
6117666
6117993
6118801
6119455
6119527
6120051
6120058
6120649
6121175
6121437
6121441
6122375
6122661
6122738
6123143
6123499
6124263
6125100
6125871
6125882
6125941
6127829
6128869
6130512
6130547
6131126
6133259
6133377
6134176
6134557
6134905
6135001
6136175
6136330
6137425
6138106
6139475
6139529
6139581
6139714
6142285
6143693
6145995
6149846
6151180
6151283
6153132
6153413
6154625
6154639
6155367
6156183
6157140
6157337
6157338
6157515
6157655
6158486
6158591
6159655
6161097
6161231
6161909
6162098
6162173
6163349
6163365
6163611
6163662
6164540
6164595
6165648
6166628
6167825
6168894
6168965
6169189
6169494
6169740
6170270
6170809
6171369
6171642
6172639
6173196
6173876
6175166
6176293
6178125
6180154
6180690
6180704
6181601
6182480
6182901
6183445
6183773
6183790
6187569
6188218
6189903
6190019
6191173
6192410
6192820
6192899
6193216
6198353
6198953
6199267
6199978
6200629
6200771
6202092
6202113
6204936
6206255
6207550
6207624
6208431
6208622
6209886
6210272
6212471
6212585
6212708
6212886
6216350
6217437
6217857
6218070
6218989
6220868
6220910
6220967
6221833
6222209
6223190
6223235
6225537
6225779
6227713
6228609
6232310
6233699
6234149
6235381
6235798
6237906
6240917
6241988
6242503
6242708
6242713
6243300
6244284
6249093
6249965
6250327
6252248
6253794
6255088
6255360
6255704
6255775
6256061
6257303
6258432
6260988
6261204
6262479
6264195
6264831
6264948
6264966
6265807
6268554
6270049
6270614
6271912
6272380
6272742
6273932
6274362
6274987
6275168
6277720
6277845
6279872
6280684
6281955
6283414
6283865
6286090
6287144
6288828
6289100
6289907
6289936
6290035
6290534
6291141
6291546
6293606
6294287
6295059
6295106
6295778
6296147
6298419
6299188
6299391
6299997
6302976
6303240
6303533
6304577
6304927
6305000
6305349
6305859
6305980
6306510
6307153
6308596
6309027
6316157
6316740
6318690
6322268
6322757
6322895
6324096
6325130
6325489
6326704
6328332
6328573
6328612
6332306
6335045
6337793
6338639
6339854
6340075
6342972
6345773
6345866
6350143
6350951
6354150
6356555
6356637
6357231
6358714
6359939
6362045
6362661
6362943
6364412
6366988
6367795
6371006
6372557
6372658
6372702
6376038
6377648
6377669
6378122
6378484
6378780
6379964
6383071
6383117
6383174
6384171
6386946
6393459
6395060
6397989
6400425
6400921
6402515
6402662
6403667
6405613
6406594
6409356
6410182
6411082
6411166
6411501
6412213
6414391
6416228
6416416
6417736
6419090
6422923
6423374
6424918
6427104
6430639
6431109
6438374
6440966
6443426
6444046
6444780
6445265
6446217
6446287
6451497
6452061
6452161
6454499
6456013
6457070
6457098
6457550
6459065
6459704
6464183
6464972
6466998
6467863
6470064
6472138
6476419
6476606
6477712
6478648
6482019
6484758
6485794
6486109
6489048
6489466
6495296
6498798
6499162
6500135
6501737
6502322
6507857
6509878
6510843
6511465
6511737
6512874
6513452
6519915
6521311
6522024
6524210
6525074
6525195
6525463
6526083
6526116
6526622
6530874
6532425
6533146
6533426
6534370
6535113
6536091
6536403
6541533
6543330
6545691
6546525
6547129
6548846
6550165
6551889
6555806
6557007
6557716
6558409
6562053
6562370
6569796
6570543
6575062
6575902
6576998
6579808
6581131
6581940
6582176
6583696
6590675
6591424
6592680
6594890
6595010
6595021
6598489
6599267
6600251
6600354
6600745
6604521
6607385
6610070
6610489
6612392
6612910
6616265
6618452
6618988
6620748
6624807
6625109
6625400
6627798
6628320
6629552
6630458
6631205
6631950
6632838
6634244
6637577
6637618
6639748
6640063
6641273
6641470
6641966
6646689
6649396
6650937
6651480
6654335
6659078
6659475
6660740
6661026
6661517
6661799
6662782
6662789
6663241
6663276
6664051
6666062
6666158
6667054
6667313
6667372
6668106
6671168
6671739
6672725
6673481
6674444
6674862
6676628
6678678
6678742
6680127
6682133
6685950
6686904
6687207
6688673
6689405
6690697
6691198
6697294
6697536
6698275
6698369
6698608
6698746
6699037
6699290
6699536
6699597
6700045
6700281
6700633
6701100
6701778
6702707
6703956
6704250
6704579
6706152
6706433
6707324
6709249
6709862
6709975
6711785
6712491
6714680
6716741
6716983
6718316
6718791
6720857
6720935
6721490
6722942
6726173
6728342
6728453
6728556
6740439
6741712
6741993
6746660
6747416
6747845
6749934
6750633
6753965
6756373
6756531
6758994
6759157
6759423
6759640
6762861
6763030
6763127
6763410
6765077
6767017
6767892
6768041
6770602
6772050
6774387
6774821
6774933
6775489
6776902
6777658
6777860
6778063
6778659
6780215
6780367
6780625
6782318
6782861
6783914
6785487
6788720
6791505
6792710
6797156
6802292
6803062
6806960
6808482
6809109
6809847
6811037
6811338
6811424
6812041
6813687
6814839
6816687
6820868
6820894
6823106
6825054
6828123
6829660
6831012
6831576
6833831
6835837
6839477
6841254
6842297
6843748
6847904
6848512
6848570
6850027
6854295
6854967
6855328
6855352
6855707
6856183
6857260
6857330
6858399
6858984
6859160
6859382
6861889
6862509
6862577
6863155
6863809
6863948
6864863
6865142
6865548
6866251
6868791
6871339
6872182
6872561
6873579
6875781
6876692
6877376
6877743
6879864
6880524
6881680
6881707
6883204
6883253
6883296
6884525
6885058
6885404
6885961
6888160
6888380
6888602
6889226
6899851
6900346
6900604
6902158
6902922
6906000
6910468
6916438
6916622
6916679
6920423
6921221
6922773
6922941
6925028
6926945
6928484
6934715
6934807
6935086
6937216
6938110
6938816
6938860
6940566
6940985
6941989
6942087
6945585
6948007
6948009
6950459
6951077
6951626
6953943
6955183
6955295
6956299
6957474
6957623
6961366
6964322
6967580
6967589
6971123
6971355
6976958
6983526
6986608
6987228
6988030
6989993
6990330
6992184
6994882
6995223
6995255
6995822
6996873
7004114
7004370
7009460
7012490
7013541
7014011
7014556
7016562
7017455
7019347
7020703
7021681
7025907
7028976
7029618
7031953
7032413
7032626
7032648
7035083
7036116
7039082
7039397
7041076
7041935
7044560
7051286
7051435
7055998
7057214
7058264
7059004
7060774
7061641
7065782
7066562
7066878
7068578
7069837
7073107
7073395
7078372
7078427
7083298
7085950
7090546
7090555
7104228
7106116
7106354
7108083
7108540
7109791
7110934
7112270
7113057
7114142
7115211
7116543
7118462
7119944
7122334
7122953
7124508
7127065
7131685
7132601
7134136
7136043
7141254
7141736
7143812
7145112
7147001
7148152
7148408
7152751
7155444
7156806
7158643
7158848
7159318
7162511
7163203
7167744
7168486
7170962
7173564
7175082
7178121
7180073
7181384
7181808
7191490
7193298
7193847
7194970
7196062
7196677
7197518
7198801
7198855
7201487
7202719
7205639
7207474
7211235
7211751
7213393
7214071
7217383
7217640
7218380
7224682
7225145
7225225
7227620
7229212
7231054
7231847
7235620
7239069
7239261
7240265
7240350
7240465
7241163
7241379
7241847
7243468
7243781
7245216
7247162
7247568
7247730
7248844
7250185
7253247
7253513
7253564
7254991
7255056
7255481
7255879
7256128
7258212
7259993
7263239
7267219
7267497
7268856
7271734
7273622
7275237
7276702
7279641
7280066
7281778
7282009
7282113
7283770
7284891
7284912
7285260
7286581
7287462
7287649
7287919
7288481
7289229
7293904
7296069
7297265
7298678
7298868
7299329
7299419
7300293
7300574
7302742
7305786
7306900
7307173
7307421
7307425
7310724
7312178
7312830
7313770
7314004
7316525
7318709
7319021
7323453
7323780
7324625
7325887
7326701
7331327
7336896
7338623
7343903
7344238
7347939
7351509
7351972
7352396
7352824
7354479
7355911
7356660
7356844
7358320
7358487
7359774
7363315
7363769
7364012
7364507
7364671
7367163
7367370
7368270
7368536
7368604
7369017
7375361
7375914
7378407
7379124
7379975
7381158
7385700
7387272
7387613
7392686
7392814
7393181
7396754
7398865
7399119
7401083
7403661
7403722
7403929
7406464
7407415
7407419
7407948
7411203
7411558
7411785
7415147
7416031
7418783
7423127
7424301
7425703
7425989
7427945
7435468
7436892
7437005
7437165
7437531
7439931
7441044
7441649
7442563
7447712
7450478
7453544
7456113
7458775
7461756
7461925
7462613
7463769
7464591
7467295
7468110
7473170
7473806
7474946
7475444
7475850
7476514
7476796
7477022
7477195
7478166
7479273
7484332
7484715
7485938
7487551
7489857
7490514
7491757
7491769
7492280
7493358
7494076
7496081
7497489
7499230
7501092
7501095
7501804
7502772
7503200
7503501
7505208
7509428
7514208
7519046
7519922
7528577
7530439
7536203
7536889
7542284
7542353
7543092
7543973
7546137
7547418
7548267
7548687
7551264
7551599
7551740
7552142
7552400
7554993
7555674
7556838
7556980
7557160
7558882
7559028
7561955
7566528
7567740
7568177
7569960
7572130
7573888
7576480
7577360
7578277
7578417
7581455
7585399
7585842
7590693
7592258
7595317
7599078
7599543
7601815
7602395
7605000
7605559
7608436
7609891
7610338
7610581
7611770
7612020
7614047
7614915
7617648
7621616
7622750
7623014
7624016
7626757
7627125
7628047
7630817
7632391
7634118
7636265
7637195
7640105
7641857
7642239
7645049
7645693
7647493
7647915
7649075
7649275
7650372
7650823
7651356
7653515
7654713
7656112
7656197
7658838
7659800
7660750
7660870
7661923
7662001
7663301
7666507
7667226
7668950
7669607
7670341
7680800
7681452
7681482
7683538
7685011
7685207
7687665
7688842
7689436
7690567
7691261
7691285
7691781
7692137
7692486
7694449
7694883
7695315
7695425
7706054
7706574
7709498
7710039
7711986
7712405
7715350
7717043
7722805
7723796
7724316
7724643
7727829
7731159
7731500
7732714
7732868
7733397
7734873
7735789
7740027
7741672
7743022
7743116
7744422
7746285
7747840
7748415
7750432
7751309
7754375
7754764
7758289
7758833
7760514
7761015
7763126
7768597
7768819
7774101
7775250
7778427
7782267
7782845
7783273
7783924
7788040
7790495
7792914
7793815
7796253
7799369
7804130
7804541
7808983
7810261
7810768
7813814
7813947
7814059
7816894
7817551
7821092
7821980
7827250
7832547
7838761
7838934
7841472
7841930
7844062
7846851
7848510
7851454
7852941
7859909
7860456
7863521
7864968
7864977
7865570
7867204
7871247
7873350
7874491
7881377
7882607
7884188
7886627
7890258
7894743
7895326
7898769
7903071
7904570
7908843
7909237
7913639
7914700
7918059
7920069
7922271
7926605
7928357
7929546
7932772
7933940
7936363
7937940
7938831
7940970
7943139
7944885
7945271
7949965
7950293
7957453
7958821
7959941
7965177
7965933
7967839
7971538
7971698
7973563
7976082
7976122
7977342
7978658
7979901
7980806
7981065
7982006
7983096
7983137
7986999
7990648
7992560
7993832
7996234
7998236
8000098
8005912
8006465
8007195
8008206
8009027
8011297
8012534
8017162
8017448
8017952
8018216
8018407
8019231
8021989
8027039
8029705
8030504
8031028
8031870
8032622
8034602
8034673
8034765
8035508
8035731
8037133
8037405
8037995
8038098
8038254
8040067
8040662
8042251
8044172
8044241
8044603
8044821
8045689
8045739
8046362
8046710
8046963
8048971
8048973
8050118
8051572
8053975
8059267
8061695
8062324
8062570
8063106
8067441
8068853
8072176
8074657
8077447
8080869
8084973
8086384
8087330
8090968
8091909
8092154
8093669
8095296
8095526
8101234
8102418
8105662
8107930
8111610
8111720
8111777
8112306
8113583
8115280
8120614
8120932
8123198
8123924
8127733
8129304
8129532
8129790
8130562
8130765
8131176
8131340
8132094
8132333
8134829
8136317
8139380
8139784
8139908
8140166
8140309
8141731
8142148
8142540
8145036
8145862
8155611
8159214
8159708
8160716
8160725
8163731
8165147
8166309
8166986
8167697
8169588
8171687
8171962
8172137
8172159
8172776
8172916
8174344
8176149
8178324
8180939
8181859
8183656
8184629
8185105
8186153
8188182
8188269
8191589
8191725
8191739
8194564
8194979
8197421
8197423
8198311
8199018
8203494
8205977
8208258
8210501
8213186
8214922
8215433
8218469
8218675
8219226
8220867
8224824
8224911
8225867
8233444
8234139
8235047
8236492
8237722
8240160
8240980
8243585
8245540
8246007
8250896
8251823
8252275
8254838
8257019
8261944
8263203
8263552
8265030
8266005
8266204
8270744
8271885
8274487
8275716
8276821
8278440
8279556
8280408
8282386
8286339
8290083
8290946
8292208
8294458
8296520
8297815
8301563
8302814
8303095
8303932
8305028
8305730
8306841
8308664
8309146
8311111
8311681
8313111
8315264
8315772
8326140
8329509
8329677
8329903
8332453
8332863
8333053
8333148
8338850
8338887
8339113
8339492
8339735
8339991
8345538
8348417
8351166
8353808
8353899
8354699
8355867
8356431
8358141
8359967
8360347
8361183
8361968
8365842
8367097
8367322
8368547
8370991
8372142
8372649
8373580
8375068
8375215
8375581
8375589
8376271
8376348
8377724
8378978
8378981
8379945
8380857
8381121
8381696
8381728
8382679
8383196
8383209
8383317
8385777
8386003
8386467
8387200
8387788
8388426
8388816
8389252
8389328
8389864
8389887
8390566
8390959
8391830
8391851
8391942
8391965
8392603
8393492
8393505
8393581
8393723
8393857
8394965
8395064
8395847
8397501
8397613
8397983
8398737
8399001
8399656
8400125
8400174
8401827
8403787
8404012
8404265
8404676
8405608
8405972
8406564
8407007
8407206
8408088
8408584
8409398
8409454
8410035
8410172
8412101
8412245
8414294
8414839
8418666
8418679
8419035
8419353
8419382
8420608
8420934
8421336
8421552
8422348
8423775
8426488
8426594
8427037
8427112
8427739
8428699
8429025
8429147
8430014
8431743
8431867
8431958
8433501
8433611
8433900
8434993
8435279
8435888
8436618
8436679
8439737
8441082
8441235
8441944
8441978
8442790
8443184
8444631
8444720
8449498
8450187
8450609
8451335
8452167
8453226
8453774
8454743
8454951
8457171
8458039
8459706
8460802
8461267
8462493
8464301
8464876
8465498
8465813
8466678
8467887
8468816
8470712
8473065
8473789
8475866
8476931
8477175
8477334
8477637
8478998
8481552
8481575
8482186
8482446
8482669
8483080
8483636
8485101
8486181
8487787
8489115
8489884
8490053
8490158
8490393
8492198
8493387
8494413
8494935
8496787
8497636
8499827
8500327
8500888
8501378
8502394
8503117
8503868
8504378
8504800
8505288
8506751
8506967
8511680
8512093
8516658
8516720
8517459
8521694
8526161
8528316
8528433
8528982
8529350
8529737
8531209
8533153
8535191
8538794
8539047
8539980
8540720
8542156
8545067
8545264
8548644
8549017
8549629
8550108
8553097
8554632
8554879
8555159
8557090
8557720
8558966
8559211
8560285
8561639
8562015
8563583
8565582
8568852
8572649
8572977
8575800
8576074
8577339
8577414
8578448
8578979
8580811
8582560
8585363
8586555
8587278
8593729
8595752
8596951
8598346
8598583
8600414
8602272
8602303
8604353
8604691
8609294
8609913
8610817
8611290
8611436
8614381
8615516
8616282
8620041
8620853
8625189
8625675
8627038
8629774
8630382
8631469
8632943
8637174
8637580
8639426
8639706
8640852
8641658
8641949
8643061
8643309
8643354
8644142
8645237
8645611
8646412
8646549
8649306
8653100
8653241
8656288
8656474
8656590
8657406
8658423
8658976
8660301
8661222
8663190
8668328
8668367
8668534
8676766
8679523
8680286
8681351
8681409
8681434
8681528
8684176
8685040
8686221
8686602
8691692
8694262
8695512
8696038
8696345
8700723
8709284
8709418
8713423
8716307
8718241
8718876
8719348
8720401
8721817
8721827
8725307
8725586
8726135
8726177
8726504
8732110
8737857
8738137
8738561
8740622
8741252
8743023
8743839
8746047
8748361
8749456
8750174
8750513
8754992
8756558
8757536
8758075
8758160
8759409
8759416
8761055
8762032
8762193
8764763
8769754
8770756
8774528
8775521
8776770
8777351
8777471
8779268
8779526
8781825
8783145
8783242
8783795
8785448
8786509
8788001
8788637
8790092
8791607
8793389
8800555
8800779
8802095
8803029
8804893
8807497
8810585
8811890
8812886
8813501
8814455
8817640
8818169
8826175
8828930
8828996
8829132
8829896
8830007
8833957
8834459
8836788
8840126
8841577
8844151
8844602
8845087
8845201
8845726
8849166
8850421
8850718
8851541
8852309
8853742
8855037
8856061
8858445
8859066
8859504
8859712
8863100
8864890
8866093
8868707
8868762
8870167
8872280
8872681
8876201
8877796
8877871
8878623
8879677
8880439
8880779
8880986
8887311
8887586
8888271
8893542
8894574
8896824
8900182
8902411
8903168
8906305
8907594
8910117
8916627
8917887
8926559
8927043
8927528
8927686
8932113
8936001
8938080
8939993
8942379
8943472
8944454
8945682
8950876
8951649
8954293
8954760
8954921
8955471
8957667
8957803
8963590
8965964
8967893
8968030
8974994
8975715
8977122
8977420
8981979
8982898
8985315
8985354
8988082
8988361
8988599
8990246
8991444
8991549
8996652
8997613
8998413
8999372
9000432
9004478
9005543
9007395
9007937
9008068
9009150
9009600
9009604
9010027
9010641
9014829
9015178
9015511
9015804
9017375
9018251
9025056
9025866
9027065
9027167
9029754
9030230
9035864
9046118
9050101
9051316
9054305
9054479
9055786
9056542
9056928
9057821
9059203
9059878
9064197
9066218
9067513
9070367
9071587
9074325
9076720
9077343
9079170
9082589
9084688
9084895
9088676
9089749
9093134
9094220
9094392
9094538
9095147
9095384
9102635
9103284
9103673
9107524
9108580
9109793
9112263
9112834
9114159
9116454
9117313
9123513
9124685
9128612
9128886
9137593
9139094
9141570
9142652
9149216
9151003
9156267
9156268
9156677
9160458
9161084
9161777
9163218
9163536
9164071
9164392
9168801
9171008
9175655
9175797
9176431
9181159
9181868
9184256
9184800
9187324
9187477
9189442
9191323
9193197
9194133
9197114
9198357
9200946
9201257
9202147
9205304
9206839
9211425
9215809
9215944
9217151
9218798
9220711
9221629
9228457
9229773
9230817
9231538
9235657
9236177
9242059
9243768
9244138
9244490
9245786
9246079
9248720
9249721
9254718
9255790
9255860
9256840
9258116
9263847
9264166
9264762
9268934
9270193
9270523
9271039
9274024
9275872
9277284
9277660
9279205
9280630
9282260
9282675
9283373
9286217
9290573
9291574
9292302
9295720
9296407
9299880
9302672
9306157
9308214
9310050
9310581
9310806
9312667
9313720
9315883
9316324
9316911
9318210
9320451
9320969
9322278
9322560
9324235
9325953
9329512
9335426
9335697
9343781
9344926
9346405
9347821
9348423
9348708
9349687
9352492
9354264
9355515
9355670
9355978
9356950
9357568
9357597
9357613
9357915
9357979
9360710
9364235
9364345
9365221
9365590
9369263
9369475
9369874
9372753
9373378
9373681
9375350
9377019
9377256
9380043
9381081
9381152
9382584
9385227
9385325
9388437
9392946
9402821
9404279
9407462
9408714
9410047
9410112
9411608
9411790
9416050
9419182
9421009
9424624
9425588
9426529
9427232
9428479
9428498
9431076
9431166
9432416
9433476
9433700
9433778
9434515
9440461
9440889
9441073
9441431
9441666
9443633
9444949
9446070
9450375
9455796
9458815
9460013
9462945
9463453
9465018
9466122
9467863
9467954
9470887
9471111
9474974
9475511
9476082
9477046
9479015
9483580
9486395
9491727
9496085
9496559
9497141
9497826
9499104
9504183
9504703
9507559
9508172
9511439
9514750
9516774
9516944
9527014
9527762
9531231
9534968
9535301
9536790
9538429
9542423
9546128
9546585
9556346
9559876
9560840
9564225
9564740
9566472
9569036
9570833
9571128
9574181
9574204
9574742
9575043
9577182
9577185
9578267
9588784
9590963
9592702
9594386
9597057
9601566
9603608
9604249
9605734
9606687
9606969
9608009
9608939
9609932
9611047
9616669
9616896
9617818
9617913
9618636
9620461
9622670
9624493
9625793
9625806
9625831
9627739
9629059
9629344
9632376
9632481
9635302
9635486
9638285
9638644
9642370
9643921
9644905
9648600
9656041
9656792
9657409
9657687
9659854
9660636
9661282
9664198
9664797
9665094
9670597
9672325
9672837
9673163
9673561
9676948
9679052
9679220
9680114
9683444
9684503
9686003
9688268
9690069
9690396
9694977
9697277
9699003
9699611
9699839
9703244
9703469
9706837
9707326
9708063
9709268
9711624
9712931
9713234
9714265
9715016
9715500
9718347
9719796
9720382
9721414
9723594
9723662
9725439
9727262
9727546
9730689
9731156
9731464
9733153
9735763
9740997
9742192
9742893
9745426
9746190
9747967
9750458
9751909
9757253
9757263
9760246
9761526
9762683
9762838
9762977
9764166
9765292
9765920
9768278
9769529
9774219
9774776
9778897
9779650
9779727
9780264
9782497
9783024
9785091
9785739
9789334
9800790
9802624
9806256
9809261
9812974
9814493
9815808
9816092
9817162
9817392
9818051
9818457
9820170
9820866
9824327
9826495
9826866
9826965
9829316
9833719
9836174
9838441
9839004
9840689
9841064
9842988
9847253
9847338
9847542
9852080
9857191
9858157
9859302
9862443
9864298
9864612
9865869
9866480
9867771
9867829
9867893
9869269
9877953
9879441
9879571
9880858
9883926
9883995
9884232
9887038
9888234
9892005
9892204
9892709
9892764
9894530
9894745
9896614
9899565
9901351
9903586
9904434
9905033
9905759
9906395
9907309
9907550
9907789
9909403
9910429
9913213
9915345
9916406
9917990
9918475
9919245
9922803
9923290
9923410
9924550
9925113
9926531
9926743
9927758
9928164
9928215
9930096
9933061
9933336
9934882
9935914
9936623
9936888
9937327
9937977
9941482
9941688
9941814
9943664
9945129
9945358
9947044
9948660
9949098
9949940
9951075
9952102
9953624
9955497
9958219
9961651
9961700
9962307
9962891
9962907
9963185
9965784
9966148
9967570
9967653
9968724
9969110
9970991
9971051
9971952
9972290
9972823
9973833
9973952
9976208
9976631
9976736
9976821
9978958
9981564
9981831
9982134
9984050
9987755
9991473
9993119
9994066
9996464
9998743
9998822
9999083
9999728
9999754
10000547
10003316
10005706
10006764
10007812
10008572
10009678
10010849
10012492
10012668
10012962
10013306
10014772
10014916
10015266
10016151
10016543
10017289
10017324
10017981
10020334
10021909
10024550
10025386
10026342
10027877
10028421
10028953
10029002
10029315
10034452
10036975
10037987
10039050
10041369
10042672
10043339
10043722
10043987
10044744
10045271
10046378
10046478
10046883
10047849
10048362
10048790
10049230
10049333
10052190
10053255
10053830
10054758
10056691
10059456
10059592
10060416
10061936
10062352
10064596
10065693
10066033
10067227
10067772
10068522
10071268
10072969
10073744
10075548
10076051
10077031
10077928
10078210
10080010
10080264
10087217
10088225
10089011
10090198
10092449
10092469
10093439
10093760
10096789
10097020
10097821
10099309
10099463
10100137
10101075
10101155
10103595
10103649
10103734
10103778
10106433
10107815
10108161
10109375
10110316
10110754
10112220
10112537
10112579
10114499
10114959
10115249
10116001
10116372
10117479
10118025
10118369
10120736
10122417
10123037
10124235
10125288
10127020
10129913
10130104
10130207
10131574
10132257
10133379
10134676
10137329
10137344
10137833
10138533
10138574
10138646
10138825
10141224
10141479
10142324
10142383
10142546
10142600
10145839
10146879
10147174
10149018
10150135
10150662
10150923
10152298
10152363
10152943
10153557
10154030
10156159
10157384
10159136
10159598
10159705
10159926
10160437
10161422
10161604
10166173
10166759
10168466
10169072
10169237
10169450
10170872
10171122
10171420
10173770
10174713
10175950
10176847
10177744
10178294
10178589
10179939
10180342
10182267
10183881
10184436
10184705
10185129
10186591
10186603
10186935
10187822
10188011
10188445
10191535
10191589
10196649
10196985
10200050
10203187
10204147
10204897
10205850
10206045
10206576
10207708
10211549
10212420
10213617
10213741
10214324
10222551
10223515
10225636
10226233
10226514
10227646
10229397
10229856
10232722
10234591
10235686
10239791
10240591
10240651
10241424
10242373
10243442
10250004
10250045
10250719
10252037
10253994
10256429
10258303
10258687
10258918
10259242
10259751
10261322
10261996
10264031
10265729
10272551
10272776
10273109
10275838
10277294
10279139
10283130
10285432
10289412
10295964
10297113
10300671
10301467
10301625
10302519
10305649
10309317
10309682
10310771
10310855
10311984
10315564
10316552
10317600
10318229
10318511
10321193
10323106
10323211
10324992
10328160
10334850
10335407
10335962
10336809
10339030
10340480
10341116
10342464
10342557
10342744
10345123
10347413
10347989
10348673
10349282
10352810
10352814
10354298
10354666
10355465
10360794
10361313
10362360
10362538
10363129
10363652
10363947
10364394
10367699
10369137
10371692
10371997
10373607
10373997
10379081
10380456
10384313
10385332
10385980
10387957
10388049
10388212
10392042
10397578
10400265
10403138
10403955
10407758
10412790
10414527
10414659
10415171
10420525
10423178
10423664
10424143
10424381
10429548
10429602
10430775
10434616
10435507
10436303
10436755
10437175
10439837
10449672
10449713
10451765
10456122
10456319
10459120
10460714
10460831
10462214
10466931
10468945
10472484
10475303
10478458
10479023
10479684
10479921
10480355
10481061
10482963
10483183
10483715
10486467
10489032
10493892
10497633
10500504
10513254
10515535
10517708
10518935
10523183
10524449
10526822
10526924
10538595
10542852
10544356
10547760
10549436
10550052
10551807
10553785
10554514
10560568
10563724
10564264
10566186
10567145
10568402
10572945
10577307
10579662
10579750
10579952
10583906
10584608
10586542
10586935
10587221
10593210
10594311
10595385
10596405
10598889
10602356
10606816
10607478
10607759
10609252
10610930
10613602
10613881
10614470
10615000
10615998
10616788
10618310
10618355
10618749
10619875
10621618
10621764
10621937
10623340
10623605
10623632
10628541
10629509
10629609
10629656
10630864
10631372
10632400
10632431
10634258
10634762
10637888
10638007
10638081
10640336
10640812
10647397
10648680
10649293
10649487
10650031
10653037
10653123
10654885
10655717
10656381
10656951
10661502
10662103
10665504
10667573
10667604
10673285
10674061
10679093
10679675
10682774
10683050
10683439
10684659
10685237
10687675
10689863
10690829
10691375
10695685
10695769
10697278
10697593
10699675
10702038
10703058
10703848
10704787
10708293
10709687
10713039
10717925
10718183
10718288
10718619
10720160
10720980
10724356
10731130
10732021
10738657
10738866
10740996
10741391
10743492
10745045
10745236
10753835
10755198
10758689
10763896
10764056
10766440
10768241
10772168
10774879
10776105
10777846
10781278
10788214
10788454
10789479
10789951
10790205
10790625
10792831
10793122
10799712
10801098
10801131
10805426
10807304
10810636
10810682
10811329
10813358
10814206
10817008
10817148
10818409
10818832
10819449
10820537
10821140
10821565
10824985
10825008
10825391
10826438
10828625
10829780
10832382
10832616
10834423
10834944
10836015
10838078
10841170
10843739
10848243
10854357
10855055
10855540
10857028
10860039
10863059
10866180
10867204
10867896
10868863
10871059
10872837
10873721
10874123
10874351
10875031
10875747
10876724
10877007
10878932
10881913
10882944
10884518
10884847
10888398
10890307
10890652
10892119
10894818
10896760
10896970
10898085
10898190
10900341
10901554
10901886
10902307
10904335
10904920
10905086
10908097
10908280
10908820
10910688
10914615
10917403
10918131
10919290
10921968
10922131
10923389
10925193
10926375
10926614
10927153
10932690
10933210
10933793
10933991
10934632
10937508
10937939
10941562
10943715
10944179
10945334
10946899
10947198
10947471
10948938
10951305
10952609
10954855
10960271
10962093
10963483
10963757
10963858
10964018
10965896
10970853
10972827
10973000
10987554
10990212
10990457
10990677
10991401
10992861
10993555
10996567
10999291
10999609
11002355
11003750
11006519
11014324
11020261
11023021
11023060
11023079
11023248
11023350
11029665
11030230
11030668
11030701
11030799
11037735
11044140
11045577
11049257
11049593
11050676
11050900
11054030
11054710
11059148
11061357
11061483
11061899
11063954
11064531
11065286
11065913
11067372
11067528
11069623
11073377
11074482
11076102
11078786
11078823
11078894
11079126
11079231
11080248
11081367
11082325
11087153
11088491
11089394
11092152
11096480
11096681
11097733
11101454
11105538
11111917
11113021
11113323
11115029
11115314
11116475
11117517
11118180
11120290
11123117
11123679
11123921
11125473
11126456
11128081
11128556
11129408
11130107
11131265
11132099
11134048
11136571
11138071
11138132
11139377
11141198
11142722
11144008
11144271
11144964
11145638
11145991
11146717
11149350
11151659
11153059
11153386
11154459
11154570
11156267
11159116
11159415
11160490
11160662
11161372
11161511
11163595
11165184
11167066
11168331
11168535
11168638
11170421
11170529
11170767
11172788
11173856
11175009
11175861
11177347
11179545
11180938
11181461
11183028
11185296
11187067
11188656
11190678
11191144
11191905
11192114
11197722
11198928
11200090
11200698
11200740
11205967
11206146
11207131
11209844
11211453
11211737
11212062
11214316
11214654
11214679
11215695
11216543
11217037
11219473
11220334
11220476
11220551
11220884
11221285
11223373
11224786
11226230
11226664
11227221
11227581
11228775
11229818
11230430
11230644
11230779
11231915
11233939
11234964
11235269
11236193
11236630
11236872
11239131
11239977
11241450
11244402
11244405
11248099
11249014
11250684
11255004
11255129
11256728
11258505
11258560
11259687
11261051
11264177
11266841
11267685
11268697
11272685
11273448
11273619
11274834
11275786
11275985
11276363
11277083
11277232
11277259
11277906
11279135
11282561
11286270
11288382
11294412
11296696
11298627
11300428
11300907
11302127
11302380
11305329
11305395
11308117
11309758
11310299
11313125
11314841
11315351
11316284
11319304
11323839
11327736
11330880
11335914
11337066
11338303
11339794
11342716
11344873
11344950
11345634
11345930
11352937
11353321
11354213
11355823
11360386
11360863
11361705
11362124
11363834
11365540
11368120
11373337
11381167
11387953
11391949
11395039
11395923
11397903
11398699
11399998
11401540
11404416
11406627
11408793
11409949
11410346
11411694
11414001
11414979
11417926
11419409
11421680
11422794
11423588
11423693
11426793
11431540
11437491
11438132
11438366
11440445
11441435
11444946
11445570
11445821
11448090
11452404
11454305
11457564
11458360
11460430
11461127
11465050
11465300
11465705
11466468
11467699
11468444
11470416
11471271
11471549
11471683
11473354
11475401
11477910
11478207
11483547
11490760
11491246
11499983
11500790
11504771
11507888
11513247
11514526
11515421
11515992
11522139
11525438
11525765
11530545
11534036
11534042
11534265
11535904
11545119
11546060
11546375
11547112
11549042
11551350
11557597
11560248
11562277
11564572
11570167
11570659
11571436
11576771
11584949
11589182
11594191
11595644
11598031
11599043
11599163
11601623
11602044
11602249
11606440
11613088
11613407
11614692
11615300
11615406
11617452
11622558
11623196
11624882
11625719
11631352
11633029
11636964
11638781
11642184
11643133
11647154
11652552
11653192
11653421
11657287
11666633
11666743
11673733
11675213
11675301
11677174
11677848
11678193
11679726
11683042
11683905
11684777
11687237
11688929
11692192
11699522
11703199
11703711
11708087
11708606
11709478
11716575
11720039
11721161
11721828
11724085
11731774
11735394
11744587
11745597
11749556
11755142
11756125
11758374
11758869
11759995
11765448
11769035
11772527
11772676
11775461
11777119
11782259
11783934
11784018
11784565
11784623
11785440
11786737
11789725
11794557
11796740
11804223
11813406
11815032
11816123
11820130
11821844
11825197
11825865
11826806
11828784
11828875
11832791
11833113
11835769
11843615
11847468
11849659
11850360
11851088
11854926
11861112
11867826
11870034
11871589
11873336
11878669
11879008
11880150
11880455
11881704
11884138
11891992
11898329
11898736
11907060
11914568
11919642
11922009
11922061
11922255
11924866
11924917
11929990
11932288
11932520
11933238
11933769
11934964
11937185
11938315
11938417
11945346
11946633
11948496
11949437
11954550
11957248
11958247
11958366
11960229
11961618
11962215
11964867
11966955
11968238
11968351
11968414
11969713
11969881
11972857
11975435
11977905
11978306
11979261
11980349
11983252
11983578
11984344
11988894
11995516
11996592
11998668
11998845
12001006
12004449
12006659
12007045
12022954
12023944
12024661
12031586
12037692
12038657
12039307
12043300
12043578
12043819
12044948
12045691
12047548
12049041
12050383
12056240
12059832
12059978
12060356
12065675
12066970
12068266
12068945
12076624
12079823
12081209
12084193
12088112
12088269
12091594
12092092
12096981
12105381
12105950
12108586
12109115
12113562
12113572
12117590
12118244
12120917
12121275
12125760
12131035
12131561
12132205
12135670
12139028
12139598
12139622
12146134
12146883
12148892
12150635
12151907
12152508
12152547
12152779
12156235
12157378
12158244
12158632
12159360
12161087
12162448
12169146
12169556
12169938
12170123
12171838
12173014
12173937
12175148
12179783
12183492
12184820
12187444
12188881
12189105
12191901
12193521
12195490
12200002
12203091
12204755
12206532
12206778
12208030
12208711
12209747
12211295
12211687
12214888
12216908
12216994
12217851
12218446
12223343
12226554
12228241
12228744
12233562
12233941
12235016
12240471
12242428
12246115
12251533
12253840
12257315
12260063
12262865
12263307
12265005
12265031
12280027
12286939
12291109
12291960
12299552
12303469
12314777
12322924
12325169
12330928
12334743
12340219
12341331
12342488
12347187
12349802
12357260
12364593
12367511
12371532
12372982
12374428
12374498
12376291
12377683
12378844
12380474
12385471
12385659
12392892
12395894
12398804
12399532
12403061
12405602
12408641
12412769
12413565
12420374
12432037
12432593
12434611
12434746
12436011
12437883
12438330
12441724
12444732
12445664
12454714
12458602
12459254
12459312
12460206
12463676
12469026
12470519
12474955
12475653
12479774
12479875
12481233
12481743
12482488
12485428
12486898
12487344
12493049
12494493
12495613
12497123
12501371
12505184
12505916
12509228
12515495
12516000
12521003
12521227
12523609
12525516
12527205
12530824
12532565
12534311
12537494
12538328
12538837
12539955
12541317
12543873
12551986
12552555
12553530
12556625
12562071
12566223
12567133
12570107
12570910
12572780
12574142
12577616
12590213
12596413
12597920
12599388
12599980
12601576
12601709
12601833
12603246
12603497
12605027
12607417
12607966
12608808
12609427
12609912
12611239
12612431
12612552
12614430
12614745
12615122
12615524
12617165
12618176
12619715
12623389
12623700
12628597
12631105
12634372
12636739
12639219
12640817
12641509
12642776
12644064
12647596
12652401
12655309
12655441
12657393
12660851
12662094
12665140
12670779
12671522
12677664
12677734
12682234
12685611
12688564
12689517
12693243
12695131
12695247
12695497
12698012
12699362
12700215
12703065
12703152
12703462
12706613
12707383
12708475
12708488
12709730
12710604
12712102
12712972
12715404
12716351
12716562
12716941
12717908
12718020
12718680
12718715
12719300
12720309
12721416
12722171
12722338
12723678
12724780
12725395
12725399
12726945
12729089
12730146
12730544
12731038
12733630
12733671
12734406
12736606
12737446
12737948
12738425
12738820
12742307
12742749
12745438
12749349
12751114
12751628
12751736
12753270
12754033
12754133
12754494
12756395
12756929
12757220
12760106
12760722
12762565
12763713
12764313
12767350
12769147
12771503
12773846
12775178
12777244
12778665
12779236
12781083
12781246
12782183
12782670
12782759
12783102
12783913
12784395
12785112
12785234
12787140
12789425
12794103
12794405
12795797
12796019
12797170
12797825
12799188
12799229
12800976
12801897
12803039
12804127
12804622
12805098
12805209
12805879
12806768
12806908
12807064
12807147
12808010
12808731
12810210
12810813
12812707
12813095
12813412
12816796
12817791
12817906
12820461
12820661
12821496
12822176
12822686
12825538
12825674
12826777
12829241
12829745
12834181
12834344
12835176
12835408
12836844
12839995
12840738
12841670
12843714
12843990
12845697
12846055
12847596
12848932
12848995
12849433
12849826
12851182
12851374
12851434
12855402
12856470
12856643
12856930
12857152
12860823
12861874
12862454
12862805
12862885
12863006
12863543
12864278
12866732
12867859
12868504
12868708
12869454
12870981
12871467
12871939
12874059
12874585
12875028
12875953
12877717
12878546
12878982
12879503
12881689
12886003
12886190
12887504
12888338
12889216
12889897
12890765
12892043
12892937
12894838
12898097
12898620
12899348
12899433
12900360
12900949
12901654
12902118
12903504
12904719
12905712
12906023
12908132
12908821
12909486
12911275
12912600
12914196
12914280
12916878
12917656
12921634
12922991
12923610
12924358
12925799
12927015
12929108
12929244
12929453
12931700
12933701
12934094
12934150
12938665
12939702
12940924
12943837
12944852
12946302
12946887
12947445
12948570
12949012
12949140
12951619
12952321
12953616
12955070
12956132
12959360
12959546
12959551
12960017
12960648
12961265
12963886
12964327
12965164
12965291
12965700
12967568
12967832
12968473
12968849
12969667
12971705
12977025
12977186
12978589
12979494
12979780
12981743
12982919
12983301
12984558
12985706
12986695
12988590
12990063
12990293
12991723
12993848
12995004
12997382
12998201
12999623
13000214
13002867
13002879
13003381
13003889
13004020
13004709
13009213
13010077
13013966
13016348
13017898
13020835
13022324
13022662
13022681
13022836
13023823
13025803
13026383
13028533
13029513
13030295
13030750
13031333
13033549
13035699
13036532
13037335
13037854
13038818
13040961
13040971
13042873
13043848
13044302
13045564
13046896
13047713
13051079
13051621
13052573
13055892
13056082
13057302
13060008
13060746
13065269
13066326
13068872
13070212
13071092
13072039
13072256
13073307
13073427
13073552
13075941
13076466
13076503
13080537
13081031
13088306
13089273
13090331
13095709
13095721
13096845
13096976
13097396
13099364
13099386
13100129
13102473
13103067
13103095
13103232
13103380
13103425
13103721
13105894
13109174
13110549
13112005
13113751
13117559
13118909
13119328
13122540
13124715
13125160
13126300
13129427
13129653
13131577
13132549
13134966
13135633
13135643
13138170
13138197
13138269
13139816
13140618
13141321
13141660
13142538
13143403
13144585
13148800
13154052
13154272
13154374
13155181
13155657
13156557
13157132
13158026
13159687
13160239
13164710
13165247
13165793
13165819
13165949
13166434
13168109
13168810
13169759
13169832
13170298
13170628
13170897
13171034
13171247
13175634
13176231
13178046
13179607
13182857
13185342
13186665
13186748
13187012
13187263
13188927
13189221
13191924
13195412
13201247
13201494
13202146
13203008
13204047
13205779
13206516
13208514
13208597
13211413
13211566
13212738
13213100
13213966
13214088
13214979
13215058
13215605
13217023
13218334
13218806
13221226
13222378
13224130
13224536
13227120
13227285
13227398
13232215
13233164
13236324
13236593
13240131
13242030
13245430
13245766
13246393
13248423
13249294
13250035
13258253
13258670
13263035
13266741
13266875
13267960
13268578
13270255
13272772
13273780
13277029
13277039
13278818
13283449
13283790
13284344
13284496
13286484
13287568
13287927
13288933
13289465
13290901
13294029
13298627
13300416
13302657
13305744
13306255
13306555
13309724
13310948
13314854
13315545
13318487
13321178
13321415
13325003
13325203
