5662
11600
14179
17556
20790
35114
35940
41186
43772
47110
48065
52836
54864
56276
59631
64198
65712
65963
68423
68741
68823
73160
76666
77841
78063
79789
81774
99913
101689
102251
105847
106118
106893
107748
111071
111492
111631
117000
118269
129438
131351
137110
137273
137842
139400
141176
142111
142865
150806
158482
167724
168582
179973
182150
190754
194998
195300
201646
205600
215248
215386
216044
220371
229194
229866
238608
244026
247089
247488
251227
252189
254828
262710
266575
268940
276709
279640
279647
280633
281601
286684
290687
290824
293832
303940
304755
306927
308523
308735
311997
312895
315249
317282
317299
321184
334317
338372
339212
342843
344563
348172
349438
349529
350109
351830
352130
352517
354086
356763
357330
360506
361830
371966
375394
378365
385400
390354
391088
396410
408480
418081
419047
420878
427923
428023
430611
435952
444921
449678
449997
451388
451526
454469
455804
461790
463840
465289
467375
473984
474874
476830
479902
482402
486657
487763
493931
494399
501148
507883
511768
512189
512731
515542
515790
524172
525506
528024
529377
529852
536570
538563
541031
541688
548513
549630
552226
554212
557354
560149
564094
565337
565862
570316
574352
593344
594536
595977
597634
599095
602490
602812
604143
605198
609073
609689
622397
622961
624733
626055
630040
630455
631066
631083
631980
642028
649695
650598
652846
654844
659534
660559
664864
667776
668540
668822
670226
675839
681828
682702
690573
691194
696881
705804
706653
706793
710496
711379
711809
718358
723799
729435
732787
732802
747254
747501
750122
753951
756152
757080
757496
757916
760983
762524
775111
781416
781821
786125
787433
795348
802050
819611
820110
823418
828772
835408
838690
848358
848512
848934
853491
854770
858808
860419
862020
862035
863383
863566
871019
877645
886438
886847
895862
897461
899415
901740
903924
910343
910805
914948
915075
929257
929468
932503
932808
946003
952695
955865
956768
957291
958088
958217
959147
963344
967046
970346
971523
978292
984274
984424
987507
988520
989015
990670
992459
997801
999287
1003072
1006309
1008116
1011559
1015710
1019115
1024083
1025591
1025628
1026605
1027269
1028459
1028788
1032284
1034330
1036658
1037040
1040346
1045974
1046399
1048964
1050130
1052371
1052746
1054918
1059558
1062512
1064912
1065812
1069225
1074478
1079352
1082735
1113186
1116846
1119791
1120312
1120677
1121941
1124029
1124604
1128500
1129685
1132454
1136032
1142149
1143337
1152405
1152504
1160178
1160469
1164978
1169230
1177545
1179469
1179658
1180194
1181509
1186242
1196350
1201080
1205072
1208144
1209383
1211064
1214662
1214914
1219915
1222793
1227389
1232917
1241643
1243924
1244470
1244922
1245597
1246017
1246137
1248154
1250782
1255359
1260261
1260278
1261792
1271459
1275798
1280281
1280835
1281238
1286136
1287154
1299925
1300887
1303158
1306592
1307797
1318997
1321730
1322507
1325649
1329501
1350321
1367512
1371387
1373835
1374451
1374834
1375459
1383495
1385098
1387286
1389418
1389697
1395231
1398189
1399007
1411767
1420794
1422823
1426109
1426440
1428116
1430655
1434132
1439809
1440058
1441406
1441738
1441796
1443683
1444165
1454778
1458804
1459645
1472624
1478863
1481744
1488546
1491340
1497587
1503616
1504537
1505080
1507159
1511691
1513822
1515509
1516108
1517576
1519509
1521633
1521983
1522560
1527814
1528210
1529612
1539981
1541061
1542188
1542354
1542382
1544789
1545119
1552030
1557509
1564704
1564713
1568154
1568420
1575903
1576898
1583213
1587699
1601027
1602017
1605682
1619943
1620993
1622823
1628892
1638013
1638759
1639290
1642648
1644319
1647013
1648886
1653509
1656245
1658629
1661541
1666108
1676400
1681630
1688489
1688914
1690615
1692277
1693604
1704199
1704508
1709298
1715019
1719295
1724565
1729079
1738542
1741710
1748268
1752558
1753973
1760963
1764260
1766572
1769428
1769661
1770178
1772931
1777776
1779465
1780898
1783244
1787801
1791909
1792177
1794673
1797175
1797487
1799171
1799897
1800939
1806072
1809443
1815215
1819341
1822264
1825219
1832385
1833867
1834940
1835793
1840378
1841097
1846093
1853724
1856190
1859326
1861566
1866345
1880458
1883287
1883492
1884828
1887323
1892111
1895360
1898365
1907284
1908056
1913811
1922499
1923180
1924823
1924907
1929973
1931120
1940461
1941684
1947195
1959049
1959511
1960010
1975455
1979112
1980056
1992072
1995844
2000259
2002189
2004766
2006629
2008376
2009343
2012613
2013565
2017742
2018883
2019348
2022421
2025298
2030288
2033844
2038168
2052327
2055375
2056472
2057314
2058750
2059135
2059926
2060374
2060846
2065280
2065676
2066078
2066274
2068645
2075200
2083686
2088188
2093167
2098686
2103202
2104296
2104686
2105505
2106676
2107018
2110026
2116796
2122987
2124306
2130719
2132527
2134123
2136252
2136896
2138934
2139137
2139496
2144606
2145615
2146557
2153936
2154811
2159143
2162167
2164490
2165548
2169657
2175846
2175892
2178893
2179118
2184802
2186346
2197204
2202144
2203409
2211553
2217298
2223246
2224072
2232540
2236014
2238161
2244077
2248139
2248198
2249113
2250123
2259497
2264656
2269406
2272956
2274270
2274533
2279069
2280444
2298006
2299758
2299830
2300891
2301408
2307163
2308055
2308068
2309634
2313855
2315155
2317731
2319315
2319477
2319793
2322047
2322580
2323357
2323775
2329087
2331039
2331961
2333048
2334347
2335538
2336485
2338101
2339836
2342392
2342831
2343176
2347744
2351197
2352709
2352985
2353786
2356349
2356971
2358633
2359303
2364499
2364559
2371484
2371745
2375073
2376374
2378063
2383739
2387496
2395590
2398679
2403243
2404591
2404621
2405347
2408182
2410959
2412949
2413767
2414305
2416479
2419825
2425287
2427311
2434297
2434985
2436348
2437020
2438946
2439615
2442287
2445836
2454088
2457889
2462262
2468217
2468802
2476266
2478056
2479185
2479849
2483967
2493592
2495960
2496396
2502119
2503475
2509983
2512994
2513074
2515348
2517778
2522225
2527022
2528096
2530013
2532453
2533664
2538113
2539423
2541784
2542215
2544919
2546315
2548116
2552187
2552887
2554343
2556362
2556425
2556841
2557322
2564523
2579265
2580056
2581685
2584761
2586442
2592529
2593010
2593680
2593874
2599585
2601333
2602168
2613960
2615242
2617358
2623530
2625357
2625618
2630053
2634142
2635099
2639945
2643905
2653977
2655131
2655272
2656845
2657846
2658119
2661026
2661469
2663314
2667525
2668425
2668686
2681719
2682586
2683635
2688844
2691308
2691857
2695765
2697272
2698637
2703535
2703663
2714454
2723370
2725086
2727793
2729440
2731567
2733588
2735570
2735719
2740828
2741996
2743230
2747870
2749043
2754530
2764306
2768030
2772192
2775988
2777376
2783609
2785289
2789175
2789306
2791737
2792559
2794111
2795021
2795853
2799183
2799803
2799808
2800675
2804593
2805155
2807267
2811637
2813182
2813431
2814650
2817672
2818753
2819788
2823440
2824361
2825147
2827613
2832643
2840796
2844588
2853177
2854839
2857683
2859205
2862564
2863472
2864376
2864702
2865506
2866343
2866632
2872098
2872256
2876859
2878563
2882748
2884764
2885049
2885363
2886881
2887953
2891943
2894551
2895124
2896973
2903060
2905307
2905441
2905797
2906261
2908606
2910523
2910873
2913452
2915026
2916943
2919593
2921230
2922484
2924422
2926384
2927991
2933089
2934653
2937703
2950217
2951340
2952433
2953119
2955195
2956115
2957103
2961056
2961938
2968330
2969585
2973396
2976450
2979838
2981194
2983446
2984490
2985339
2986257
2992741
2995507
2995638
2998580
3000115
3005303
3006678
3007361
3009424
3011371
3013085
3013431
3013477
3015480
3016087
3016320
3017218
3017640
3017815
3018356
3019964
3020309
3022548
3024014
3024486
3024694
3025512
3025720
3026165
3029205
3030878
3035328
3041758
3042969
3043874
3043950
3052672
3055989
3058602
3060806
3061885
3064110
3066585
3067040
3072952
3080079
3083872
3084099
3091271
3092039
3093218
3093481
3096648
3098072
3100225
3100283
3104699
3105251
3106562
3110830
3115564
3116534
3118243
3125922
3131422
3132198
3133106
3134850
3135277
3137510
3139482
3140185
3143510
3147200
3149504
3150267
3157354
3158023
3158045
3161049
3161168
3169515
3171932
3176098
3179235
3182690
3187297
3187544
3188362
3188420
3189647
3191019
3195292
3197151
3199313
3204431
3208686
3211381
3216097
3219710
3222995
3223001
3228346
3229652
3229814
3237953
3240840
3241287
3243307
3244976
3245960
3247081
3251346
3251850
3255254
3256990
3257233
3258084
3260436
3260627
3261799
3268507
3270541
3271172
3273361
3274657
3280505
3282686
3283456
3283781
3287990
3290990
3292626
3293895
3294148
3295004
3296167
3298417
3298986
3301831
3304452
3306333
3307304
3311268
3320456
3323567
3324195
3324624
3326865
3329919
3331053
3333003
3336991
3338932
3341933
3343303
3343334
3351178
3352559
3354435
3356442
3357645
3359098
3360548
3361205
3362713
3369945
3371549
3371597
3372975
3373776
3375881
3378002
3384665
3387085
3387779
3391808
3392458
3395914
3397798
3398487
3405332
3409770
3410248
3411060
3413644
3416319
3417562
3418442
3424456
3439343
3443499
3444880
3446533
3448281
3448898
3450434
3450816
3452993
3454379
3465408
3466326
3466565
3478828
3485732
3486658
3486664
3491354
3492108
3492956
3495493
3496345
3497448
3497662
3500479
3502246
3508552
3510704
3518910
3520176
3521377
3528016
3530062
3542887
3548571
3553412
3553931
3558642
3564918
3567021
3571277
3572259
3574758
3577098
3577447
3581363
3582436
3583475
3591944
3592274
3593825
3600181
3603708
3606636
3608316
3608635
3610397
3612999
3614056
3617555
3618615
3619767
3620439
3625779
3625794
3629356
3629362
3633267
3641263
3643642
3647598
3648332
3653078
3662106
3664649
3668223
3670098
3673508
3674369
3674781
3675475
3678226
3681403
3683252
3684773
3685705
3686367
3687594
3687596
3687605
3688150
3694956
3696676
3700750
3703008
3703269
3712733
3716617
3716785
3720477
3729534
3731037
3732769
3739667
3743137
3744349
3745700
3745954
3746751
3759192
3762245
3763078
3772806
3777513
3786483
3787393
3789410
3790205
3791794
3792834
3793512
3796389
3803028
3803630
3807681
3808506
3812716
3815874
3816041
3822084
3823933
3825477
3825530
3826371
3827258
3828056
3830476
3831538
3831953
3833334
3836228
3836333
3838908
3843367
3844919
3846756
3850709
3851707
3865813
3866871
3868601
3874022
3886682
3897134
3897337
3901140
3901909
3902410
3904389
3905171
3905636
3906360
3906829
3907072
3908593
3909860
3909934
3911514
3915428
3918213
3918466
3922496
3931306
3931543
3944605
3952764
3956533
3959008
3975020
3982232
3983808
3984095
3987210
3992833
3995450
3995700
3997411
3997829
3997961
3999195
4001174
4005958
4007782
4008450
4011012
4013567
4013604
4015961
4029652
4032972
4043153
4047547
4047993
4050035
4051344
4070923
4072337
4077448
4077464
4079157
4087983
4096686
4097317
4098688
4099111
4099760
4103203
4111040
4116476
4117010
4117064
4124045
4125651
4127660
4128673
4129697
4140917
4141341
4141423
4144062
4146334
4147206
4148854
4156102
4157514
4159334
4162228
4164454
4164943
4165352
4165707
4170743
4173836
4175374
4180169
4180641
4181243
4185893
4186297
4187591
4190720
4202890
4205733
4208912
4210231
4211646
4214034
4214217
4215334
4215656
4217499
4224846
4229415
4230720
4231926
4233071
4234917
4236071
4240377
4243139
4246773
4248484
4249897
4250124
4255590
4261258
4263695
4273762
4274935
4282881
4290375
4294815
4300565
4306247
4307521
4319364
4325405
4328453
4336039
4342042
4345437
4345535
4346951
4349391
4353518
4353919
4356848
4356937
4362785
4362801
4365952
4370139
4370935
4371230
4373484
4380749
4384308
4384952
4386046
4386419
4386477
4388745
4389210
4390692
4397500
4397971
4403621
4408404
4412974
4422596
4423992
4424587
4436222
4436516
4442332
4444052
4448539
4450860
4455073
4456207
4457284
4462107
4462703
4464042
4464658
4469889
4471608
4471689
4475008
4478000
4485690
4486202
4487291
4487717
4489781
4492724
4495458
4496372
4498937
4500719
4502066
4502698
4505650
4506746
4510524
4510783
4511162
4511764
4513982
4515587
4516575
4519283
4521767
4523156
4528070
4530030
4531045
4535550
4538347
4538373
4538790
4538842
4539946
4541716
4542308
4542416
4544360
4547005
4550933
4559600
4560498
4563342
4570638
4572346
4580161
4589833
4594076
4594708
4597051
4606950
4610548
4610749
4613847
4615810
4620169
4620245
4620611
4622174
4625541
4627327
4627817
4628692
4630682
4631050
4631715
4633566
4639882
4641443
4641805
4648450
4648729
4650439
4655396
4664682
4665229
4666857
4671539
4682179
4685393
4693517
4696021
4696102
4698738
4706387
4707548
4708660
4720420
4724230
4729437
4731889
4734319
4735727
4736711
4737489
4739216
4739860
4740289
4741108
4744196
4744510
4745911
4746517
4746743
4761994
4764465
4770901
4772655
4773468
4774811
4775868
4783114
4783444
4785100
4787297
4788438
4798094
4803111
4817494
4817644
4826053
4829892
4831823
4833087
4833770
4835804
4838135
4842402
4845780
4846814
4850347
4850985
4854235
4855561
4861585
4862247
4864773
4866392
4868732
4871982
4874892
4881814
4883911
4884514
4884690
4885953
4890242
4890766
4892639
4903421
4906282
4913600
4915294
4919863
4919905
4928142
4933322
4934867
4940333
4940953
4943109
4943185
4944949
4948033
4953449
4956121
4957796
4958588
4958690
4959252
4965690
4973388
4978547
4978684
4980908
4980951
4983365
4987900
4989399
4993344
4997669
4999672
5000123
5000944
5004739
5005683
5006910
5016375
5024535
5025217
5032801
5033042
5036616
5036863
5039510
5041468
5049630
5050151
5053641
5054056
5054383
5055886
5056764
5057236
5057446
5058172
5063684
5065611
5068164
5068418
5075304
5079427
5080137
5080818
5083677
5085993
5089058
5090124
5094251
5094412
5094619
5099195
5099539
5104389
5104655
5106958
5115940
5121283
5123856
5123909
5128627
5130650
5135809
5136466
5139675
5140609
5143227
5144132
5144419
5145880
5147767
5148084
5152944
5160174
5163540
5169975
5171214
5174327
5178451
5178943
5178998
5179240
5182436
5186311
5193038
5193045
5193382
5195653
5202295
5203980
5206287
5209003
5209412
5210364
5211410
5212723
5214085
5216999
5219186
5219913
5220055
5220260
5221767
5224814
5225130
5226138
5227227
5234389
5248555
5249446
5250045
5255621
5257029
5257258
5258433
5261266
5265174
5265615
5266571
5276208
5282790
5284183
5285526
5286535
5290989
5292294
5293597
5293933
5294274
5303642
5307503
5307691
5308369
5325241
5326133
5330596
5332839
5333868
5336568
5339385
5345267
5349586
5352152
5352354
5356221
5358565
5360627
5363174
5364394
5365850
5368809
5368969
5373390
5375429
5378779
5380682
5380711
5381032
5386837
5391637
5391684
5392346
5394268
5396053
5403032
5404158
5404452
5415904
5416812
5424829
5426474
5437913
5444868
5452000
5452629
5456036
5458251
5459444
5464628
5465867
5468641
5470642
5476064
5478835
5482856
5486509
5491430
5505212
5512400
5514433
5515261
5515427
5520140
5523053
5525892
5532202
5538941
5545987
5568323
5568353
5574607
5577503
5578604
5584517
5593023
5597181
5597581
5597669
5598033
5602809
5603883
5607663
5609360
5610413
5614691
5625643
5630629
5631378
5632729
5638196
5642399
5644990
5646574
5647941
5649225
5649854
5656422
5659225
5664129
5664673
5668564
5669867
5670387
5672518
5673890
5681909
5682228
5682452
5689993
5701476
5704746
5706653
5710177
5711748
5713635
5713725
5718884
5719211
5724829
5726783
5733115
5735663
5741598
5744375
5754732
5757842
5759529
5760092
5762279
5762577
5768847
5773411
5774715
5778119
5779768
5783453
5784169
5790183
5790777
5798739
5800159
5803151
5807180
5809366
5809453
5810927
5811096
5811370
5813094
5816331
5821751
5827485
5828566
5829507
5830558
5835018
5836950
5839066
5839662
5842679
5846307
5846583
5851153
5852892
5861451
5867134
5868220
5868451
5868971
5873439
5874752
5875483
5878091
5880333
5881532
5883265
5883489
5885115
5890783
5893256
5895540
5896397
5898629
5901898
5904224
5908538
5914052
5915579
5922853
5923328
5924171
5925380
5927347
5929724
5938477
5940595
5943323
5947324
5948368
5956204
5956635
5959474
5961778
5967532
5969645
5972295
5974019
5981463
5990563
5990956
5993040
5997607
6000097
6009513
6025327
6027593
6027641
6034092
6035176
6036173
6036644
6037602
6037984
6040816
6041029
6042728
6047326
6049086
6050496
6052318
6053422
6053605
6065362
6066927
6067587
6073146
6074124
6081863
6083091
6084816
6089979
6094040
6101711
6104056
6110504
6113016
6113167
6135620
6135950
6137077
6141230
6148435
6149038
6150751
6152519
6159353
6165370
6165514
6170364
6176776
6183163
6184433
6188614
6205781
6209770
6210900
6211277
6216101
6219996
6229190
6230219
6232215
6232561
6232774
6233846
6235544
6238596
6241617
6248396
6248422
6248710
6257129
6257987
6263544
6263727
6263878
6271161
6279746
6283841
6284919
6288316
6291971
6298020
6309575
6311618
6317999
6322002
6327783
6331450
6332582
6336571
6338347
6341059
6349112
6355470
6363626
6366691
6367690
6369559
6371353
6371940
6372905
6378412
6378648
6378801
6379647
6385369
6390471
6394477
6394592
6402749
6404157
6404316
6404419
6405612
6405936
6406555
6412196
6412692
6416451
6419567
6420642
6427743
6429628
6431379
6452117
6454178
6455508
6459980
6467984
6478019
6478055
6478221
6478701
6480960
6484384
6484762
6485211
6498086
6500952
6504461
6505799
6511312
6511831
6512510
6517962
6525538
6537869
6541029
6550148
6553975
6558246
6574982
6577184
6584637
6586445
6593622
6609827
6612744
6613745
6616564
6618686
6626838
6627810
6627904
6630088
6631075
6635473
6638575
6639612
6641540
6643203
6646596
6647189
6648693
6648715
6649479
6654527
6654568
6657165
6657508
6657884
6662824
6671973
6677096
6678910
6678963
6693081
6712878
6719196
6724200
6724969
6726748
6729462
6729826
6730738
6737845
6737938
6738884
6739150
6752308
6754147
6763685
6772281
6778275
6787619
6790247
6791676
6792227
6795336
6795958
6799096
6803167
6803654
6809040
6810518
6813665
6815323
6816124
6817961
6822237
6824628
6826126
6826907
6831107
6831413
6834253
6837257
6839106
6844046
6859909
6861753
6863019
6867192
6867236
6867685
6870586
6873341
6880346
6891745
6891878
6906223
6913397
6914316
6916229
6917313
6918162
6920283
6922707
6927555
6927705
6928213
6930330
6936827
6939180
6942558
6946241
6946967
6947110
6952385
6952744
6955152
6955550
6962122
6962361
6962422
6964484
6965217
6965406
6965874
6966212
6972621
6976278
6977281
6978147
6979695
6979939
6980693
6981300
6982189
6982623
6985106
6987443
6988877
6992444
6995188
6998534
6998926
6999497
7002104
7002792
7003609
7005667
7006063
7008579
7010269
7013920
7018283
7018799
7023025
7024713
7026578
7026597
7031223
7035076
7036881
7037620
7039885
7043182
7043689
7046730
7051091
7052023
7052401
7055963
7057489
7071479
7077945
7078458
7079798
7081633
7082338
7083585
7086049
7087222
7088056
7090794
7090990
7095325
7097399
7100251
7100822
7102444
7104746
7108237
7108371
7112326
7116755
7119408
7119652
7121631
7122641
7125206
7125537
7128391
7130032
7130406
7134092
7135344
7144964
7157099
7159953
7161005
7161934
7164601
7168974
7171787
7173105
7174095
7175081
7177475
7185045
7187282
7188789
7192700
7197541
7197888
7198060
7199891
7202027
7203250
7205469
7209282
7218024
7224280
7225514
7225638
7227404
7230742
7235697
7240917
7241957
7243802
7247048
7258104
7259606
7261221
7273014
7273852
7276602
7279025
7279442
7282656
7283608
7283951
7284718
7289379
7292829
7303211
7304839
7309367
7309717
7310272
7311769
7312234
7312541
7315466
7317742
7318706
7322926
7330961
7332133
7335120
7335338
7335642
7339941
7346967
7348185
7348951
7349796
7350697
7351127
7352883
7353495
7356059
7359316
7359662
7359664
7359681
7370093
7370132
7372619
7375905
7377044
7380663
7383867
7384957
7390850
7392596
7398384
7398555
7400164
7408662
7410512
7412504
7415703
7416762
7420404
7421544
7426665
7426676
7426910
7440393
7447168
7447681
7454780
7461204
7461889
7463901
7466120
7468859
7468878
7475415
7482119
7483530
7487731
7490208
7490424
7492928
7492976
7493343
7494713
7496174
7497063
7497832
7501367
7501821
7502782
7503965
7505040
7506310
7509796
7509883
7517767
7518419
7520094
7521254
7523076
7526258
7527481
7531081
7534700
7537588
7539178
7541052
7541170
7542412
7542847
7562943
7565176
7566300
7568084
7569509
7570721
7571071
7571675
7576069
7577577
7579045
7581311
7581727
7581841
7584302
7585258
7586874
7588234
7589042
7597049
7598818
7599446
7601379
7601740
7613398
7614633
7622353
7622817
7622863
7623566
7626640
7627311
7628515
7631888
7632897
7636053
7638792
7640330
7641149
7641656
7641818
7644348
7648978
7654072
7658735
7659111
7659910
7662094
7666146
7674037
7685088
7686681
7686864
7694559
7702297
7703576
7706356
7711591
7722328
7722691
7727506
7734241
7736181
7737543
7743836
7748869
7750820
7751151
7751274
7751956
7752190
7752949
7754931
7757889
7761979
7770564
7776083
7783152
7784422
7784748
7785484
7786446
7787940
7790130
7796035
7796984
7801811
7804520
7809655
7812086
7814781
7817742
7820130
7824323
7825711
7835531
7840898
7851642
7857714
7863263
7863829
7867963
7869622
7872991
7873025
7878165
7881368
7881604
7882550
7887898
7889278
7890281
7892806
7892992
7893238
7896892
7899572
7903036
7904421
7910348
7915652
7920508
7922609
7927016
7933727
7937767
7938879
7942853
7949054
7950535
7951183
7952292
7955467
7965374
7966588
7966853
7968875
7972698
7973449
7973612
7976184
7977076
7977149
7977717
7979796
7983199
7984926
7985115
7988050
7988988
7995735
7998490
8004071
8004910
8005832
8007649
8008641
8011374
8013239
8015335
8017740
8021776
8023620
8024169
8025868
8026461
8031846
8032040
8032798
8037408
8039362
8040607
8042677
8048467
8048974
8051592
8055054
8055593
8057779
8057898
8061695
8062829
8062849
8064446
8065339
8065980
8066831
8067267
8072225
8073017
8073667
8074369
8074382
8076928
8086014
8087948
8096311
8098892
8100114
8104792
8105384
8106999
8107391
8116449
8117627
8118711
8119526
8120087
8122752
8122777
8129328
8135893
8135971
8140849
8147563
8149429
8149578
8167503
8169986
8173483
8178171
8184389
8186175
8186380
8187288
8192657
8196531
8203478
8208323
8211362
8212014
8212333
8214849
8215049
8226360
8228104
8229792
8231222
8232279
8232555
8232558
8242390
8242866
8244955
8251319
8252624
8253629
8255113
8256655
8261010
8263798
8264807
8267302
8270998
8271692
8274039
8282689
8283929
8284345
8288546
8288723
8291714
8295412
8299047
8304274
8306560
8311393
8313654
8314260
8318582
8319270
8319408
8330023
8330974
8337678
8337868
8337973
8340559
8343438
8365435
8366655
8368021
8373970
8378200
8383302
8386357
8392412
8392713
8393562
8394474
8395831
8398592
8398797
8402268
8403499
8404107
8404205
8405910
8412954
8416074
8416654
8417940
8420874
8424399
8425515
8426235
8428225
8434443
8436424
8439146
8443775
8448300
8448427
8448974
8453464
8458267
8458563
8459464
8460886
8467343
8469458
8470281
8474594
8482084
8483547
8484720
8484726
8488956
8490373
8491867
8494754
8498477
8501900
8503775
8504517
8507622
8508736
8509525
8509614
8510385
8513986
8517855
8525256
8529249
8530623
8532689
8533015
8534892
8538121
8538482
8544170
8546314
8547090
8548258
8558306
8560388
8563419
8565433
8572844
8579855
8587802
8589256
8592843
8594360
8595071
8600593
8601097
8603708
8606862
8611567
8612326
8619639
8620711
8621501
8626169
8627390
8627551
8628253
8633019
8634838
8636512
8640586
8641497
8641952
8642020
8648604
8649814
8649833
8653221
8657878
8666559
8666932
8667321
8669274
8669869
8677105
8677792
8679393
8684552
8684945
8686628
8686709
8687189
8688529
8689636
8693236
8694203
8697215
8704990
8709845
8711131
8713073
8713240
8724719
8726177
8735510
8737324
8738803
8743275
8749020
8750776
8751518
8757832
8758619
8759348
8761948
8770412
8771895
8772098
8775980
8776459
8776478
8777014
8777412
8781001
8782340
8789359
8791780
8791949
8794534
8799425
8806840
8813882
8814499
8815534
8815924
8817837
8818183
8823833
8825551
8828497
8830932
8832449
8832824
8834346
8836265
8842195
8855600
8856586
8857675
8861014
8862004
8862937
8876008
8876753
8876833
8880027
8880338
8882982
8885993
8889407
8889942
8890795
8894454
8896010
8896241
8899194
8899198
8900552
8900936
8903468
8911768
8914444
8923143
8923255
8927322
8927733
8928149
8929527
8932098
8932347
8936334
8937612
8938439
8941181
8943857
8948498
8950494
8951440
8952557
8956110
8957167
8961247
8961297
8962810
8964177
8965332
8966385
8970517
8974451
8974537
8976221
8976665
8979104
8979392
8980726
8980974
8981954
8982515
8982615
8983365
8984520
8986080
8988751
8998370
8998692
9002343
9004386
9005778
9006528
9012343
9014795
9017278
9019707
9020455
9020891
9023113
9023486
9029959
9039603
9039623
9040977
9042255
9047505
9047597
9048387
9049145
9050986
9051329
9052216
9052816
9053807
9055310
9056050
9056567
9060780
9073545
9075370
9075546
9081131
9082422
9085561
9086286
9089735
9090436
9091791
9095523
9098158
9099599
9100633
9102331
9105819
9106088
9107016
9109845
9111485
9114555
9116539
9119491
9126957
9128807
9135621
9139092
9142747
9145227
9145825
9152159
9154572
9154692
9155725
9160058
9162082
9163650
9168266
9170517
9172415
9172719
9174301
9177284
9177287
9181480
9181704
9183984
9185829
9186821
9187497
9189071
9189336
9193018
9193531
9194158
9195030
9196544
9201232
9202420
9208204
9214147
9216500
9217386
9219975
9227051
9231207
9231859
9232872
9233001
9234709
9235111
9236993
9238745
9239474
9239629
9239880
9240387
9242219
9243273
9244104
9246499
9249939
9251016
9251247
9253582
9257049
9261351
9262296
9262553
9262864
9262926
9263672
9263955
9264848
9265607
9268250
9270272
9271372
9279163
9284650
9286942
9290902
9290909
9295343
9295455
9298929
9300289
9302302
9306786
9307525
9311566
9313863
9315415
9315894
9321712
9323713
9324286
9326459
9330970
9332263
9332351
9333854
9334902
9335521
9336777
9341637
9343225
9343705
9344243
9345361
9345984
9348702
9348718
9350276
9352023
9353089
9353422
9357645
9359444
9360466
9361557
9364258
9365443
9366239
9366552
9368037
9368144
9368264
9369777
9372000
9375128
9375659
9375999
9377317
9377875
9380472
9381008
9382366
9384114
9384848
9387260
9387307
9389068
9389799
9390714
9392624
9393435
9396437
9396631
9398356
9402776
9403412
9407625
9408887
9408995
9411532
9416345
9416650
9421412
9422251
9424875
9427122
9427674
9427930
9429174
9429879
9432359
9435634
9436349
9439069
9440067
9440119
9443518
9445672
9446361
9446845
9447974
9449679
9453603
9453857
9454645
9457442
9460403
9461290
9467730
9468248
9471715
9471891
9471981
9476608
9476739
9482095
9483222
9483650
9483909
9485398
9487833
9488735
9489392
9491697
9492982
9494627
9498680
9503345
9503564
9510634
9515251
9519822
9521092
9525696
9526507
9527450
9527963
9534322
9534761
9537793
9538067
9542685
9543730
9544243
9544371
9544914
9545401
9545435
9545719
9547339
9556767
9556837
9557009
9557541
9558213
9559285
9559652
9561621
9562271
9565149
9566846
9569386
9570413
9573996
9577116
9580432
9582738
9586499
9588066
9590361
9591607
9593027
9594979
9596462
9598870
9618630
9621322
9626154
9637132
9637371
9638437
9640743
9641068
9642142
9646673
9650260
9651243
9651543
9658589
9660487
9664174
9664599
9665668
9667128
9668282
9668458
9670055
9672397
9675141
9677237
9682983
9686634
9690337
9690451
9690561
9692922
9697153
9699647
9702096
9704342
9704513
9704698
9705374
9705559
9711065
9711383
9719204
9723917
9724420
9725867
9731194
9731434
9733360
9736669
9736862
