424
727
1075
2050
2270
2927
4680
6207
6298
7836
7921
9106
9184
13295
16311
17058
17319
18553
19278
19684
19901
20892
21601
22444
22494
23103
23561
24143
25266
27039
28438
28453
29714
29798
31044
32200
34239
36145
36361
37345
37874
40005
40682
41317
42606
42625
42923
43138
43482
45338
45894
47300
47416
48113
48922
48959
49342
49488
49563
50596
50873
51875
56137
56239
56373
57258
57835
59184
60117
60344
61016
61335
63723
64753
64786
65590
65900
66589
67044
67758
67771
67898
68360
68742
69468
69855
70105
70862
70993
71106
71543
72347
72687
75075
75278
75738
76011
77368
78100
78758
79140
79180
79589
80699
81037
83256
84282
84642
86231
86269
86382
86404
86578
87059
87145
87181
87747
88612
90015
91044
91050
91182
93417
93969
94431
94548
94653
95808
96779
97077
97269
97326
97951
98242
98774
99621
100049
100100
100642
100745
100789
100856
100899
101231
101447
101900
101995
102051
102117
102989
102992
103312
103924
104163
104178
104257
104425
105457
106254
106287
107494
108644
108826
108978
109008
109375
109502
109762
109874
109926
110118
110297
110741
110940
111896
111962
112112
112554
113367
113438
113901
113910
114021
114036
114103
114176
114200
114977
115034
115082
116382
116415
116681
116759
116825
116956
117276
117691
117937
117949
118268
118300
118395
118597
118679
118772
118789
119094
119116
119235
119408
119446
119871
120103
120205
120259
120736
120975
121507
122059
122083
122388
122533
122804
122936
123089
123384
123466
123623
123689
123816
124028
124067
124120
124350
124629
124687
124759
124789
125574
125848
125882
126124
126174
126306
126624
126882
127059
127240
127532
127544
127640
128298
128341
128394
128879
128880
129036
129090
129552
129821
129960
130130
130595
130738
130895
131016
131254
131406
131444
131655
131807
131820
132260
132524
133031
133762
133789
133911
134221
134248
134378
134511
134908
135858
135990
136063
136191
136425
136524
137127
137325
137705
137745
137960
138184
138320
138554
138625
139116
139476
139670
140371
140490
140632
140943
141002
141402
142027
142163
142870
142954
143255
143493
143873
143920
144928
144999
145035
145043
145473
146318
146386
146568
146570
146614
146674
146830
147200
147282
147286
147379
147408
147456
147563
148509
148567
148897
148987
149107
149282
150002
150043
151141
151159
151460
151824
152150
152286
152340
152547
152800
152817
152902
152904
152956
153200
153889
154171
154310
155467
155513
155812
155834
156107
156411
157107
157149
157500
157656
158097
158272
158574
158721
159617
159780
159939
160522
160745
160914
161248
161343
161740
161952
162480
162960
163952
164237
164867
164916
165313
165496
165724
166123
166635
167423
168123
168746
169337
169677
170077
170085
171200
171670
172276
172596
172925
173447
174238
174296
174310
174328
174331
174376
174592
175729
176144
176685
177184
178290
178329
178358
179081
179300
179404
179911
180354
181787
181833
182123
183104
183202
183923
184558
184849
184995
185015
187018
188053
188508
189286
189505
189809
189827
190121
190328
191371
191817
192510
192786
193083
193246
193431
193727
194036
194281
194632
194638
194871
195525
195938
196279
196349
197042
197257
198300
198922
199213
199317
199612
199633
200196
201007
201053
201395
201511
201850
202914
203330
203625
203737
204211
204351
204374
204543
205901
206137
206530
206550
207418
207721
208134
208363
208418
210233
210363
210684
213423
213715
213733
214073
214618
216713
217128
217441
217574
217649
218102
218151
218324
218373
218603
218771
219040
219623
220055
221897
222370
222882
222957
224324
224586
224739
225008
225249
225372
225442
225876
228404
229318
229624
229753
230078
230256
230525
230526
231483
232515
234937
235462
235618
235965
236210
236698
237242
237497
238152
238628
239178
239610
239781
240064
240345
240789
241235
241278
241382
241833
241880
242299
243791
243935
244191
244830
244833
245478
245552
245974
246731
246820
247798
247942
247962
248050
248383
248507
249041
249754
250458
250835
251018
251073
251142
251712
252008
252129
252311
252526
252590
252867
252968
253378
253570
253625
254044
254194
254198
254333
254781
254913
255249
255545
255562
255674
256197
256304
256423
257383
257871
257881
257917
258971
259189
259618
260891
261851
262286
262336
262651
263839
264099
264862
265374
266582
266897
266964
267006
268463
268604
268925
269523
270484
270705
271856
272706
273069
273501
273882
274304
274427
275445
275617
275652
276781
277026
277190
277547
277732
277913
277937
279002
279105
280047
280643
280725
281606
281686
281983
282145
282192
282215
282957
283072
283178
283533
284413
285251
285366
285636
285723
286340
286418
286561
287225
287510
287854
288726
289320
289442
290040
290114
290238
290389
290575
290797
291526
291713
292011
292246
293724
294117
294732
295043
295060
295366
296267
296563
296807
296924
296974
297066
297461
297700
297874
298002
298318
298602
298805
299411
299812
300267
300558
300649
301461
302402
302637
302701
303576
304140
304788
304973
306002
306155
306185
306243
306408
306639
306728
308442
308459
309260
309325
309544
309697
309868
309883
310179
310731
311813
312094
312742
312972
313642
313757
314450
314866
314900
315158
315431
315704
316549
317180
317402
317529
317886
318256
318302
318326
319038
319397
319454
320618
321373
321815
321887
322219
322808
323021
323390
323771
323897
324155
324260
324270
324511
325106
325207
325499
325711
325714
326171
326263
327394
327477
328414
329137
329217
329429
329706
329811
330054
330408
330519
330593
330760
331024
331236
331272
332169
332245
332650
332854
333177
333523
333752
333865
333952
334572
334903
335128
335322
335418
335489
335790
335817
335855
335932
336096
336199
336330
336484
336648
336734
336827
337131
337237
337238
337345
338014
338139
338151
338755
339035
339251
340513
340526
340816
341133
341291
341434
341880
342551
342658
343298
343711
343778
343824
343933
344239
344610
344752
345143
345187
345226
345279
345420
346049
346384
346553
346572
346669
346942
346958
347427
347485
347539
347986
348038
348125
348371
348959
349324
349379
349552
349825
349898
350081
351215
351262
351323
351495
351637
351713
351883
352451
352684
353045
353319
353573
353713
354139
354414
354518
354530
354784
354922
355536
355682
355836
355844
356180
356901
356916
357054
357462
357535
357746
357778
357955
358212
358281
358440
358583
358642
358911
358963
359038
359571
359754
359893
360266
360478
360619
361006
362033
363488
364366
364594
365084
365403
365595
365768
366061
366089
366234
366336
366388
366630
366820
366891
367189
367277
367315
367419
367551
367778
368487
368673
369038
369122
369238
369742
369820
370290
370453
370664
370769
370886
370965
371101
371198
371607
371670
371745
372107
372169
372787
372792
372854
372871
373745
374459
374866
374965
374989
376498
376604
376771
376909
376973
377624
377640
377934
377939
377945
378072
378563
379172
379464
380016
380250
380285
380469
380522
380535
380955
381234
381313
381849
383226
383283
383731
384332
384602
385255
385717
385731
386252
386474
386520
386575
386666
387468
387477
387654
387733
389050
389252
389572
390190
390615
390737
390840
391279
391287
391578
391579
391899
392018
392023
392341
392342
392747
392790
393170
393281
393485
393629
393749
394013
394226
394397
394439
394504
394624
395159
395358
395501
396218
396316
396365
396419
396454
396603
398934
399191
399584
399986
400283
400388
400635
400979
401226
401282
401401
401585
401620
401623
401858
402154
402484
402493
403054
403196
403326
403441
404848
405164
405768
406178
406202
407162
407227
408069
408317
408359
409647
409819
409880
410064
410326
410690
410927
411131
412099
412201
412507
412846
413040
413447
414483
414577
414781
415381
415978
416035
416081
416405
416450
416471
416712
416824
416877
416976
417018
417112
417955
418027
418796
419013
419609
419740
419747
419804
419882
420051
420087
420091
420273
420303
420314
420379
420601
420746
421074
421235
421783
421822
421965
422174
422220
422420
422593
422940
423064
424240
424442
424497
424523
424781
424889
424940
424986
425000
425169
425504
425642
425822
425916
426109
426260
426278
426587
426592
426649
426814
426830
426896
426925
426968
427023
427087
427151
427697
427721
427801
427850
427943
428007
428298
428666
428853
428873
429186
429230
429357
429637
429672
429683
430124
430525
430588
430648
431149
431192
431292
431542
431683
431753
431896
431972
432102
432190
432382
432396
432494
432611
432626
432771
432921
433095
433540
433621
433894
433995
434330
434340
434353
434377
434659
434739
435137
435215
435485
435593
435824
435828
435830
435904
435957
436216
436240
436608
436690
436795
436872
436998
437034
437053
437214
437219
437231
437283
437526
437574
437635
438005
438405
438630
439027
439091
439135
439400
439440
439451
439468
439475
439526
439559
439687
439694
439721
439730
439890
440023
440192
440283
440284
440314
440399
440414
440492
440521
440615
440887
440914
440971
441332
441549
441668
441742
441759
441923
442037
442298
442434
442494
442659
442751
442764
442844
442931
442945
442946
443007
443395
443401
443439
443543
443634
443730
443856
443905
443907
444086
444154
444372
444416
444622
445112
445122
445144
445201
445434
445592
445659
445686
445748
445766
445801
445863
446221
446246
446277
446278
446418
446451
446643
446652
446711
446724
446832
446934
447050
447337
447672
447759
447798
448377
448423
448617
448863
448916
449081
449092
449127
449445
449448
449830
449971
450109
450153
450248
450259
450320
450400
450451
450551
450626
450636
450749
450786
450831
450874
450944
450962
450971
451012
451027
451028
451029
451180
451250
451274
451492
451503
451611
451636
451730
451850
451901
451921
451950
451993
452274
452415
452606
452683
452829
453217
453320
453372
453760
453767
453785
453855
454028
454100
454291
454354
454408
454515
454572
454638
454699
454717
454964
454976
455262
455269
455411
455478
455489
455696
456053
456065
456218
456228
456269
456301
456368
456370
456600
456786
456913
456955
457091
457149
457408
457502
457537
457569
457599
457632
457692
457709
457728
457963
458070
458148
458234
458357
458369
458480
458491
458517
458553
458892
458894
458907
459105
459119
459178
459238
459243
459251
459519
459623
459634
459635
459765
459774
459888
459967
460162
460260
460321
460736
460897
461143
461579
461673
461681
461683
461745
462340
462351
462414
462418
462489
462564
462868
462962
462964
463023
463207
463307
463509
463678
463814
463948
464357
464426
464752
464781
464908
465019
465213
465242
465533
465578
466277
466281
466317
466349
466396
466405
466420
466469
466503
466672
466795
466832
466859
466878
467030
467067
467155
467262
467263
467336
467387
467452
467665
467782
467822
467823
467861
467966
468018
468065
468367
468539
468562
468573
468711
468895
469015
469363
469407
469436
469596
469726
469872
470082
470250
470381
470543
470581
471001
471130
471160
471309
471471
471519
471629
471780
471794
471819
471974
472034
472281
472299
472350
472586
473117
473264
473412
473876
473914
473949
474138
474464
474629
474697
474718
474887
475373
475420
475521
475564
476162
476205
476357
476767
477034
477139
477204
477522
478018
478026
478108
478183
478246
478252
478259
478468
478649
478748
478993
479073
479170
479235
479471
479530
479576
479623
480227
480245
480273
480338
480345
480642
480789
480807
480843
481072
481175
481466
481583
481655
481694
482136
482140
482147
482207
482466
482648
482655
482901
483052
483056
483199
483205
483314
483395
483521
483718
483804
484213
484276
484306
484434
484436
484450
484640
484675
484813
484859
484977
485898
485906
486019
486297
486490
486637
486744
486826
486837
486847
486874
486925
487010
487078
487093
487460
487472
487487
487512
487531
487699
487725
487728
487749
487952
488048
488255
488353
488520
488639
488938
489085
489178
489188
489217
489321
489412
489447
489517
489553
489622
489658
489916
490231
490334
490430
490672
490690
490777
490842
490861
491076
491397
491433
491490
491748
491931
491970
492147
492165
492240
492308
492352
492490
492502
492651
492976
493099
493136
493244
493572
493584
493589
493766
493908
493990
494050
494104
494118
494134
494190
494219
494459
494560
494619
494716
494745
494819
494885
494891
494904
494910
494917
495070
495088
495238
495248
495277
495346
495402
495508
495724
495767
495847
495950
495997
496039
496136
496145
496240
496410
496528
496548
496634
496664
496691
496799
496829
496908
497055
497395
497472
497629
497698
497884
497922
497953
498061
498115
498197
498207
498332
498459
498465
498535
498694
498701
499241
499250
499335
499699
499703
499775
499846
499901
500077
500282
500321
500654
500929
500978
501143
501330
501525
501621
501847
501901
502052
502150
502151
502547
502665
502730
502731
502928
502949
503020
503140
503213
503386
503585
503721
503924
504002
504054
504070
504136
504320
504347
504411
504537
504578
504720
504783
504891
504937
505034
505111
505225
505333
505484
505627
506058
506104
506194
506232
506235
506275
506544
506550
506666
506755
506771
507218
507318
507426
507443
507678
507818
507838
507873
507971
507980
508117
508257
508379
508411
508518
508615
508681
508683
508723
508873
508966
508992
508998
509008
509061
509121
509265
509294
509439
509628
509721
509725
509810
510030
510082
510112
510122
510173
510207
510252
510328
510333
510433
510493
510574
510671
510722
510877
510995
511060
511109
511163
511257
511300
511450
511601
512037
512063
512374
512854
512880
513072
513142
513149
513186
513411
513608
513889
514081
514169
514170
514177
514180
514233
514274
514295
514535
514678
514695
514738
514767
514830
514933
514942
515056
515076
515320
515414
515419
515525
515550
515585
515994
516041
516067
516155
516164
516228
516266
516556
516629
516669
516769
517012
517041
517287
517457
517556
517610
517637
517975
517991
518092
518126
518227
518296
518313
518349
518425
518494
518501
518506
518589
518677
518778
518841
518852
518881
518980
518988
519058
519077
519345
519359
519361
519364
519412
519463
519619
519695
519736
519764
519879
519897
520079
520122
520519
520546
520575
520599
520613
520617
520684
520717
520718
520728
520863
520882
521186
521523
521550
521739
521832
521896
521974
521996
522020
522243
522318
522357
522525
522765
522831
522884
522888
522924
522999
523010
523118
523150
523454
523509
523532
523578
523593
523688
524117
524264
524268
524532
524563
524651
524661
524884
525025
525028
525033
525266
525365
525397
525712
525713
525786
525947
525977
526017
526065
526092
526413
526427
526501
526535
526603
526606
526696
526727
526854
526858
526955
527009
527112
527129
527165
527169
527456
527549
527571
527606
527640
527764
527769
527812
527817
527826
527968
528041
528042
528096
528158
528215
528297
528377
528564
528633
528664
528666
528786
528798
528835
528847
528977
529019
529073
529182
529209
529223
529272
529344
529408
529466
529547
529603
529625
529680
529709
529716
529851
530134
530139
530210
530455
530480
530612
530818
530831
531033
531150
531361
531394
531442
531568
531621
531683
531684
531705
531755
531809
531950
531988
531995
532096
532203
532246
532292
532294
532381
532445
532456
532805
532983
533357
533506
533544
533619
533627
533675
533836
533843
533850
534308
534547
534563
534606
534644
534706
534788
534829
534922
535097
535220
535277
535496
535701
535763
535789
535869
535937
536018
536133
536180
536203
536221
536318
536377
536458
536527
536556
536599
536614
536643
536715
536847
536861
536910
537079
537140
537191
537240
537426
537744
537831
537927
537932
537933
538012
538160
538188
538921
538965
539113
539234
539294
539391
539498
539776
539936
539984
539996
540306
540319
540436
540511
540529
540626
540756
540998
541004
541234
541266
541324
541480
541542
541582
541643
541840
541884
541923
542400
542471
542488
542494
542518
542539
542624
542825
542875
542892
542979
543028
543162
543166
543230
543240
543246
543307
543578
543710
543759
543857
543867
544364
544396
544400
544426
544481
544490
544517
544558
544624
544668
544750
544813
544906
544976
545022
545139
545244
545245
545278
545360
545367
545398
545786
545810
545966
545995
546056
546180
546225
546353
546450
546551
546613
546839
546861
546890
547022
547160
547196
547249
547462
547571
547630
547664
547767
547893
547918
547995
548112
548154
548234
548236
548328
548330
548701
548730
548734
548827
549031
549264
549425
549526
549600
549821
549914
550005
550015
550027
550116
550355
550624
550911
550920
551066
551143
551294
551314
551664
551811
551927
551981
552117
552178
552196
552212
552261
552269
552290
552351
552648
552699
552723
552776
553205
553291
553389
553596
553692
553768
553832
553840
553955
553987
554118
554162
554168
554209
554257
554304
554765
554832
555088
555205
555255
555546
555568
555624
555646
555800
555877
555908
555927
555953
556251
556705
556714
556795
556836
556990
557295
557313
557604
557685
557754
558139
558171
558191
558232
558263
558268
558450
558606
558647
558661
558686
558746
558900
558913
558924
559072
559080
559087
559096
559169
559270
559366
559454
559478
559540
559610
559753
559797
560283
560464
560723
560794
560900
561051
561150
561226
561363
561425
561456
561621
561894
561904
561918
561937
562029
562036
562464
562517
562518
562579
562614
562725
562779
562818
562882
562931
563114
563135
563372
563443
563453
563464
563689
563701
563733
563921
564082
564110
564118
564213
564426
564835
564908
564979
565091
565167
565205
565305
565732
565755
565939
566045
566289
566326
566439
566534
566602
566823
567353
567480
567851
567880
567925
567933
568080
568106
568220
568298
568300
568344
568475
568509
569003
569533
569765
570093
570212
570602
570634
570767
571019
571076
571406
571417
571441
571484
571551
571677
571933
571961
572072
572128
572185
572311
572349
572474
572528
572573
572794
572974
573030
573101
573216
573600
573950
573991
573993
574084
574170
574287
574501
574527
574564
574697
574752
574817
574927
575351
575520
575532
575671
575749
575750
576217
576265
576469
576606
577095
577368
577389
577399
577416
577759
577799
578125
578379
578422
578541
578742
578825
578932
578964
579005
579494
579707
579808
579856
580128
580658
580792
581040
581050
581242
581325
581444
581661
581703
581749
581891
581907
581909
582110
582153
582279
582316
582427
582436
582472
582525
582824
582825
583197
583304
583306
583673
583857
583916
584416
584718
584936
585051
585247
585249
585289
585328
585376
585592
585793
585884
585943
586016
586181
586879
586934
587142
587864
588134
588442
588500
588514
588570
588970
589443
589872
590080
590344
590465
590684
590816
590976
591166
591328
592475
592638
592663
592899
592923
592951
593015
593086
593095
593102
593127
593197
593231
593272
593920
593947
594231
594341
594496
594545
594875
595276
595353
595411
595421
595617
595773
595799
596072
596089
596419
596466
596703
596899
596923
597247
597929
598516
598569
598950
599073
599383
599522
599538
599788
600029
600712
600894
601010
601194
601316
601355
601480
601735
601978
602085
602362
602419
602575
602591
602914
603276
603296
603344
603740
603755
603880
603988
604245
604320
604607
604715
604869
605321
605338
605424
605468
605501
605519
605528
605883
606069
606436
606488
606550
606603
606642
606813
606839
606944
608768
608895
609084
609202
609375
609533
609959
610080
610349
610589
610778
610812
610968
611324
611592
611817
612158
612512
612748
612768
613042
613221
613391
613488
613643
613821
613822
614432
614619
614626
614870
615079
615776
615841
615996
616133
616237
616477
616656
616906
616927
616999
617095
617144
617238
617521
617685
618009
618088
618350
618864
619229
619396
619884
619886
620001
620045
620151
620399
620449
620619
621066
621367
621666
622060
622076
622169
622417
622524
622607
622721
622799
622806
623181
623210
623648
623810
623819
624281
624412
624466
624917
624950
625069
625335
625529
625572
625720
626167
626545
627176
627202
627610
627910
628018
628240
628244
628717
628772
628792
629118
629179
629925
630229
630674
630677
630689
630884
631162
631923
632078
632094
632112
632264
632746
633324
633345
633839
634272
634529
634576
634995
635307
635961
636196
636898
637069
638026
638061
638372
638912
639298
639365
639438
639541
639746
639772
639847
640034
640487
640685
641239
641270
641365
641450
642011
642014
642573
642691
643126
643445
643465
643768
643885
644243
644350
644357
644402
644661
644788
645396
645746
645811
645827
645995
646138
646159
646501
646808
647198
647337
647911
648423
648614
648910
649413
649501
649773
650073
650203
650223
650254
650630
650990
651039
651270
651413
651718
652352
652554
652831
653378
653646
654068
654121
654375
654458
654651
654680
655004
655211
655248
656034
656150
656886
657618
657899
657955
658051
658186
658322
658517
658616
658922
659667
659721
659782
659867
660015
660158
660238
660274
660297
660422
660493
660586
660764
661017
661504
661609
662122
662180
662229
662272
662439
662990
663397
663435
663576
663961
664154
664968
665120
665343
665670
665729
666374
667596
668858
669384
669594
670087
670284
670346
670914
671049
671913
672474
672746
673078
673498
674280
676772
677423
677672
678210
678253
678379
679402
679572
679708
680633
681013
681491
681858
682599
682841
683402
683903
684136
684383
684806
684841
685129
685529
686272
687435
687602
687860
690055
690074
690458
692902
693034
693212
693679
693987
694061
695769
696282
696951
696989
697020
697150
699768
699896
700471
700603
701027
701263
701311
701840
702381
702805
703384
703788
703934
704388
705532
705765
707553
708004
708517
708656
709764
710940
711029
712075
712267
712997
714111
715317
715360
715531
715603
716085
716190
716477
716670
716779
717197
717313
717760
717866
719376
720166
720337
721871
722333
722765
722890
722980
723142
723410
725253
726232
726237
726268
726957
728481
728493
729208
729770
732051
732530
733345
733383
733815
734018
734019
734203
735042
736008
737578
738195
738259
738977
739380
739520
739573
739973
740089
740589
740752
741023
741104
741157
741159
741185
741634
744221
745619
745784
746162
747138
747324
747663
748811
749625
749924
750055
750392
750467
750932
751392
751534
751765
752373
752642
752827
752832
753066
753342
753391
753781
753887
754396
754777
754996
755046
756116
756660
757027
757032
757045
757729
757870
758591
758723
758938
759023
759247
759456
759824
760203
760377
761418
761952
762593
763340
763726
763858
765331
765362
765687
766565
767180
767302
767548
768244
768498
769649
770212
771181
771688
771917
772608
773415
773523
774178
774281
774767
774879
775381
775877
778301
778759
779619
780713
780946
781099
781136
782415
782460
782995
783042
783103
784325
784966
786061
786698
786752
786896
788089
788127
788809
788869
789419
789493
790400
790747
790771
791910
793040
795102
795419
795654
795800
797144
797216
797629
798594
798643
798918
799094
799154
799213
799317
799912
800347
800614
801560
802883
803271
803303
804200
804893
805245
806287
806300
806342
806406
806490
806741
806983
807648
807681
807788
807823
808390
811594
812672
813476
813606
813740
813748
813749
813854
814635
815069
815607
815838
816846
816870
817017
817078
817108
818113
818204
818870
821219
821340
822056
822115
822141
822240
822537
824257
824550
825252
825844
826131
826161
826852
827024
827096
828593
828773
829071
829115
829598
829703
832296
832745
832811
834917
834957
835205
835495
836207
836369
836417
836799
836831
837578
838426
840523
840846
841492
842968
843413
843485
844525
845896
847585
847948
848083
851649
852551
852589
852865
855347
855677
855932
857206
857376
858311
858989
860110
861174
861479
862064
862218
862635
862964
863443
863873
864117
864448
864779
865691
865861
866777
867014
868208
869002
869343
870276
871031
871389
873612
874261
875265
875525
876680
877028
878003
878522
878862
879917
880785
882338
882392
882401
884796
885704
886330
887044
889339
892446
893128
893239
894631
895726
895919
897459
897802
898788
899901
900517
900926
901149
902651
904246
904518
904578
904658
905659
905922
905937
906255
906277
907189
908201
908939
909518
909838
910554
911401
911438
911857
912130
912914
913740
913765
914671
914782
915162
916682
917486
918237
918747
918859
919517
920049
920928
921087
922057
922841
923284
924755
926149
926171
926555
926736
930387
931024
931033
931254
931588
931894
932196
932423
932601
932732
932947
934812
935172
936059
936227
936474
936803
936934
937365
937948
939053
940113
941131
941176
941482
941702
943567
943580
945504
947424
948415
949282
950129
950167
950364
951546
951734
952534
952960
953209
953773
954560
954877
955325
955375
955396
955586
956082
958027
958394
958444
958838
958871
959789
961024
962748
963120
965503
965644
965704
965882
967118
968339
970838
971006
971093
973101
973693
973820
975100
977635
978652
978757
979742
980174
980465
981976
983181
983666
984186
987554
988532
989044
989163
989697
989706
990553
991740
992874
994652
995052
996881
997581
998702
999525
1001703
1002301
1002588
1003503
1004508
1004811
1006114
1007040
1008805
1009695
1011008
1011321
1012792
1012849
1013419
1014149
1014481
1014524
1015332
1015407
1015772
1015787
1016023
1018554
1019433
1020037
1020052
1022232
1023402
1023633
1024074
1025034
1028061
1030541
1033519
1035688
1036028
1038735
1038741
1038808
1039244
1040671
1042166
1042995
1043289
1045780
1046061
1046711
1046768
1046813
1046832
1047433
1049099
1049372
1049611
1049670
1050143
1051953
1052414
1054369
1055157
1055263
1055274
1055723
1055892
1057676
1059054
1060323
1060911
1061820
1062098
1063300
1063579
1063729
1065040
1065637
1065671
1065773
1066333
1066746
1066901
1067068
1067901
1068419
1068566
1069202
1070071
1070180
1070686
1071098
1071138
1071240
1071276
1072582
1072982
1073761
1074296
1074705
1075354
1075410
1076124
1076217
1077707
1077904
1077937
1079182
1080518
1081003
1081061
1081482
1083107
1083501
1083713
1083823
1084018
1084112
1084635
1085021
1085734
1085774
1085844
1086649
1086787
1086807
1087619
1088731
1088776
1089412
1089517
1090998
1091899
1092292
1092465
1093041
1093142
1094221
1094916
1095820
1096171
1096284
1097633
1097684
1098668
1099838
1100311
1100427
1100603
1101096
1101370
1101560
1101912
1103514
1105605
1107450
1107456
1107543
1108045
1108285
1109527
1110225
1111252
1115637
1116431
1116522
1116957
1117347
1118156
1119386
1120076
1120104
1121282
1123980
1125372
1125511
1127214
1128500
1128697
1129318
1129888
1130082
1130268
1132591
1132984
1133984
1136365
1136687
1137352
1138647
1139947
1140663
1140761
1142401
1143692
1144937
1145198
1146039
1148723
1149436
1150448
1151459
1152380
1152528
1155828
1156145
1157195
1157650
1158614
1158918
1159529
1159649
1160547
1161045
1161189
1161388
1162111
1162537
1162656
1163060
1165058
1166379
1167067
1167796
1169111
1170259
1171127
1171888
1172263
1173150
1173207
1174057
1175302
1175418
1176817
1179257
1179834
1180917
1181550
1182212
1183018
1183552
1184354
1184781
1185468
1185841
1185943
1185968
1188200
1188381
1188691
1193184
1193265
1193714
1194346
1195756
1195961
1196017
1197093
1197698
1198382
1199215
1199362
1200396
1201545
1202086
1202097
1202588
1202592
1203028
1204402
1204501
1205399
1205499
1207267
1207359
1208887
1209621
1211000
1211072
1212105
1212471
1213440
1214388
1215417
1216227
1216747
1218299
1218693
1219592
1221764
1221830
1221885
1221941
1222238
1222965
1223503
1224860
1227347
1230738
1231666
1232482
1234330
1235113
1235224
1235585
1236455
1236562
1236877
1237671
1238247
1238662
1239749
1240352
1240427
1240463
1241346
1241808
1242944
1243357
1244199
1244360
1244406
1244697
1244829
1245412
1248952
1249504
1250866
1252889
1254081
1254584
1255670
1255673
1256027
1256916
1257217
1258973
1260877
1262062
1263717
1264797
1265291
1266046
1266184
1266338
1268199
1268405
1268495
1269081
1269694
1270501
1271436
1272274
1272809
1272837
1273083
1275108
1276613
1276798
1278581
1280720
1281071
1281532
1281673
1282999
1283678
1284346
1284493
1288160
1293396
1294213
1295161
1297496
1298872
1298923
1298997
1304927
1305676
1305758
1306520
1307821
1308853
1310945
1310946
1312191
1314429
1316114
1318327
1320948
1320954
1321046
1321171
1322453
1322908
1323922
1325271
1326339
1326506
1328448
1328996
1329218
1330398
1330489
1330591
1331284
1334095
1335074
1338583
1338880
1340580
1342439
1342525
1342794
1342828
1342913
1343363
1343398
1343427
1345367
1345905
1346506
1346846
1349360
1349781
1350435
1351665
1352936
1353543
1354378
1354808
1355158
1355791
1356552
1358255
1358575
1359017
1359188
1362037
1367562
1367995
1370269
1370787
1371435
1372804
1373154
1373176
1373603
1374394
1374896
1374991
1377282
1378021
1378298
1379938
1380191
1382003
1384561
1387663
1388629
1388821
1389804
1389856
1393380
1397480
1398240
1401909
1403263
1407019
1407912
1409872
1410544
1410633
1412518
1414050
1415164
1417257
1420833
1420948
1421930
1422705
1423500
1423624
1425403
1427831
1428544
1429661
1430123
1434174
1434467
1434674
1435817
1437611
1439464
1440188
1441272
1441332
1443427
1443595
1448098
1449050
1450468
1452161
1453965
1454313
1455806
1456259
1458173
1461568
1462972
1463636
1463731
1466764
1467188
1467775
1471242
1473993
1475401
1476634
1477982
1478651
1479686
1480312
1481256
1481573
1482966
1483388
1485621
1486112
1489341
1489449
1490860
1490883
1491515
1491742
1492288
1495474
1495710
1496596
1496776
1497302
1497595
1499160
1501605
1501923
1502147
1503319
1503724
1504120
1504636
1505084
1505490
1506699
1507844
1507981
1508117
1508156
1509763
1509851
1510261
1510488
1510862
1510895
1511869
1512129
1512680
1512985
1513311
1514435
1518902
1519468
1519735
1520170
1520629
1521384
1522552
1522661
1524038
1526756
1527776
1527905
1529905
1534049
1534625
1536905
1538537
1539398
1540382
1540603
1543429
1544188
1544487
1544767
1545214
1546189
1546247
1546304
1546310
1546549
1546653
1546673
1546854
1548064
1548404
1548623
1549104
1549375
1549840
1550878
1555382
1557496
1558084
1561066
1561248
1562938
1563212
1564269
1567070
1567239
1567326
1568304
1570008
1571849
1574733
1575022
1576987
1578612
1579273
1579313
1580193
1582125
1582364
1582378
1582831
1583547
1584458
1585196
1585481
1585731
1587814
1588047
1590646
1591151
1591658
1591753
1593433
1593645
1594297
1594714
1594815
1594825
1595022
1595029
1595641
1596078
1596678
1597174
1598365
1598989
1599532
1601745
1602496
1602754
1604164
1608775
1609422
1609751
1610199
1612193
1612243
1614688
1615355
1615613
1616187
1617745
1618890
1619070
1620223
1621941
1623376
1624011
1625241
1627101
1627157
1628130
1629923
1630385
1632073
1632200
1634292
1635203
1636075
1638020
1638044
1638863
1646489
1647318
1647725
1648652
1649320
1650450
1651240
1651982
1652121
1654201
1654771
1655151
1655155
1655482
1656806
1657771
1657873
1658383
1658448
1660543
1661524
1661687
1665890
1666199
1666306
1666453
1666782
1666807
1667363
1669692
1671376
1671781
1672279
1672560
1673116
1674485
1675856
1677689
1677765
1678433
1679150
1680668
1681552
1682408
1683087
1683540
1683737
1684263
1685441
1685688
1686829
1687125
1688638
1688859
1690654
1691050
1693701
1694562
1694625
1695022
1695642
1695914
1695945
1698217
1698564
1698580
1699933
1701022
1701946
1702136
1702301
1703359
1703540
1703940
1704057
1706687
1708537
1710179
1711038
1711144
1712499
1712523
1713149
1713379
1713572
1713849
1714741
1714764
1716447
1718540
1718900
1719349
1720205
1720940
1721265
1722854
1723636
1726305
1728047
1730531
1733044
1733993
1734580
1737240
1738185
1738243
1738279
1738738
1738868
1739811
1740024
1741785
1741879
1745560
1747230
1747597
1748186
1750075
1750228
1751500
1752088
1753985
1754005
1754602
1755007
1756086
1757389
1758270
1761409
1763173
1763808
1765694
1767486
1768481
1768627
1768938
1771713
1773645
1773965
1774618
1775590
1776001
1778258
1778307
1779542
1779958
1781458
1783221
1784512
1786065
1789176
1789417
1789748
1789980
1790264
1790783
1791087
1791091
1791326
1791337
1791501
1791530
1791671
1791992
1793639
1796003
1796326
1798364
1800396
1803028
1805046
1809489
1812923
1815470
1816926
1818158
1819795
1820095
1820913
1822417
1822592
1823235
1824427
1826783
1827132
1828324
1832177
1832340
1835027
1836330
1836344
1838663
1839315
1840273
1841371
1846755
1848250
1848423
1849080
1849331
1850592
1851304
1852585
1852735
1852762
1854947
1857245
1857937
1858131
1858752
1858819
1859099
1859401
1859870
1860053
1860519
1861796
1871732
1873229
1875337
1875437
1875774
1879057
1880787
1881500
1883350
1887455
1889969
1890111
1893583
1894608
1895974
1897067
1897557
1898465
1898641
1901183
1901248
1901878
1902287
1905511
1907296
1908225
1909085
1909340
1911429
1913721
1915676
1916549
1916702
1919247
1919528
1920346
1921517
1926479
1927851
1928974
1929075
1929554
1929576
1931972
1932316
1932619
1937523
1938699
1938726
1939195
1939331
1941384
1942257
1943815
1946212
1947252
1947951
1949744
1951110
1952381
1952481
1957953
1958553
1958835
1958964
1959185
1960095
1960572
1960980
1962089
1964146
1964560
1964891
1965301
1966580
1967804
1968096
1968337
1970342
1972155
1972232
1973166
1973253
1974140
1976403
1977846
1979389
1979771
1979977
1980075
1982664
1983476
1983592
1983604
1985529
1986094
1986969
1987780
1987837
1988337
1988788
1990415
1990758
1991811
1992511
1992803
1994070
1995050
1995687
1998337
1998469
1999631
1999943
2000334
2004779
2005918
2009158
2009976
2010690
2011374
2011847
2012269
2012376
2012957
2015732
2016587
2017951
2018182
2020185
2020835
2022664
2022857
2023130
2023355
2024761
2026123
2026262
2026267
2026964
2027162
2028670
2029629
2030295
2030554
2030780
2030994
2031205
2031273
2033556
2035139
2035526
2036628
2036642
2037861
2038714
2039257
2039472
2039705
2040166
2040720
2041298
2042925
2045203
2045349
2046023
2046607
2047562
2048499
2048611
2049115
2051873
2052671
2054035
2054527
2055200
2057365
2058307
2059200
2061408
2061525
2063727
2063984
2064240
2064295
2064350
2066145
2067033
2067652
2067900
2069109
2069831
2071243
2071319
2072130
2072610
2075684
2075824
2077042
2077222
2079294
2080510
2080554
2085052
2085120
2088284
2089020
2089550
2090788
2091880
2091881
2092664
2094416
2097048
2097996
2098646
2098762
2099060
2100536
2100719
2101691
2101820
2102710
2103198
2104401
2104542
2104707
2105456
2106232
2107171
2107748
2108106
2108331
2109992
2111801
2112094
2112152
2112199
2112524
2113257
2114660
2114824
2115404
2116433
2117064
2118321
2118994
2119139
2119429
2120536
2121073
2122499
2123324
2124365
2124536
2124672
2126656
2127290
2127569
2129492
2130472
2131800
2133065
2135516
2136408
2136528
2136549
2139501
2140258
2140539
2141221
2142491
2143731
2150211
2150307
2150339
2151782
2152984
2155230
2159948
2160660
2161564
2161983
2164499
2164584
2165232
2167213
2167512
2168844
2171439
2177426
2178686
2179813
2180234
2180821
2181132
2181425
2183077
2184255
2186353
2186930
2187712
2187819
2188839
2189013
2189958
2192838
2192846
2194595
2196380
2196483
2196525
2196819
2196891
2196952
2198762
2198945
2199906
2200077
2200475
2200765
2201257
2202781
2203379
2207660
2208393
2213951
2214526
2215802
2216658
2217292
2221154
2221572
2222532
2227638
2231255
2232570
2232841
2233579
2233881
2234703
2237109
2240121
2247605
2248699
2249943
2253845
2254322
2256367
2256456
2258847
2259796
2261014
2261366
2261744
2263209
2265533
2265534
2269394
2270099
2271680
2271817
2273355
2273745
2273799
2275729
2275835
2276636
2277961
2277974
2279232
2280152
2280241
2280624
2281768
2282948
2283622
2285912
2289098
2290413
2291024
2291337
2291594
2292999
2293292
2294166
2294437
2294888
2295438
2296375
2296431
2298559
2299006
2299075
2299103
2299853
2300766
2301158
2303143
2303232
2303848
2304643
2304662
2305937
2305970
2306877
2307234
2308750
2308923
2309355
2310672
2311789
2315401
2318662
2318881
2319570
2328378
2333311
2339175
2341881
2344126
2344617
2344736
2344803
2346058
2346641
2347939
2347980
2348649
2351532
2352416
2352949
2353059
2356946
2359362
2362803
2363037
2363495
2364017
2366257
2367013
2368607
2370414
2370706
2371210
2371316
2375432
2377434
2378564
2378940
2378993
2380711
2384328
2386117
2389753
2390096
2390130
2391882
2392154
2393033
2393262
2393722
2394212
2394553
2395325
2397458
2398418
2400219
2401724
2402442
2403117
2406469
2411449
2413895
2414566
2415199
2415851
2416964
2418361
2418953
2419819
2419927
2420202
2420566
2421419
2422061
2422089
2423779
2426046
2426239
2428493
2428532
2429994
2430580
2431210
2434941
2435489
2435741
2438022
2438318
2438871
2439630
2440260
2443741
2444292
2444964
2446066
2446209
2446762
2446923
2447301
2447604
2448940
2449388
2449558
2449929
2451073
2452259
2452905
2454448
2454810
2455026
2455837
2456674
2456745
2457232
2458438
2459855
2462527
2464135
2465449
2466022
2466259
2470149
2471872
2473585
2474197
2475958
2476501
2476822
2477450
2477700
2478267
2478596
2479437
2479516
2480460
2481193
2482599
2484196
2484628
2486793
2486888
2488180
2491987
2493578
2494422
2494789
2494872
2498362
2498391
2500038
2500929
2502951
2503014
2503032
2505693
2505982
2506543
2506664
2509357
2510840
2512143
2512181
2512771
2518728
2522112
2522476
2524586
2527210
2528302
2529345
2530061
2530879
2531259
2532487
2532991
2533133
2534338
2537622
2538191
2538648
2540371
2540436
2542068
2543291
2549372
2549946
2552051
2552075
2556882
2557886
2558747
2560445
2562632
2565987
2565995
2566403
2566500
2567674
2568450
2568802
2569291
2569611
2570230
2570427
2571699
2572644
2572768
2573912
2576138
2576176
2576329
2579080
2580709
2581860
2582181
2582802
2583191
2583461
2584280
2585741
2585795
2586261
2587582
2590103
2592564
2592990
2593055
2593413
2594734
2595771
2597859
2599221
2600859
2600923
2601411
2603783
2605673
2606277
2606729
2607920
2609617
2611382
2611532
2613288
2613312
2614050
2614930
2617575
2618617
2620437
2623218
2623883
2625896
2626770
2627032
2627570
2628255
2629332
2629548
2629769
2630574
2633056
2633795
2635052
2635191
2635233
2636254
2637764
2639563
2642137
2644307
2646885
2647023
2648162
2650518
2651688
2653125
2653241
2653444
2654562
2657331
2660484
2662641
2663217
2663482
2663930
2664080
2664473
2664515
2664691
2665493
2665604
2672276
2672943
2673447
2673815
2678729
2678865
2679659
2682905
2683024
2683426
2683999
2684639
2685690
2686365
2687780
2688211
2688381
2689610
2690679
2690898
2693221
2694737
2694745
2697563
2698696
2700400
2703838
2705682
2706878
2708657
2709745
2712634
2712851
2712859
2713315
2716802
2717321
2717889
2718655
2721769
2722343
2723925
2724720
2724992
2725768
2726014
2726935
2727369
2729228
2729229
2729489
2730137
2731620
2732658
2732842
2734886
2734954
2735215
2735920
2737108
2737837
2738774
2739436
2741146
2741346
2741849
2742459
2743050
2744761
2747424
2747826
2749009
2749803
2750559
2751663
2753224
2753651
2753967
2754530
2755163
2755936
2756585
2757900
2758272
2758871
2760007
2760550
2760605
2761277
2761437
2761769
2762980
2763515
2764043
2764220
2764261
2764316
2765773
2765774
2765921
2766883
2766983
2767270
2767362
2767935
2769583
2769993
2770264
2770529
2770666
2770925
2771000
2771226
2771284
2771907
2772600
2773892
2774188
2774741
2775556
2776596
2777019
2777392
2777782
2778395
2779860
2780218
2782133
2782517
2782871
2783421
2783500
2784981
2785047
2785602
2785617
2785908
2786026
2786078
2786325
2786816
2788911
2789414
2790306
2790758
2791123
2791159
2791210
2791610
2791904
2793307
2793768
2793802
2793990
2795917
2796040
2796058
2796096
2796738
2796808
2798309
2799064
2799076
2800018
2801000
2801463
2801781
2802279
2802484
2802494
2802835
2802853
2804184
2804276
2804543
2804758
2804852
2804942
2805054
2805281
2805347
2806072
2806315
2806491
2806553
2807092
2807164
2808056
2808069
2808174
2808380
2808638
2809239
2810154
2810767
2810844
2811995
2812049
2812613
2813223
2813608
2813959
2814299
2814657
2814714
2815299
2815362
2815483
2815749
2815951
2816065
2816296
2816575
2816670
2816980
2818682
2819112
2819633
2819680
2820870
2821140
2821526
2821971
2822193
2822447
2822483
2823816
2824385
2824491
2825021
2825172
2825206
2825395
2825400
2825522
2826751
2827209
2827727
2829092
2829301
2829505
2829623
2830259
2830559
2830789
2830876
2830933
2830995
2831322
2831648
2831787
2831882
2832163
2832598
2832857
2834575
2834632
2835486
2835787
2836850
2836974
2838266
2839372
2839455
2839843
2840077
2840388
2840886
2841327
2841372
2841625
2841705
2842094
2842811
2844103
2845558
2846538
2847270
2847374
2848475
2849855
2850165
2850485
2851300
2851620
2853577
2854527
2855081
2855322
2855642
2856390
2856454
2856965
2857034
2857133
2858294
2858928
2858971
2859065
2859206
2860284
2861275
2861327
2861699
2862081
2862514
2862999
2863954
2864446
2864725
2865111
2865340
2865375
2865808
2866992
2867261
2867310
2868779
2870316
2871024
2873325
2875211
2876726
2877052
2877414
2877647
2878607
2878777
2878852
2879697
2880038
2880692
2881044
2881498
2881613
2882284
2882613
2883317
2883624
2884000
2885347
2885416
2887138
2887946
2888611
2889378
2889690
2889914
2890794
2894506
2896043
2897019
2897689
2898228
2899185
2905438
2906155
2907813
2908062
2909455
2909660
2910193
2913777
2914136
2915576
2917334
2918192
2919137
2919357
2920049
2920228
2921446
2922017
2922804
2923301
2923452
2924287
2928199
2929773
2931174
2931863
2932808
2932864
2933118
2934961
2937021
2937281
2938647
2938683
2939642
2940524
2940927
2941191
2941493
2943128
2944160
2946477
2946765
2946909
2947823
2948695
2949081
2950401
2951111
2951235
2951819
2952689
2952718
2956293
2956787
2957873
2958180
2958461
2959077
2960362
2960753
2961956
2962655
2962880
2963495
2964451
2964642
2964807
2967405
2967447
2968102
2970038
2970259
2970495
2970649
2971044
2972525
2972692
2974593
2975530
2977476
2978564
2979607
2979903
2979979
2980992
2981533
2984847
2987978
2988803
2989039
2990101
2990190
2992029
2994351
2996827
3000255
3001612
3003032
3004173
3005468
3006562
3006881
3007240
3008076
3008268
3008269
3009257
3009724
3010567
3012579
3016226
3019642
3019906
3022066
3022616
3023120
3026655
3030277
3030394
3031918
3033468
3033530
3033537
3033615
3036378
3037642
3038287
3041146
3042022
3045089
3047536
3050352
3052905
3054455
3054723
3055217
3058278
3060652
3061117
3062013
3063022
3067062
3069186
3071528
3072196
3073051
3073098
3074154
3076145
3076430
3078543
3079359
3081240
3082506
3082542
3087118
3088165
3088849
3090211
3092639
3093242
3093403
3095611
3096011
3096172
3097180
3097995
3098661
3101335
3102545
3103813
3109467
3109759
3111415
3111725
3111987
3114949
3115190
3120541
3120891
3121268
3121358
3121523
3123849
3126163
3126594
3127483
3128052
3128733
3129742
3130247
3130446
3131824
3132144
3132413
3137498
3138164
3143336
3143713
3143885
3144894
3145194
3146140
3146473
3151302
3153071
3155241
3156912
3158240
3159070
3159848
3164592
3165153
3167819
3168333
3168410
3168607
3168743
3170402
3170441
3170798
3171510
3173042
3173468
3173638
3174175
3175933
3176828
3177009
3178008
3178125
3179169
3180151
3181310
3183291
3185030
3185701
3186070
3186206
3186883
3188729
3188919
3189331
3191422
3192193
3194464
3194908
3195263
3196970
3199078
3200279
3200409
3202952
3203526
3204605
3205224
3206370
3206617
3207486
3209995
3210463
3211137
3213057
3213769
3217002
3217211
3220983
3221858
3222628
3223573
3224599
3227276
3229939
3230148
3230302
3232278
3232328
3232865
3234114
3234914
3235325
3236328
3237054
3242917
3243570
3243634
3245095
3246035
3246726
3246864
3247175
3248140
3248234
3251973
3254654
3255993
3256387
3256657
3257131
3258520
3258565
3259647
3261160
3261693
3261899
3263664
3270483
3271955
3272575
3273054
3274957
3275525
3275979
3276502
3278873
3279288
3280949
3283250
3284870
3286032
3286910
3287269
3288538
3288834
3289272
3289551
3289773
3292119
3298606
3299721
3302448
3303617
3305976
3306812
3307080
3308487
3308563
3310374
3311607
3312585
3314450
3314625
3317729
3319936
3320668
3322524
3324144
3324455
3325131
3327271
3331605
3333182
3333956
3336344
3336441
3336658
3338723
3339482
3339575
3339588
3339954
3340626
3341047
3342446
3342548
3344413
3344469
3345461
3346770
3346862
3347434
3347808
3348242
3350039
3351314
3357177
3361335
3363598
3368918
3369115
3369448
3370161
3370175
3370281
3374371
3374488
3374797
3375497
3375596
3375874
3376092
3377648
3377704
3379336
3379777
3382208
3382533
3384187
3385428
3386060
3387370
3387700
3387929
3388279
3388550
3390101
3390249
3390551
3391310
3391386
3393140
3393247
3393381
3393407
3393637
3393720
3394044
3395232
3395316
3395743
3395826
3395893
3395923
3396063
3396551
3397140
3397283
3397901
3398377
3400739
3401295
3401598
3402960
3403150
3404228
3404730
3405201
3405741
3406022
3406376
3407489
3407591
3408571
3409132
3409283
3409292
3409521
3409647
3410330
3411096
3411196
3412206
3412778
3413431
3413580
3414152
3415829
3416115
3416245
3416769
3417244
3418025
3418266
3419184
3419359
3419392
3419778
3419911
3420339
3420777
3421469
3422025
3424381
3425261
3425494
3426076
3426253
3426288
3426396
3426498
3426562
3427455
3427512
3427562
3428025
3428159
3428625
3428795
3428881
3428954
3429144
3429395
3430856
3430954
3432011
3432054
3432290
3432828
3433023
3433276
3433588
3433722
3434087
3434210
3434659
3435395
3435694
3437825
3438310
3439356
3439465
3439932
3440669
3441766
3442026
3442781
3443003
3444303
3444484
3444520
3445652
3446005
3446217
3447492
3448381
3448627
3448897
3451877
3452135
3452968
3453441
3454279
3456271
3456886
3457519
3457587
3461272
3462388
3462423
3463998
3464969
3466335
3467199
3467210
3467461
3467626
3468638
3469583
3471700
3471742
3472650
3472904
3473225
3473954
3474546
3474613
3474909
3475194
3476205
3476720
3477177
3477665
3478625
3480215
3481295
3481642
3482034
3483493
3484883
3485031
3485567
3486925
3487362
3488227
3488601
3489620
3491136
3492993
3493125
3493707
3494518
3495240
3496522
3497631
3500037
3500473
3501276
3501807
3502305
3502862
3503886
3504224
3504966
3505162
3506667
3506824
3511014
3512328
3513059
3513092
3513113
3515552
3515774
3518702
3519390
3520168
3521336
3522041
3522237
3523871
3524499
3524739
3526579
3526582
3526939
3527271
3527578
3528228
3528658
3528740
3528815
3529209
3529750
3530303
3530305
3530739
3530906
3531093
3531431
3531586
3531739
3531987
3532584
3532815
3533752
3534221
3534442
3534860
3535720
3536059
3536121
3537291
3541416
3543192
3543434
3543959
3544479
3547766
3549453
3552110
3554832
3555155
3555795
3556019
3558375
3558602
3561007
3562634
3562999
3563255
3564492
3564841
3567354
3569063
3571266
3571792
3572081
3573269
3573737
3575355
3576427
3576800
3576964
3578718
3579506
3580115
3580163
3581278
3581551
3581843
3582342
3582777
3582999
3583732
3584358
3584716
3584953
3586695
3589064
3590524
3592557
3592979
3595387
3596440
3599067
3599743
3599910
3599926
3602500
3603691
3605911
3606282
3608442
3609060
3609552
3609952
3610601
3610688
3611998
3615649
3616690
3618068
3620916
3621129
3622354
3622414
3622772
3623291
3623309
3623756
3624439
3624558
3624716
3626475
3626994
3627620
3627745
3627810
3627994
3628638
3628984
3629548
3631002
3631074
3631210
3632528
3634023
3635100
3635642
3637817
3638447
3639434
3641959
3642969
3644702
3645099
3646553
3651041
3653947
3656259
3658173
3658755
3666341
3668047
3668111
3668776
3669245
3672635
3673367
3673393
3673477
3674516
3674637
3678129
3678493
3683682
3686156
3686583
3688120
3689575
3690807
3690944
3691695
3692234
3697078
3697734
3697747
3699917
3700165
3700209
3701795
3705608
3706373
3706507
3713861
3715825
3716862
3717628
3719097
3720474
3721639
3722754
3725970
3726515
3727480
3727512
3727776
3727803
3728006
3732139
3735132
3735475
3735487
3738225
3738597
3738601
3739744
3740157
3740257
3741483
3742706
3743415
3744555
3746553
3748354
3749128
3749359
3750050
3751437
3752572
3752626
3752900
3753010
3753243
3753697
3753718
3754508
3754658
3756208
3756998
3757266
3757900
3758690
3759467
3760244
3760555
3763154
3763689
3764584
3765356
3767501
3771010
3773995
3776048
3780271
3781826
3781964
3782845
3782952
3783903
3783961
3785917
3786791
3788023
3788345
3788966
3791026
3792330
3794617
3796823
3797860
3798105
3798541
3800648
3801235
3804285
3805587
3806217
3810157
3811307
3811651
3813183
3813249
3813410
3813722
3815315
3817047
3819913
3820638
3821423
3822095
3824108
3825031
3829679
3829788
3829929
3830912
3831284
3832485
3834663
3835338
3838100
3841478
3845571
3845658
3846411
3847635
3847818
3849423
3849986
3850312
3851258
3853426
3854252
3856964
3859644
3859994
3860499
3861613
3867471
3869178
3869205
3869625
3870322
3872441
3872562
3873114
3874104
3874139
3875064
3875486
3876262
3877621
3878545
3882532
3884267
3884664
3885905
3888019
3893527
3893571
3893706
3893979
3894244
3894682
3895122
3895449
3895892
3896038
3899403
3899730
3900557
3904521
3906405
3907475
3912255
3912901
3913617
3914664
3915429
3915670
3916480
3916610
3918792
3920332
3920859
3925439
3928394
3929575
3931204
3931703
3932065
3933096
3933164
3934117
3935970
3936932
3937274
3938251
3940388
3940467
3949517
3950863
3952829
3953634
3954197
3956141
3956842
3959263
3959556
3962388
3962684
3962982
3963001
3966888
3967858
3971412
3973004
3975082
3975306
3977109
3981874
3989284
3991323
3991928
3992963
3995500
3996515
3996992
4002923
4003182
4004650
4007133
4007824
4008001
4008014
4008850
4010792
4014712
4015511
4015612
4015922
4019870
4022197
4022651
4025722
4027900
4033289
4033362
4037346
4038714
4038953
4040187
4040753
4041145
4044195
4051766
4052174
4052226
4055224
4056137
4057899
4059558
4061381
4064160
4066608
4068599
4070232
4070449
4070891
4072515
4073045
4073363
4073620
4076421
4076809
4081760
4082324
4083320
4086798
4090977
4091731
4095158
4095524
4096226
4096296
4098878
4099423
4103287
4105064
4106574
4109081
4110019
4113571
4113857
4113989
4114941
4117302
4120342
4126323
4128305
4130329
4133701
4134297
4136147
4138011
4138178
4138269
4138744
4139744
4141038
4143498
4143691
4144005
4147242
4149966
4150462
4151274
4152429
4153233
4154764
4154829
4155925
4157561
4158199
4159011
4161599
4162479
4163686
4164514
4165684
4166574
4166915
4167699
4167781
4168852
4169713
4169730
4170952
4172224
4172484
4172950
4173788
4173827
4175187
4175882
4176099
4177438
4177919
4180456
4181069
4185633
4185810
4185868
4185920
4185937
4185970
4186069
4186126
4186357
4188459
4189274
4189428
4193836
4193969
4194187
4194384
4194722
4194826
4195870
4197121
4197404
4198682
4198765
4201270
4202464
4202771
4203272
4203901
4205093
4205597
4205859
4205904
4207622
4208806
4208863
4209784
4210558
4212045
4212483
4213144
4213211
4213298
4213773
4214683
4215674
4215817
4216324
4216726
4216777
4217370
4218195
4218785
4219680
4219967
4221633
4222131
4223459
4223602
4224124
4224136
4224271
4224358
4225192
4226070
4227984
4228209
4228642
4228918
4229384
4229387
4229994
4231014
4232811
4233200
4233429
4233607
4235625
4237084
4238083
4239121
4239981
4239989
4240033
4240108
4240804
4243197
4244468
4244983
4245674
4248085
4248251
4248465
4249182
4249232
4249498
4249622
4249686
4249708
4250011
4250256
4250371
4250449
4250686
4250806
4256947
4257238
4258691
4258717
4259049
4259068
4259814
4262049
4263555
4264981
4264993
4265448
4266077
4270133
4270556
4270579
4271003
4271919
4272025
4272141
4272622
4273070
4276847
4277425
4279486
4279832
4279938
4280022
4284147
4284510
4287309
4287423
4288824
4289359
4289701
4290413
4291162
4292283
4293875
4293937
4294053
4294880
4295927
4297918
4298844
4299707
4300524
4306273
4306900
4307746
4307948
4309187
4310929
4312460
4313447
4315571
4315920
4316538
4318214
4319615
4320534
4322089
4323630
4324459
4327001
4329187
4330789
4331868
4333965
4335267
4335397
4335980
4336153
4336314
4339141
4343918
4351217
4352398
4353222
4353352
4353581
4354706
4357586
4359780
4361393
4361605
4362414
4362638
4362741
4362744
4364861
4364979
4366409
4366424
4368679
4368892
4370450
4370904
4373057
4376042
4381305
4382510
4388249
4388568
4388935
4389902
4391706
4394338
4394788
4396831
4401291
4401341
4401742
4403500
4404753
4406431
4406903
4409292
4410168
4411045
4411378
4412861
4412991
4413878
4415498
4415516
4416498
4416848
4417281
4417306
4418720
4419594
4421081
4427903
4430140
4430427
4430946
4431551
4432773
4433760
4434017
4438509
4438671
4439874
4439971
4440206
4441973
4442952
4443115
4444724
4445289
4445890
4448610
4452149
4454572
4454855
4455348
4456871
4458217
4458464
4460520
4464490
4464640
4466102
4466705
4467024
4468601
4472470
4473852
4476177
4476648
4476993
4478331
4480013
4480466
4480827
4481026
4482505
4487147
4487455
4489991
4496072
4498000
4498858
4500149
4506356
4506387
4506439
4507641
4510354
4512405
4514211
4514288
4517701
4518433
4521399
4522190
4525749
4526587
4529177
4531489
4532592
4539144
4540966
4541211
4541403
4541852
4542070
4542615
4543463
4544489
4544518
4546331
4548185
4548370
4548387
4549189
4549250
4549384
4549589
4549845
4549975
4552274
4552501
4553392
4553697
4554465
4554978
4555212
4555422
4555949
4556130
4556854
4557101
4558159
4559174
4559770
4559933
4560232
4561083
4561335
4561827
4563111
4563230
4563765
4564117
4564697
4565778
4566269
4567273
4568413
4569244
4570378
4570971
4571356
4573348
4574264
4574316
4578028
4578052
4579435
4580151
4581844
4582155
4582650
4582916
4583082
4583621
4584152
4585083
4585941
4586248
4586254
4586261
4586728
4587149
4587935
4588787
4590652
4591323
4592576
4593444
4593706
4593739
4594536
4594958
4595058
4598232
4598809
4599813
4600214
4600250
4600453
4601139
4601305
4601805
4602458
4603081
4604087
4604382
4604512
4605068
4605784
4606427
4606691
4607747
4608273
4609117
4610131
4610752
4611276
4612410
4613194
4613410
4613620
4613952
4614518
4614665
4615011
4616082
4616241
4616562
4617002
4617093
4617281
4617603
4618181
4618274
4618610
4618976
4619349
4619373
4619884
4621448
4622704
4622964
4622990
4623166
4623269
4623323
4623418
4624889
4625196
4625641
4625978
4626194
4626418
4626750
4626998
4627016
4627272
4627636
4628473
4628524
4629124
4629904
4630186
4630419
4631720
4632354
4632520
4633154
4633968
4634742
4636125
4636890
4638362
4638646
4639229
4639243
4640976
4641148
4641881
4643304
4643588
4644089
4645319
4645383
4646624
4646765
4647911
4649960
4655409
4655895
4655934
4656864
4658632
4658807
4658849
4660480
4661051
4661842
4662154
4663878
4664158
4664697
4664990
4665326
4669047
4675361
4675788
4677002
4677210
4677507
4678564
4679595
4679884
4679954
4680360
4681280
4681402
4681872
4682723
4685785
4686841
4687164
4687769
4687963
4688204
4689498
4689766
4689883
4691210
4692617
4692770
4694698
4695679
4695773
4700406
4702145
4705344
4706102
4708702
4709747
4711113
4712581
4715323
4719286
4721358
4721667
4722872
4722967
4723051
4723316
4724932
4725948
4726440
4727181
4727263
4728523
4728741
4728907
4729290
4730651
4731164
4731562
4731563
4732137
4732194
4732288
4732940
4734408
4735239
4736116
4736274
4736688
4737364
4738141
4739887
4740854
4742563
4742736
4742999
4743206
4743784
4743951
4746881
4747144
4747635
4749829
4750846
4752397
4752588
4752674
4754237
4754456
4754943
4756185
4756330
4757023
4757032
4757499
4760223
4760563
4761258
4765850
4769477
4772307
4776118
4776431
4778373
4780741
4781181
4781495
4782661
4783923
4785524
4785965
4786636
4786741
4787557
4787894
4789139
4791205
4795122
4795699
4795983
4796166
4797176
4797226
4798039
4798550
4798976
4799114
4799929
4800148
4800868
4801147
4801691
4802107
4802595
4803782
4804137
4804299
4805055
4808165
4808881
4808955
4809474
4816273
4816754
4817955
4818820
4820636
4821161
4822109
4824129
4824582
4824880
4828714
4828723
4830572
4830953
4832006
4833282
4834361
4834748
4835118
4835225
4835833
4837458
4837677
4837947
4838572
4841411
4845917
4846376
4847750
4847898
4848449
4848582
4848695
4849497
4851092
4855267
4859310
4860939
4862744
4864993
4865680
4865955
4867114
4869608
4870334
4870738
4871694
4875905
4875991
4878149
4881176
4882155
4883052
4883321
4884551
4884708
4885887
4886472
4886767
4887527
4888134
4889098
4890870
4891553
4896876
4897376
4901420
4902754
4903452
4904094
4906764
4906783
4908825
4910746
4910965
4912298
4913185
4915298
4916779
4917127
4918028
4920142
4925351
4930181
4931824
4932307
4932470
4934216
4934921
4935851
4936152
4937589
4939494
4940345
4940576
4940970
4941893
4942343
4943165
4944282
4944327
4944431
4945195
4947187
4948297
4949515
4949702
4950813
4951861
4953580
4954376
4954810
4955268
4957419
4957829
4959052
4960429
4962471
4962906
4963673
4964039
4965028
4965167
4965723
4966828
4967947
4969741
4970365
4971441
4972885
4973542
4974288
4975279
4978141
4980447
4981539
4981764
4982125
4986724
4986934
4987465
4989150
4992066
4996326
4998098
4998293
4998790
5000517
5000671
5000684
5001072
5002873
5003763
5003801
5005842
5006025
5006723
5007059
5008656
5008786
5008990
5009400
5010607
5013770
5015682
5016110
5017099
5017749
5019643
5022271
5022616
5022738
5022989
5026559
5029426
5031246
5032135
5032651
5033727
5034930
5035146
5035400
5035542
5037158
5037489
5038398
5039740
5039965
5041712
5042411
5043306
5044073
5045647
5047526
5048054
5049440
5049666
5050641
5051015
5053211
5053612
5054245
5055597
5055763
5055905
5056171
5057110
5057906
5058185
5058341
5059089
5060492
5062681
5062922
5063202
5064298
5065547
5065605
5065871
5065989
5066183
5067306
5067342
5067533
5067932
5070376
5070435
5070546
5070602
5070863
5071063
5071717
5071980
5072871
5074335
5075033
5076825
5076980
5077154
5077469
5078891
5079795
5080025
5080519
5080870
5080955
5081532
5081549
5082114
5082704
5083579
5083673
5084415
5085113
5085355
5085400
5089342
5089603
5091273
5092112
5092591
5093392
5093497
5094106
5096282
5096382
5097969
5098555
5100889
5102069
5102180
5102517
5103927
5105569
5105684
5105837
5106090
5106955
5107127
5107539
5109615
5109999
5112732
5113743
5113928
5114350
5115979
5117126
5117716
5118329
5118815
5119840
5121124
5121460
5123060
5123107
5123562
5127678
5128950
5130262
5130828
5131204
5134189
5134335
5136558
5138235
5139542
5140662
5140995
5141725
5143436
5144900
5146049
5146110
5148759
5148788
5148936
5149333
5149535
5150794
5152659
5152844
5153966
5155131
5155991
5156039
5158753
5159262
5160606
5161989
5162929
5164282
5164289
5164466
5164698
5167198
5167896
5169794
5169937
5171277
5172581
5175059
5177402
5178599
5178974
5179031
5180133
5181418
5182648
5183074
5183488
5184472
5184681
5185051
5185190
5186923
5191904
5192157
5192663
5192720
5192743
5192802
5193166
5194170
5194185
5195350
5195647
5195989
5199197
5201565
5202341
5205292
5205829
5206273
5206998
5207973
5209351
5209370
5210002
5210190
5211343
5212436
5213198
5213204
5215566
5215636
5217311
5220260
5220427
5221251
5222844
5223584
5224125
5224746
5224989
5225458
5225732
5225790
5226324
5226669
5226702
5228057
5228780
5229362
5229558
5229838
5230482
5230694
5230906
5231299
5232218
5232574
5233375
5233765
5234677
5236781
5238290
5242497
5244155
5245332
5245923
5246595
5246855
5247567
5248785
5249592
5250235
5250293
5250463
5250797
5252027
5252175
5254893
5255452
5255765
5255978
5256143
5256171
5256185
5258605
5260864
5262514
5263403
5264228
5264513
5264963
5267164
5268481
5268616
5275075
5279223
5279230
5279372
5279792
5279933
5280135
5282961
5284287
5285348
5286471
5286741
5288258
5288897
5291564
5293819
5295247
5295892
5299125
5300114
5300197
5300230
5300238
5301082
5302296
5302392
5302437
5305397
5305977
5307698
5309730
5311210
5311487
5311819
5311930
5312175
5313993
5315003
5316181
5316453
5318708
5321457
5321774
5321808
5322635
5322775
5322813
5323656
5324330
5327225
5327481
5327807
5328742
5329080
5329329
5330067
5330749
5330902
5331283
5331620
5331685
5332071
5332716
5332743
5332762
5332815
5333485
5338755
5339265
5339647
5339955
5340391
5342807
5343538
5343556
5343775
5345414
5345867
5348437
5349613
5351698
5351768
5353130
5358151
5358930
5360663
5361143
5363116
5363297
5363812
5364262
5364385
5365604
5367175
5368818
5369498
5369695
5369910
5371455
5373020
5373202
5376989
5377057
5378449
5380459
5381440
5382033
5382676
5384618
5386725
5388308
5388812
5389743
5391383
5392325
5393754
5396734
5397133
5397933
5399685
5402557
5405731
5406057
5408152
5408475
5408711
5409028
5409620
5411781
5412649
5413091
5415013
5417237
5418977
5419628
5423532
5423973
5428650
5428998
5430433
5433564
5435491
5436664
5437397
5437954
5438534
5438841
5440563
5441448
5441737
5443433
5444174
5444780
5445142
5445505
5445520
5446299
5448929
5449152
5450076
5450330
5453362
5453475
5455897
5457820
5465260
5467286
5467523
5469385
5469428
5470127
5470773
5470984
5472402
5472484
5474555
5475299
5475632
5476839
5476852
5477404
5477642
5479189
5479275
5480819
5483628
5484081
5484585
5484613
5484674
5484845
5485372
5486803
5487425
5488804
5489676
5492792
5493545
5495688
5495963
5496009
5497466
5497614
5499712
5500348
5500406
5501348
5503130
5503508
5505272
5505387
5505805
5505994
5506430
5507046
5507082
5507226
5507727
5507778
5507897
5507930
5508295
5509236
5509330
5510626
5510853
5511033
5511349
5512338
5512590
5515368
5515607
5515831
5517071
5517963
5518177
5521197
5522071
5522748
5524031
5524131
5525840
5526349
5528052
5528513
5528518
5528817
5529636
5529665
5529759
5530748
5531411
5532000
5532015
5533416
5533615
5533777
5534271
5535247
5535827
5536100
5538509
5539981
5540566
5542135
5542148
5542228
5542747
5543276
5543906
5544260
5544607
5546110
5546641
5547301
5547874
5548032
5548067
5548252
5548473
5549259
5549732
5552449
5552664
5554948
5556554
5557100
5557763
5558724
5560257
5560408
5561635
5561921
5562114
5563188
5564454
5564847
5565173
5565654
5565688
5565758
5568225
5570221
5574658
5576113
5579346
5579739
5580240
5581300
5581362
5581457
5581733
5581735
5582599
5584481
5585122
5585345
5585540
5585803
5586203
5586618
5587140
5587228
5588389
5588659
5588771
5591058
5591837
5594722
5594983
5596603
5597634
5598553
5599843
5600138
5602072
5603182
5604148
5604248
5604271
5605984
5606876
5607290
5607874
5610956
5611219
5611277
5612325
5612713
5612803
5615733
5617487
5618086
5619114
5621418
5622028
5625905
5629125
5634575
5636614
5637295
5637465
5637653
5637984
5640268
5641320
5641557
5642050
5642764
5642872
5643933
5645042
5645622
5645909
5646126
5647125
5647473
5647533
5648050
5649064
5649224
5654223
5654280
5656615
5658430
5658833
5660031
5660802
5661155
5662336
5663156
5663380
5663468
5665652
5668152
5671309
5672209
5673557
5673774
5674525
5675188
5679573
5680116
5680862
5680920
5683537
5684388
5684554
5684583
5684992
5685526
5687289
5688047
5688855
