18
1030
2651
3547
4374
5032
16934
23819
27703
29762
29860
30201
30257
30417
30731
30786
31035
31273
31402
31527
31635
32131
32303
32315
32422
32660
32782
32810
33062
33581
34111
34511
34979
35182
36421
36452
37142
42455
43352
44826
45036
45419
45539
45654
45848
46064
46153
46231
46329
46693
46992
47147
47626
47766
47803
47837
48062
48063
48396
48563
48721
48936
49053
49129
49159
49245
49247
49309
49336
49543
49574
49844
50504
50980
50984
51009
51890
52385
52906
55452
56092
57504
59721
62569
62847
65133
66121
67538
67816
67902
67924
69119
69321
73203
73818
74086
74142
74414
74604
75242
75735
76005
76244
76297
76366
76391
76631
76991
80116
80653
81778
81861
84263
84529
85237
85246
86681
87018
87315
89539
89694
90233
90416
91200
91285
91499
92753
92789
93675
97080
99372
101473
101776
102762
103393
103899
104257
105299
106005
107219
111863
112291
114438
114916
116428
116706
116764
116999
117394
117447
117536
118167
119429
119696
120460
120850
121651
122156
123056
123390
125356
126123
126943
127717
129041
130115
131946
132471
134900
136386
137709
139016
139998
141279
145135
146085
146391
146738
147248
147722
147751
148078
148220
149208
150184
153498
154268
154963
155567
158103
158105
158827
159446
161892
161896
166052
167255
169646
169991
170420
170616
171554
173428
178770
181482
183611
183693
183886
187945
189253
189513
193620
197009
199003
199346
201530
202937
204241
207221
207600
209514
209621
210132
214219
216325
216375
220062
221225
221485
221901
222217
222935
223237
223598
224081
226187
227531
227780
228143
228200
229782
232599
234754
236502
238777
238824
239422
240126
240381
243905
244568
244637
245100
250533
251037
251177
251228
251819
254479
255006
255978
257198
257742
260725
260837
261732
262411
265277
265688
266300
266390
266981
266987
267475
268211
268983
270533
271398
271493
272503
273022
274283
275948
278124
278358
279290
279957
280040
280392
282229
283657
283863
289109
293149
296621
298002
300098
307072
307479
309595
311187
311551
312124
312341
315486
315963
316237
316894
318490
319033
319164
322830
322834
323594
324073
324239
325070
326504
326717
328562
329455
330582
330790
332204
332269
333507
333774
334351
334985
335257
335266
335717
337589
337828
337873
338196
338954
339267
341000
342451
348001
349385
349569
349909
350264
351800
353486
353579
354731
354828
355157
355747
356300
356812
356905
357327
359490
360776
362298
364672
365265
365648
365667
365748
366193
366213
366763
368122
368469
369696
370745
375001
375102
378402
380091
381102
381887
382609
382900
383157
383220
383667
383947
384521
384832
385201
385207
385243
385328
385347
385473
385508
385992
386458
386571
386831
386941
387447
387451
388003
388011
390041
390715
391294
391822
392233
394001
394430
394474
394556
394772
395106
396517
397920
399000
400796
403135
403535
404027
406545
407241
407836
408316
409495
409729
409897
410073
410151
410226
410279
410533
410554
410569
410610
410742
411519
411655
412315
413215
415071
415550
415609
415869
416024
416476
420370
420549
421192
422099
426470
427641
428893
430665
431736
431754
432230
434345
434346
435042
439616
440140
440581
440910
441102
441334
441872
441965
442284
442805
443397
443427
444214
444956
445029
445360
445374
445587
445757
447411
447518
447690
447881
448612
450004
450182
453862
453874
455048
455781
457031
457913
457949
460672
461494
462279
464715
469417
470733
475503
475540
475641
475722
476203
476263
476543
476619
476666
476823
477439
477526
478062
478097
478204
478213
478390
478440
478735
478737
479515
479615
480990
482959
483242
483261
483327
483476
483511
483514
483596
483697
484739
484748
485387
485471
488915
489765
493895
495451
496213
498243
498887
499805
499833
499892
500312
500722
500979
502528
503094
503313
503358
503433
503545
504405
504425
504502
504623
505962
506014
507441
507463
507783
507979
508032
508374
508470
508808
508996
511839
513447
518954
519420
521274
521477
523829
523832
524627
525162
527339
527693
528895
529369
529883
529977
531789
532404
532785
533616
533693
535021
535126
535798
535933
535960
536057
536997
537186
537533
538446
538585
539228
539537
539653
540160
541419
541672
542794
543601
543644
543890
543993
545722
546290
549588
549653
551375
552251
553084
553306
553603
554706
554763
555710
560420
562674
563365
563589
565384
565898
566099
566457
569012
569072
570578
570613
571054
571641
573051
574587
574886
576233
577556
