582
1683
2899
4798
6589
6906
8266
8909
9867
10078
10341
11488
14866
15068
18007
18079
19867
20012
20999
23861
25314
34246
35829
37284
37787
38927
41835
42113
42980
44121
44283
44308
45279
45663
46075
46231
47054
47514
48522
48817
49159
49269
49443
50370
50407
50669
51244
52451
55149
55613
56608
57395
58644
60651
60684
61746
62791
62909
63782
64253
66319
67037
67228
67347
67692
67703
68335
68573
68814
69158
69259
69556
69930
70506
70994
71382
71767
71819
75851
77197
77801
77888
78439
79080
79139
81936
82502
83138
83294
85537
85734
87175
89986
90152
90349
90575
91127
91870
93189
94440
95605
95616
96026
96768
98336
99265
100306
102068
104792
107392
107833
108263
109413
111378
114103
114547
115286
116822
117707
117905
119057
119585
122469
124207
124994
126273
126353
127033
127129
127351
129241
131213
133241
133999
134731
135914
137543
138769
138830
139134
140597
141181
142113
143101
143680
144235
144704
144752
145314
145467
145668
145727
145796
146079
146434
149361
150078
150178
151368
151592
151850
152548
152828
153557
153805
153917
154563
155110
156322
162155
162326
162361
162759
162794
163583
164275
165372
165632
167706
167758
168464
168906
169187
170614
170652
170661
171303
171628
171687
171956
172429
172731
173263
174042
174193
174392
174521
176648
177561
177983
178065
178164
178185
179030
180033
182279
182704
184129
184293
184698
186767
186832
186919
186941
188507
191184
193903
195931
196984
197311
197660
198354
201479
204532
205093
206752
211277
214551
215361
216183
216793
216924
216993
217256
220609
221542
227508
230405
231004
235882
236091
236679
236969
239503
240880
241455
244795
245130
247155
248948
249808
250566
251426
251923
254704
255378
255426
256112
256314
256500
257098
257426
257842
257955
259922
260005
260616
261746
262311
263644
264557
265201
265519
265555
266505
267376
269162
269520
272105
272465
273534
275427
275706
285066
286076
286318
290305
291242
291431
291808
291924
294150
294251
296325
296510
297461
299754
300195
300356
300793
301422
302510
302538
302585
303087
304732
307150
308828
309448
309755
310319
310518
310618
311030
312103
313329
313333
313453
314750
315084
316277
316760
316825
316938
317086
321826
324227
324645
324738
324763
324828
325100
325424
326008
328172
328269
329384
333580
333967
334299
336315
337428
337471
337494
338123
340133
340252
340629
340654
342009
342042
342427
342614
344034
346035
346041
346245
348199
348316
349155
349359
350571
351824
352442
352744
353311
353692
356982
357642
357826
358499
360611
363647
364021
364322
364964
371608
372370
373280
373410
375076
375328
375611
376010
376130
376256
377065
378852
380832
382049
382561
383046
383053
383308
383598
384290
384590
384877
385360
385534
385568
386379
387763
389970
391147
391173
391260
392076
392215
392823
393061
393576
393628
394731
398665
399102
399918
400869
402568
402649
402769
407165
407317
407475
407661
410153
410199
411081
411132
411884
413459
419371
419726
420554
424106
424549
425751
426005
427880
428703
431411
431468
431930
432205
432816
433096
436393
436664
437218
439465
439514
440025
440108
440262
440498
442766
444524
446512
449782
450062
451709
451899
453193
454451
454694
455432
456550
456843
457239
457359
458158
458986
459065
459513
461295
461573
462050
464733
464994
465126
465901
466590
467144
473329
473683
474419
474584
475003
475474
475851
476668
479075
479404
479772
479831
480442
481591
482632
483234
483638
483735
484798
486908
487370
487410
488137
489890
490830
491335
491876
493919
496839
497668
498933
499290
499932
501389
503566
506441
512518
512724
514224
514729
517116
518100
518587
520146
523474
524631
525206
525929
527549
529285
534709
538241
540851
541553
548308
549705
552509
554900
555412
555871
557189
557272
557647
557782
558001
559158
562814
564653
567504
568712
570758
573351
575604
577877
580066
580321
584042
585968
589239
590036
590660
590767
591093
591622
592137
593060
593674
593946
595087
596309
596555
596724
597537
597644
598301
598399
599065
599883
600152
600740
600935
601176
601429
601534
602163
604874
605056
606755
607122
610097
610139
610858
610880
612361
612511
612641
612985
613142
614967
615309
616484
617582
617617
618443
619328
620845
622584
622948
623225
623428
624601
624832
624963
627881
627934
628591
628895
631134
632181
632485
632972
633453
633672
633853
633924
634336
634841
635130
636557
638005
638979
639178
640403
640507
641892
642222
643003
644213
644868
645039
645164
646082
646211
647728
649375
653581
654250
656577
657059
657725
657742
658084
658997
659184
660363
660391
661328
663378
663489
665323
666763
667165
667184
667281
669199
671476
672399
675071
676214
677166
679203
680257
681841
683694
683762
683869
684543
685066
685353
685515
685973
687705
687814
687997
688322
689644
692304
692461
692665
692822
692863
693170
694189
694310
694568
694685
694704
694941
695340
695792
696477
696489
696577
696595
697367
697986
698591
699326
701343
702043
702745
703018
703090
703206
703406
704484
705561
705801
705816
706288
707780
707818
708419
710413
710456
713062
714306
714557
715303
716994
718087
718337
718501
718886
719887
720048
720454
721486
721535
721891
721919
724816
725258
728234
729114
729969
730709
731748
732171
733321
735313
738011
739116
739460
739474
741388
741628
742697
743475
744732
746497
746853
748982
750237
750263
751542
752410
756055
757333
758077
758851
758887
759409
760146
763450
764729
765296
766340
769441
770676
770708
770855
771311
772205
772292
772895
773101
773509
774280
776909
777055
777890
778177
779061
781464
784878
785031
787275
787590
788051
788380
791363
791487
792338
792413
793155
795612
796476
797275
798007
798779
799354
800313
801806
803294
806023
807641
808953
811874
813782
815442
817592
818155
818434
818518
818606
818942
819118
819659
820524
820929
821571
821750
822251
822539
822943
822993
823084
823563
823764
824060
824295
824375
825027
825307
825369
825599
825755
825875
825916
826045
826061
826188
826231
826236
826583
828487
829614
829857
829992
830242
830291
830652
830875
831297
832252
832474
834601
834755
835050
837330
837786
837999
838413
840574
841047
842289
842531
844044
844047
844165
846906
846999
848079
848289
848974
849023
849893
851128
851641
852278
852828
853723
853735
854415
854885
857175
857412
858102
858893
859617
859887
859953
861434
862071
862324
862398
862555
863201
863713
864278
865657
867433
867495
867825
869638
870229
870700
871291
871569
874699
875489
876631
877321
877562
877576
878360
879267
879488
879554
879845
880062
881249
881409
881486
882944
883577
883788
884178
884521
885637
886198
886621
887068
887362
888904
889004
890411
891747
892128
892793
892869
893319
893469
894070
894140
894288
894524
895107
895184
896160
896524
896678
897216
897483
897541
897620
898460
900296
901089
901443
902364
904228
906014
906307
907082
907120
908206
908553
908774
909066
910180
910503
911566
911783
912905
912966
913124
914132
915576
915952
916123
916538
916802
917459
917946
919301
920023
926054
926524
928284
928650
929029
930155
931801
932246
932769
932974
933510
933540
934036
934054
934373
934876
935286
937063
937306
937672
938666
938790
939082
939770
940064
941515
943075
943111
943146
944479
946308
947350
949302
949904
950096
950785
952295
952451
954274
954471
955510
955783
955917
956053
956116
956526
956690
957718
958306
958310
959459
959640
965597
968115
969830
969997
970392
970470
970620
970678
971095
971810
971944
972446
973306
974852
975279
975445
975869
978082
978628
979468
979634
980269
981311
982184
982576
982580
983005
983180
983216
983395
983712
984840
985518
985663
986037
986173
986655
987992
988861
990637
992294
992487
993430
997982
999847
999997
1001050
1001142
1002797
1003791
1005717
1006419
1006527
1007650
1008610
1010219
1011602
1013417
1013624
1016473
1020064
1022432
1023336
1025029
1025828
1025937
1032606
1033046
1034379
1035074
1036599
1036925
1038117
1038376
1038667
1039113
1040227
1041147
1044695
1045320
1045387
1045571
1045677
1046523
1046528
1047409
1048220
1050291
1051419
1054820
1054999
1055043
1055238
1055302
1055376
1055660
1055834
1056187
1056670
1057051
1057864
1057986
1058113
1058414
1058462
1058705
1059040
1060053
1060502
1060635
1060857
1060875
1061061
1061069
1061117
1061119
1061149
1061304
1061841
1062465
1062472
1062836
1062842
1062871
1062972
1063558
1063978
1064179
1064505
1064538
1064912
1065159
1065282
1065561
1066024
1067177
1067562
1069382
1070453
1070543
1070987
1071085
1071244
1071523
1072708
1073010
1073063
1073293
1073371
1074203
1074214
1074845
1075072
1077523
1077916
1078477
1079092
1081018
1081673
1081823
1082046
1083151
1083207
1083986
1084078
1084862
1084868
1085200
1085649
1085900
1086120
1088877
1091625
1093825
1094027
1094375
1094823
1095308
1095949
1096887
1097080
1097351
1097639
1098593
1099133
1099226
1101868
1101920
1102078
1102262
1102509
1102527
1102547
1103245
1103730
1103848
1105131
1106800
1106995
1107138
1107226
1107599
1107692
1107743
1108086
1108307
1108349
1108750
1108903
1109002
1109062
1109142
1109308
1109708
1109851
1110166
1110216
1111119
1111293
1111615
1111796
1112354
1112387
1112987
1113211
1113315
1113527
1114028
1114176
1114931
1117904
1119011
1119438
1119906
1120267
1120547
1121213
1121314
1121481
1122519
1123092
1124287
1128115
1128236
1128242
1130446
1130749
1131995
1132716
1133212
1133522
1134223
1135764
1136825
1142555
1143722
1144452
1144848
1144937
1145790
1147183
1147393
1151367
1151545
1152419
1154742
1154745
1156455
1156907
1157142
1157149
1157179
1157680
1158076
1158400
1158858
1158862
1161704
1161848
1163425
1163725
1163804
1166436
1168179
1169162
1169182
1170148
1170414
1171017
1171073
1171264
1171382
1171661
1171936
1174156
1177912
1180872
1180890
1182188
1182617
1185152
1185467
1186057
1186293
1186543
1187117
1187797
1188182
1188302
1188425
1188486
1189174
1189369
1189633
1189841
1190081
1190136
1191244
1192351
1192465
1192734
1193233
1193620
1193755
1194509
1195006
1195174
1195560
1195650
1197367
1199556
1199823
1200103
1200506
1200735
1202942
1203239
1206119
1207521
1207741
1208204
1208734
1209030
1210725
1212881
1213104
1213494
1213940
1214422
1216672
1217508
1217987
1218671
1220612
1221414
1221956
1222056
1222480
1222760
1222789
1223269
1225195
1225680
1225760
1226216
1226754
1227921
1228874
1228884
1229235
1229661
1231936
1233725
1234495
1234976
1236625
1237455
1238250
1238301
1239017
1239370
1240126
1240286
1240712
1240979
1241142
1241914
1243785
1243904
1245112
1245520
1246022
1246055
1246205
1247139
1247513
1248809
1249481
1249632
1250219
1250412
1251058
1251779
1252966
1253444
1253715
1254295
1254365
1255481
1255875
1259401
1260613
1261626
1262495
1263140
1263309
1265505
1265746
1266198
1266688
1267015
1267313
1268789
1268808
1271476
1272507
1274879
1274944
1275184
1275586
1275741
1277980
1278356
1279021
1280416
1280512
1280559
1280699
1281206
1281374
1283460
1285245
1285321
1286041
1286214
1286293
1287011
1287059
1287332
1288017
1288398
1289159
1289764
1291368
1292064
1292754
1293127
1295026
1296475
1298142
1300228
1301970
1302422
1303596
1304151
1305436
1306310
1306323
1308538
1308792
1308912
1309582
1309786
1310575
1310710
1312696
1313056
1315660
1315712
1315724
1317170
1317376
1317423
1317567
1317588
1317628
1317653
1318535
1318627
1318633
1319625
1319963
1321885
1323469
1325123
1325458
1327720
1328483
1328701
1328764
1329402
1329600
1329844
1330562
1331366
1331368
1335196
1335876
1335948
1337372
1337797
1337885
1341622
1341809
1342158
1342364
1343021
1343091
1343485
1344594
1344733
1346898
1349054
1350370
1351465
1353073
1355862
1356004
1357090
1357125
1358891
1359617
1359701
1360150
1360236
1361675
1363103
1363854
1364327
1366227
1366338
1367727
1369069
1377663
1378464
1382154
1385003
1385153
1385783
1387212
1388318
1390107
1394024
1395216
1395587
1395827
1396205
1397826
1397952
1398515
1398762
1398765
1399197
1400339
1401564
1401642
1412445
1412894
1414838
1416016
1416296
1417630
1423922
1424650
1426295
1427170
1427948
1429043
1429194
1430750
1430920
1431745
1432094
1432375
1432519
1433190
1433830
1436047
1436652
1437516
1440029
1440610
1442859
1443358
1443961
1444348
1445886
1447679
1448169
1448206
1449040
1453249
1455259
1456615
1457359
1457402
1458067
1459673
1461099
1463323
1464228
1464403
1466231
1467286
1468530
1468537
