235
955
1396
1987
5274
6162
6792
8200
8554
9084
9150
9243
9662
10344
10542
12668
14561
14874
15840
16139
16146
16289
17068
19726
24441
25000
28722
36082
36241
38939
42358
42982
43902
46412
48220
49341
51159
51588
52907
53837
54582
57387
57589
58147
58934
60852
61317
64184
64781
65632
66070
66129
66795
66838
67189
67255
68553
69680
70691
71056
74023
74293
76796
77038
78134
80082
82280
84121
85391
85805
86973
88097
88395
92380
93837
94217
96264
98546
99643
101088
103659
104537
106506
114643
115240
118360
118503
120149
120278
120952
121489
123573
125081
126518
129593
130441
132919
133007
133633
133929
133975
134843
136243
136749
140315
140490
146342
147841
148209
148564
149652
150067
151112
153470
153831
154485
154782
155873
157667
158646
159508
160354
162128
164690
169859
172777
173931
175400
178275
179023
179840
181476
181591
182460
183205
184576
190902
191289
197225
198257
198564
198971
199025
200648
201783
203957
204845
205991
207162
208751
215037
215219
215913
219302
219437
219893
220418
220752
221516
221833
222617
222987
223878
225172
227104
228063
230343
230869
232176
232434
233621
235190
236306
239000
239776
240389
242387
243076
246281
247254
249629
255182
257487
259849
262017
262692
262853
263282
263971
266810
267875
271168
272326
274967
275523
276263
277493
278588
278723
280263
280707
281149
281976
284687
286862
287574
288913
289835
289944
290191
291949
294732
294996
295727
297827
298877
300417
301528
302253
302910
305635
311261
313472
314965
316741
316742
317047
317095
317661
320278
322167
326984
330163
330572
333464
335018
335471
335809
336433
337207
337319
339442
341606
343690
343928
347746
350071
350076
350177
350274
353194
356001
356814
359265
359983
360478
360883
361198
361256
361853
365985
366423
368259
368463
369034
371874
373080
373698
376188
376522
376727
377257
378294
381560
384109
386125
387380
390678
391277
392836
393057
393231
398000
399139
400969
401553
402877
403441
405630
406418
406427
411459
411906
412346
412735
413745
414127
415970
415997
416013
416692
416968
417242
417774
421258
424519
426512
427155
428664
429862
430067
434612
435561
436062
436766
436987
437030
437287
437486
437713
438221
438411
438528
441040
441885
442628
443399
444944
445467
445672
445694
446115
447151
447207
448141
448249
448277
450645
451626
452096
452368
454366
454426
455741
456270
457848
457977
458086
458719
460194
460483
461754
462532
463332
463375
463463
463607
465455
466735
467345
468672
468950
469177
469384
469396
470907
473318
475248
476966
478144
478474
478510
479796
481899
481991
482323
482697
482746
486387
494422
495401
495493
496022
496959
499899
501657
502950
503212
503669
503862
505834
508416
509360
509361
509836
511022
511126
511552
511564
511930
512352
513583
514216
514401
514550
515022
515101
516829
518100
518711
518864
519265
519500
521504
524612
525047
525915
527794
527931
532900
533101
533475
533731
533960
534341
535167
535459
537003
537428
538803
540061
541249
541881
542915
543040
543940
544065
546268
548282
550691
551242
551661
552271
552310
552340
554633
555558
557775
559837
561135
561834
562564
564811
566545
566640
567757
569152
571658
571863
573094
582963
583802
584314
586458
587309
588367
589400
589801
590794
591062
591438
592691
595000
600875
602607
603526
604506
607302
608576
609535
610678
612946
613009
613880
613986
614560
615009
616893
617207
617546
617560
617902
617992
617999
618610
618952
619094
619202
619436
620090
620175
620820
620917
621082
621658
622653
622656
622728
623690
623808
623810
623838
624161
626541
627354
628289
628780
628873
630043
630676
631012
631025
632751
632844
634178
634569
634582
634702
635328
635695
635940
637481
639217
639401
639451
639749
640149
640251
640827
641049
643641
644432
645197
645310
645447
645519
646234
647363
647707
647848
649201
651897
652158
652564
653174
654062
659792
662745
663218
665641
668115
670633
670833
671358
672428
673959
674895
675681
677496
678146
679892
680270
680928
682614
683987
685565
687020
687457
688497
688566
690097
690411
690944
694324
695027
695900
696283
696663
701247
701951
702408
703216
703316
703563
704070
704580
704621
704770
706311
707161
709943
712001
712386
712404
712909
713941
714134
714716
715469
716047
716756
716961
718295
719721
720085
722279
724109
724998
725293
725562
725792
726166
726179
727733
728550
730833
734922
735292
735418
736449
736961
737471
738208
738399
739115
739934
741847
742905
743085
747475
749598
750615
752301
753539
754573
754744
755528
756073
761572
762179
765747
766462
766804
767940
772056
772670
777502
777774
779493
780775
785399
788094
789113
791175
792331
796634
797773
797786
801410
802666
804403
806941
807762
808665
809163
810759
810900
811486
813345
813674
815338
815439
816439
816506
816705
816870
817279
818629
821883
822099
828533
831367
833424
833640
835201
837109
839321
841874
842597
842715
844384
844894
844936
850905
853586
855218
857460
864905
867332
871759
872247
875681
877875
878082
878674
879872
880378
882152
883362
884080
884723
887468
890902
891038
894284
896363
897387
900221
901309
901356
901920
902384
903741
904404
904555
905542
905801
907404
907984
908336
909533
909568
911173
914162
915264
915668
916303
917312
919940
920119
923231
923543
924783
924931
924989
925040
925798
926353
926508
927689
928247
929127
929894
929897
934215
937300
937329
939091
939180
939371
939386
939494
940739
940784
941838
942258
943827
944525
945883
946394
946841
948246
949650
950160
950914
951674
953586
953863
954128
954531
958344
958946
959848
960239
960311
960729
965125
966027
967095
968269
968832
969900
970709
972313
972322
973125
974053
974569
974960
976571
978273
979538
982977
985082
987711
988247
988657
989031
989305
989318
991019
991724
993138
995188
995292
995579
995655
999142
1002624
1003835
1003977
1004598
1007465
1010423
1014675
1015304
1016956
1017447
1018203
1019367
1020739
1022363
1023917
1024286
1025543
1025716
1026869
1028400
1029414
1029940
1029955
1032553
1033082
1033768
1041242
1041440
1041821
1041906
1044971
1047669
1047721
1047847
1047969
1048607
1048915
1051722
1052866
1055564
1063902
1064868
1066859
1069241
1071683
1073923
1074460
1077360
1077513
1077942
1078133
1078366
1078426
1078595
1079803
1080416
1084647
1084741
1086825
1092249
1096776
1096855
1097082
1097807
1100556
1101319
1102600
1102963
1105707
1106462
1107155
1109737
1111205
1114185
1115052
1124909
1125607
1125612
1125692
1126764
1127658
1128194
1128855
1130106
1131101
1131717
1132422
1133922
1133968
1134197
1135149
1136188
1136259
1136360
1136405
1136788
1137086
1137527
1138546
1139332
1139374
1139568
1140237
1140396
1141077
1141372
1141674
1141876
1144860
1145093
1146692
1148385
1150825
1153067
1153140
1154650
1156154
1156302
1156983
1158074
1158172
1161388
1161896
1162184
1162537
1163838
1164095
1164336
1165792
1166565
1168855
1170379
1172069
1172077
1172755
1173682
1175238
1177232
1177262
1177329
1177485
1177691
1177772
1178307
1178310
1178972
1180045
1180681
1182669
1182768
1183255
1184679
1185625
1186376
1187537
1188112
1188363
1189239
1189302
1194779
1196029
1196118
1198298
1206099
1208087
1210643
1212430
1214494
1215326
1218443
1221300
1221435
1223723
1224880
1225239
1228576
1228865
1229208
1229936
1232562
1233250
1234979
1238426
1239568
1240466
1240949
1244904
1245743
1245945
1248712
1249596
1255529
1258164
1261147
1268986
1269595
1269809
1271137
1273069
1273961
1274100
1276841
1277204
1278613
1279027
1279233
1280044
1280465
1281652
1281742
1281783
1281867
1282285
1282329
1283640
1284019
1284323
1285092
1285379
1285972
1287138
1287250
1287547
1288038
1288302
1289733
1290378
1291435
1291446
1291764
1292125
1292465
1292653
1292664
1292689
1293256
1293265
1293973
1294110
1294506
1294640
1295210
1295774
1295960
1296633
1296733
1296955
1296985
1297001
1298033
1298497
1298514
1298563
1298948
1299364
1299533
1299550
1300241
1300365
1300926
1300973
1301480
1301943
1302403
1302649
1303074
1304155
1304943
1305052
1305585
1305909
1307532
1308357
1309124
1309601
1309837
1312967
1313080
1313130
1313484
1313946
1314238
1314951
1314981
1315613
1315923
1317669
1317693
1317871
1319202
1320219
1321316
1322105
1323261
1323907
1324020
1327044
1327421
1327490
1327961
1328028
1328382
1329104
1329186
1329653
1329687
1329753
1330120
1330740
1331388
1331706
1332300
1332460
1332596
1334350
1335141
1336377
1337507
1337761
1341040
1341191
1341369
1343003
1343576
1343800
1343822
1346663
1346830
1348950
1349529
1350771
1351261
1353198
1353840
1354308
1354400
1354637
1354866
1355003
1355243
1356034
1357112
1357281
1357724
1357938
1357948
1358064
1358492
1359004
1359459
1359709
1359827
1359911
1360117
1360477
1362151
1362209
1362361
1362364
1363028
1363554
1364157
1364356
1364742
1366539
1367074
1367610
1367691
1367719
1367929
1368087
1368215
1368476
1368824
1368925
1369594
1369836
1370016
1370077
1370504
1371088
1371581
1372216
1373724
1374334
1375179
1378090
1379520
1380470
1381379
1381955
1386747
1389777
1391100
1393289
1394929
1395683
1395958
1396439
1397341
1398903
1401192
1401200
1401543
1401596
1401984
1402425
1402760
1402913
1403038
1403094
1404887
1405232
1405264
1406715
1407546
1407764
1408245
1408483
1409587
1410188
1410278
1411530
1413163
1414952
1415228
1415451
1415583
1415644
1417810
1418648
1419215
1419305
1419506
1420366
1420958
1421970
1422741
1422837
1423286
1424095
1424167
1424251
1424358
1424624
1426926
1427359
1427379
1428706
1428979
1429092
1429406
1430852
1430974
1431477
1431754
1431937
1432705
1432741
1433027
1433697
1433869
1433976
1433994
1434019
1434760
1435285
1436134
1437278
1437976
1438479
1439733
1440733
1441397
1442089
1442576
1442766
1443186
1444103
1445393
1448093
1448159
1449565
1450029
1450656
1450806
1450823
1450996
1452160
1455097
1455408
1456449
1457644
1460481
1461592
1463440
1463989
1466404
1469415
1471685
1473477
1474065
1474973
1479586
1479722
1480668
1481637
1481785
1482736
1484145
1484359
1484648
1485102
1486021
1486529
1490236
1490751
1491201
1492269
1492553
1492853
1494126
1494996
1495737
1497439
1497540
1498311
1498667
1499267
1499584
1499700
1500089
1501964
1502166
1504974
1505680
1506162
1507538
1507616
1508596
1509779
1510849
1511012
1511533
1514330
1515025
1517288
1518022
1519185
1522449
1525261
1525790
1526292
1529174
1530302
1530668
1531193
1532099
1532536
1534108
1537023
1541834
1542702
1543133
1548326
1549127
1549199
1549293
1552396
1553853
1557661
1565252
1565752
1567286
1567820
1568122
1568696
1568863
1568885
1568950
1569068
1569551
1569771
1571223
1571967
1572428
1573423
1573620
1573735
1573790
1574074
1574165
1574636
1575437
1576011
1576871
1576888
1576908
1577473
1578960
1579226
1579662
1581104
1581238
1582367
1583181
1583548
1584470
1586824
1587190
1588971
1590297
1590322
1590371
1590452
1590496
1593724
1594413
1594826
1595347
1596917
1597485
1599338
1599842
1600885
1601337
1602275
1602495
1602972
1603019
1603046
1604959
1605196
1605674
1605913
1605951
1605957
1607882
1610092
1610127
1610664
1613360
1613626
1613965
1614393
1614966
1618678
1619575
1620123
1624857
1626861
1628541
1630570
1630933
1631332
1633781
1633797
1633832
1634864
1636774
1636864
1638057
1638459
1645080
1645094
1646645
1653911
1654750
1655468
1655966
1656766
1658242
1659455
1661985
1663166
1664581
1665045
1668453
1669433
1671201
1674233
1674668
1676084
1676245
1676655
1676920
1676940
1678396
1678565
1679057
1679687
1680238
1680682
1681231
1681604
1681635
1682914
1683013
1683146
1683530
1684437
1684684
1686650
1686719
1689459
1689876
1690714
1690891
1692023
1692480
1692694
1692830
1695439
1695544
1696039
1696523
1696985
1698355
1699517
1700368
1700467
1700520
1701485
1703082
1704527
1704751
1705839
1707318
1709552
1711012
1712044
1714255
1714634
1715205
1715908
1716792
1717276
1718816
1719161
1722420
1722974
1725603
1726735
1727336
1727612
1727891
1731395
1731822
1734338
1734796
1737576
1737592
1737790
1738250
1739751
1740721
1743181
1743709
1744231
1744560
1748569
1748653
1748931
1748965
1751208
1753118
1753721
1753765
1754023
1760606
1765733
1766677
1767806
1769064
1769347
1769723
1771657
1771789
1773201
1774968
1775765
1776270
1779632
1781123
1784645
1785576
1787869
1787935
1789697
1797113
1799289
1800211
1802369
1802595
1804425
1809952
1810533
1812100
1813392
1815158
1817228
1818320
1819306
1820053
1821228
1822880
1823062
1825929
1827018
1828288
1829309
1829496
1829623
1830783
1831186
1835299
1836485
1837495
1838628
1838725
1838742
1839030
1839379
1840666
1841395
1844370
1847021
1848470
1850969
1853039
1853050
1854357
1858978
1865997
1866603
1868384
1868971
1869267
1878062
1881649
1882120
1885594
1889341
1890227
1890464
1890495
1890916
1893315
1895155
1895485
1898238
1899909
1902419
1905153
1906166
1906784
1907018
1909578
1912399
1913816
1915748
1915932
1918214
1918782
1919241
1919770
1920028
1920408
1920414
1920485
1921195
1921319
1921502
1921805
1922250
1922393
1923038
1923769
1924056
1924650
1926093
1926799
1926879
1930357
1930739
1930963
1931973
1932324
1933146
1933510
1933543
1935485
1937277
1939721
1940728
1940810
1941617
1941726
1942088
1944812
1945845
1946344
1947784
1948198
1948970
1949531
1950374
1950880
1950962
1951632
1952518
1953381
1953487
1956291
1957212
1957816
1958169
1959436
1959787
1961543
1961617
1962553
1962596
1963077
1966042
1967007
1967174
1972733
1973495
1974623
1975116
1975504
1976101
1976317
1976329
1976507
1976661
1978422
1978605
1978689
1979206
1979798
1979931
1979996
1980086
1980977
1981179
1981965
1982211
1982231
1982667
1983208
1983328
1983948
1984563
1985123
1985232
1985462
1985667
1986439
1987137
1988430
1989036
1990036
1990045
1990418
1990851
1991535
1992090
1992356
1992730
1993851
1993864
1994705
1995329
1995398
1995462
1996704
1996972
1998954
1999124
1999308
1999664
2000035
2000578
2000671
2001185
2001869
2002283
2003331
2004472
2004552
2004727
2004962
2004979
2005839
2006076
2006749
2006983
2007324
2007456
2007519
2007896
2010325
2011437
2012201
2012587
2013603
2013966
2014126
2014612
2014892
2015012
2015529
2016224
2016560
2016886
2017377
2017746
2018062
2018310
2018347
2018486
2018864
2019102
2020175
2021153
2021215
2021494
2021869
2021971
2023106
2023307
2024813
2025190
2027727
2028423
2028575
2029387
2030355
2031828
2032299
2034125
2034515
2037091
2037310
2037657
2037841
2039758
2040510
2041025
2042344
2042735
2043247
2043728
2044715
2045508
2045846
2046560
2046892
2047631
2049379
2049825
2052179
2052728
2052920
2053419
2053851
2054067
2054165
2054525
2056203
2061686
2061777
2062096
2062365
2062502
2069029
2069287
2069357
2069580
2069685
2070121
2071473
2071522
2072543
2072560
2072741
2072808
2073054
2074307
2074825
2074984
2075257
2077908
2078910
2078926
2083577
2083922
2087271
2088681
2088771
2092548
2093555
2095730
2095903
2096237
2097268
2097677
2099848
2100334
2100885
2101036
2102967
2102976
2104548
2105148
2105557
2106313
2107340
2107708
2108752
2110000
2110891
2111120
2112152
2112971
2114154
2115704
2115818
2117921
2117960
2118743
2122243
2123977
2124496
2126544
2128178
2128785
2129104
2130113
2130790
2130917
2132545
2134636
2134756
2138054
2139316
2139393
2139587
2141175
2141855
2142131
2142174
2142254
2143247
2144143
2144453
2145861
2146390
2146449
2146930
2147516
2147690
2147784
2148148
2148315
2148766
2149237
2150768
2151154
2151510
2152184
2152939
2153483
2154566
2154806
2156116
2156276
2156357
2156946
2157040
2157186
2157654
2158172
2158553
2158640
2158789
2158977
2160683
2160711
2160871
2161387
2161667
2162033
2162051
2162640
2162731
2163644
2163794
2164667
2165008
2165697
2167643
2168183
2168382
2169559
2169617
2169907
2170356
2170459
2170473
2170561
2170748
2171396
2171853
2172452
2173497
2173636
2173821
2174603
2175118
2175721
2175856
2177291
2177824
2178808
2179235
2179910
2180128
2181111
2181174
2181671
2182231
2183923
2184065
2184491
2185544
2188260
2188290
2188528
2189395
2190032
2190383
2190461
2190667
2191458
2191475
2191555
2191567
2192886
2192971
2193167
2193958
2194089
2194993
2195837
2196057
2196924
2197038
2198167
2201490
2201701
2201876
2204444
2204890
2205311
2205480
2207598
2209449
2209668
2211654
2212874
2213343
2213561
2213627
2213675
2214151
2214256
2214394
2215573
2216200
2217596
2217779
2219810
2219871
2220346
2221651
2222121
2222300
2223298
2225589
2226233
2227383
2228049
2229043
2229344
2230215
2230426
2231480
2231652
2232151
2233326
2233650
2234334
2234581
2235371
2235459
2235633
2235928
2236138
2236355
2236591
2236782
2237003
2237121
2237725
2237769
2237827
2238082
2238553
2238908
2239289
2239539
2239577
2239979
2240042
2240711
2240881
2240897
2241042
2241398
2241625
2241691
2241846
2242213
2243552
2243963
2244374
2245430
2245719
2245860
2246382
2246932
2247163
2247332
2247439
2247749
2247758
2247833
2247873
2247906
2247965
2248579
2248695
2249024
2249120
2249687
2249891
2250100
2250113
2250766
2251479
2251493
2251746
2251857
2252084
2252245
2254398
2255271
2255334
2255919
2256030
2256440
2257178
2257698
2259344
2260186
2260277
2260392
2260877
2261754
2261779
2261865
2262114
2262494
2263194
2263319
2264370
2264734
2265489
2265985
2267337
2267545
2267549
2267783
2269184
2269671
2270512
2270666
2271394
2272699
2273333
2274717
2275573
2275651
2277864
2279898
2280106
2280679
2280859
2281172
2289084
2289203
2289757
2290817
2291169
2291224
2291582
2291968
2293180
2294404
2294762
2294852
2295293
2297442
2297606
2299004
2299203
2299726
2300100
2300240
2300526
2302998
2303544
2305016
2307146
2307478
2308137
2308881
2309116
2309245
2310074
2311660
2312539
2313765
2314430
2317670
2318092
2318405
2318410
2318749
2321124
2323493
2325299
2326442
2329304
2330374
2331177
2331976
2332890
2333330
2333480
2334495
2334942
2335320
2335654
2340232
2340328
2342959
2346760
2346822
2347645
2350439
2350557
2355537
2357209
2360505
2361766
2361962
2362178
2362579
2367214
2367955
2368000
2368015
2369226
2369643
2370686
2370962
2371789
2375326
2375729
2376341
2376801
2379674
2383611
2384878
2385020
2385229
2385241
2385882
2386151
2386482
2387349
2390533
2392450
2392847
2394992
2399927
2402482
2406191
2411293
2411468
2412882
2417994
2418426
2419872
2424049
2426352
2427254
2427325
2427781
2429442
2431741
2435300
2436535
2439064
2443255
2443584
2447286
2448946
2449421
2449443
2450277
2450661
2452234
2453031
2455856
2456813
2458581
2459083
2459642
2460122
2460189
2460390
2460508
2461425
2462190
2462639
2463025
2464146
2465672
2466447
2466641
2467239
2467249
2468464
2468556
2469162
2470035
2470996
2471032
2471119
2471229
2472140
2472463
2472580
2473027
2473754
2474006
2474531
2474928
2476361
2477120
2478917
2479682
2480960
2482633
2483936
2483996
2483999
2484078
2484404
2485328
2485796
2486051
2486293
2487748
2490127
2492489
2492987
2493266
2493576
2494780
2494817
2495534
2497807
2498072
2498727
2499295
2499625
2500363
2500433
2500601
2501128
2501538
2504782
2505014
2505310
2506198
2506442
2507416
2507436
2508299
2508317
2509324
2509850
2510615
2511626
2512479
2513659
2514030
2514430
2514866
2516244
2517779
2517823
2517953
2519329
2520303
2522165
2523949
2524073
2527165
2527780
2528015
2534716
2536208
2539905
2540318
2541745
2542223
2544050
2544126
2544747
2545091
2546476
2546838
2549492
2550811
2552018
2553701
2554028
2554620
2554826
2554890
2555499
2557001
2558185
2558785
2561582
2561636
2561968
2562956
2563841
2566725
2566810
2567348
2569807
2569924
2571334
2572033
2576904
2580011
2581439
2581823
2583020
2584418
2584547
2584988
2585199
2588280
2589304
2589612
2590092
2590472
2590879
2592493
2592719
2592898
2594001
2594044
2594150
2595246
2597584
2598071
2598560
2598657
2598987
2599599
2600325
2601429
2601970
2603369
2603695
2604174
2604668
2604883
2605806
2605987
2606020
2606181
2606672
2606795
2606803
2606809
2607850
2608458
2609208
2609490
2610223
2611549
2611798
2612151
2613454
2613516
2613551
2614079
2614987
2615281
2615513
2615526
2617614
2618771
2619058
2619158
2619732
2619778
2619971
2620056
2620341
2620507
2620578
2620775
2621138
2621376
2621740
2621826
2621972
2622032
2622413
2622593
2623430
2623562
2623798
2624112
2624120
2624154
2624161
2624221
2624706
2624711
2624958
2625114
2625496
2626854
2628747
2629154
2629366
2629549
2629969
2630041
2630342
2630717
2631442
2631727
2632367
2632917
2632919
2633153
2633494
2633582
2634335
2636238
2637432
2637718
2637812
2637865
2638274
2638378
2639071
2640521
2641552
2643047
2643316
2643731
2644902
2646146
2647715
2647909
2648618
2649114
2651190
2651806
2651915
2652213
2652449
2652657
2652710
2653087
2654097
2654863
2655532
2655888
2656102
2656491
2656777
2658157
2658779
2659342
2659714
2660051
2661028
2661045
2661394
2661976
2662323
2662380
2662418
2665285
2665831
2669221
2669624
2672896
2674086
2675311
2675913
2676206
2677186
2678860
2678868
2679098
2679105
2681599
2681627
2681711
2682319
2682668
2683518
2684175
2684367
2684557
2684608
2685799
2686093
2687642
2690560
2692859
2696023
2697777
2699369
2699670
2700598
2706722
2707303
2708772
2709444
2710105
2711073
2711147
2712268
2712764
2713852
2713942
2716289
2718082
2721048
2722063
2722235
2722741
2723427
2724976
2726298
2726370
2726694
2726895
2727721
2729809
2729979
2730606
2731320
2731490
2731719
2732015
2733656
2734063
2734178
2734815
2735568
2736407
2737299
2740736
2742437
2743489
2744079
2745576
2746697
2746699
2747005
2747948
2748147
2748712
2748727
2749372
2750645
2751266
2751795
2752242
2752324
2754795
2756136
2756192
2760301
2762205
2762520
2762701
2766084
2766204
2767909
2768262
2768351
2777000
2777220
2778145
2780002
2780811
2781101
2781549
2781764
2784408
2785722
2786603
2787920
2788997
2790548
2791820
2792542
2794373
2796698
2797587
2798614
2801143
2801683
2801956
2802687
2802763
2803101
2803102
2803966
2805363
2805472
2805784
2805798
2809209
2809907
2809939
2810188
2812460
2814127
2818816
2820193
2820803
2821344
2821394
2822085
2822088
2822489
2823080
2823148
2823715
2827106
2827152
2828500
2829714
2832268
2832914
2832936
2835687
2836546
2838470
2838902
2842402
2843052
2843124
2845866
2848163
2848541
2848913
2849424
2849906
2850962
2851019
2852293
2853013
2854993
2855122
2856668
2858021
2858798
2859662
2861073
2863656
2865043
2867907
2868092
2870918
2872700
2873081
2873372
2873377
2873719
2873779
2874097
2874392
2874567
2874900
2874998
2875176
2875756
2876444
2878727
2881086
2882923
2884272
2884496
2891856
2892594
2892986
2897196
2900049
2901499
2903433
2904605
2904864
2905281
2906315
2910045
2914499
2915075
2916462
2916865
2918306
2919512
2920226
2921779
2921916
2922443
2936742
2937756
2939585
2940291
2942486
2944096
2944734
2947458
2947830
2948862
2949464
2949987
2952524
2955756
2956314
2963356
2965270
2965281
2968581
2969632
2974240
2975721
2977848
2978224
2979115
2980427
2980764
2981190
2982111
2982414
2982774
2984585
2984794
2986846
2987287
2988383
2988489
2989194
2989198
2989664
2990959
2991226
2991909
2992335
2992538
2992713
2992753
2992881
2993094
2995235
2996179
2997456
2998443
3000520
3005267
3006246
3008326
3011576
3012654
3013683
3020975
3021012
3024540
3028235
3028556
3029381
3029853
3029995
3030079
3030200
3030961
3032583
3033355
3035466
3036665
3043970
3044484
3054225
3054846
3055698
3056009
3056722
3056736
3057487
3057497
3059383
3061004
3062576
3073756
3075217
3078125
3078695
3084995
3086167
3086737
3093021
3093800
3100993
3104263
3108043
3108825
3112115
3113277
3114409
3115281
3115799
3123770
3124558
3127330
3127430
3130209
3130612
3130760
3131270
3131888
3132482
3133545
3135791
3135923
3139214
3141980
3142349
3142750
3145768
3147049
3147808
3148441
3149623
3152088
3152930
3153868
3153968
3155040
3157721
3161192
3162403
3162670
3162956
3164957
3168429
3168571
3169548
3170834
3171635
3172220
3172473
3172722
3172834
3172849
3173310
3177267
3177360
3177956
3179167
3179196
3182620
3183941
3184065
3184120
3186359
3189917
3191470
3192281
3193290
3194322
3194369
3196981
3197740
3198443
3202404
3204007
3208019
3209318
3209445
3211351
3211734
3211937
3214298
3216069
3216243
3216940
3219074
3220870
3224243
3225133
3226079
3226509
3227122
3228425
3228854
3228982
3229219
3230495
3231093
3233419
3233901
3234048
3234478
3242024
3242566
3242905
3246257
3247032
3248417
3249272
3249378
3249878
3253022
3253373
3255030
3264079
3266740
