10426
11228
15908
16002
18554
18807
19804
20455
20477
24375
27062
28093
30284
30759
32156
35041
37571
39081
39112
41257
44020
46882
47897
50329
56904
59564
63716
65795
65896
69184
70390
75147
78535
80944
82556
82918
85183
85224
87303
88729
93407
97392
97785
100692
102503
107512
107732
110660
115309
116492
118267
118671
118717
121320
124720
126110
129007
129874
130414
133327
135121
135534
139004
139255
143938
144225
145646
150395
155682
156863
160533
160588
160900
164511
170862
171276
176785
183847
185013
185980
187413
188014
189168
190929
191464
193381
193461
200593
203873
204278
204686
205968
206782
211314
212629
215115
215757
218492
218561
226030
227097
228284
232228
233417
235874
237143
237406
237746
238386
241203
242006
242135
244655
246907
249274
250007
251160
251510
252514
259013
263474
266637
266760
268916
272478
275815
276161
277906
278718
284728
285140
288728
290862
293056
293658
301060
309469
311090
313952
314276
316138
318381
318786
328426
336387
336697
346949
349720
350330
352446
357956
358251
362921
363707
363734
368288
370029
370182
374200
380147
385903
387210
390142
392981
393099
396239
397467
399568
400698
404924
410766
414166
416044
418392
418827
420968
427785
427832
428929
429215
431854
432167
436837
437277
441524
442076
442439
442466
446784
447840
451541
452750
460846
461549
462105
472131
474572
475846
476938
477884
481939
484432
484686
484717
486348
501737
503383
503971
509021
509243
512503
513335
519433
520772
528825
530346
530783
535458
536801
538727
540845
543278
546090
546706
547399
556405
556612
558809
562296
564889
568107
568606
576658
577824
578606
583290
586679
586898
588381
590697
591632
600223
601833
608846
609756
609825
616934
617219
617366
618993
619476
619841
621208
623554
629444
629462
629666
630096
630664
631647
635672
638731
639167
641940
642551
644213
646791
648715
649442
652513
653280
654070
655525
659289
661323
661936
666573
666844
669600
669882
670628
671108
671124
671911
673899
679014
683282
685891
688412
688452
689459
690404
690968
693324
698190
699564
701353
703279
707138
709895
714711
717085
720039
721248
725654
726686
728234
730337
732210
732855
735820
736434
737326
739615
740124
740832
751988
753661
754234
754972
757197
760760
762391
773982
774474
775332
777372
780241
783280
783923
784260
784681
785501
787964
789615
790129
793762
794672
795798
795956
796863
806226
806344
806583
806697
808331
810308
811441
814055
815371
818851
820040
820182
821800
824781
826371
826500
827309
830163
832214
833021
835273
836399
836953
839159
840067
840355
840854
841743
842621
843887
844954
845895
845902
850257
850648
851000
851322
854441
854458
856141
856463
857089
858757
859609
859736
860846
861732
862132
864420
865099
865228
866229
866364
868531
868606
869549
870052
871098
872169
875004
875260
875822
876119
878275
878546
879590
880133
880935
883788
884183
886888
888464
889026
889594
889978
892357
898139
898928
899600
901793
902875
904778
905074
909631
909677
910148
910218
911573
912155
914944
915962
917367
920421
922765
926962
928336
931551
935277
935459
935610
936219
936674
937208
938168
941374
943543
943551
948548
954715
955784
955816
957902
958015
958020
960094
963774
964113
964581
965106
965356
965744
966948
968817
972737
973220
974402
981301
982233
982598
982671
983839
986927
989031
990308
995321
997834
1000015
1003056
1003135
1003255
1008878
1010843
1011467
1011493
1011977
1012109
1014046
1016518
1021668
1026970
1027273
1030533
1033717
1036219
1036963
1040454
1041611
1042948
1044610
1046100
1047183
1047979
1053087
1058034
1062127
1065658
1066514
1067860
1069997
1071065
1071551
1071597
1073345
1074601
1076433
1077008
1077672
1078636
1081038
1085828
1085952
1087454
1087591
1090013
1093823
1093996
1095326
1096580
1097593
1099246
1100414
1100803
1101711
1102394
1106913
1106945
1109131
1109686
1110849
1111186
1111811
1112119
1116413
1119615
1121232
1124335
1126420
1127542
1130592
1132098
1135094
1135269
1135644
1146698
1147736
1147964
1149969
1150372
1150402
1150995
1152349
1152547
1154470
1157227
1159420
1159570
1160310
1163199
1163393
1164272
1165897
1165919
1167709
1169576
1171548
1172247
1173895
1175272
1175409
1178916
1180702
1181357
1184766
1185807
1186559
1186910
1187032
1188060
1188629
1188736
1189035
1191463
1193988
1194910
1196233
1197629
1199331
1201684
1203233
1204250
1205262
1206127
1207497
1208193
1208990
1210729
1211931
1214884
1215110
1215963
1220720
1223112
1223242
1230619
1231708
1231856
1231989
1233410
1237642
1239793
1245295
1248330
1249284
1251031
1255414
1257090
1258785
1260100
1260857
1261219
1263128
1265203
1267506
1268081
1268450
1269375
1271686
1273523
1273789
1274263
1275290
1276178
1276839
1276950
1278590
1280933
1281026
1281273
1282182
1283810
1286084
1286925
1288030
1288553
1291619
1292671
1296402
1296589
1297248
1299228
1301355
1303462
1303571
1306361
1314627
1315282
1315346
1316970
1319238
1321459
1322904
1323073
1324901
1325526
1326951
1328190
1328526
1330456
1332019
1333449
1337984
1338219
1339337
1342278
1342378
1342756
1343698
1346866
1348227
1349297
1349590
1349720
1352572
1354018
1359760
1361726
1362765
1362784
1363050
1363340
1364051
1364356
1366018
1367322
1368132
1369259
1369467
1375737
1376647
1379663
1380660
1380746
1382093
1383234
1388785
1390929
1391104
1392556
1395019
1395291
1395357
1395382
1400031
1402858
1404261
1412160
1412207
1412213
1412515
1414574
1415392
1415543
1415551
1415947
1416938
1418725
1420373
1420780
1420789
1420999
1421000
1423450
1424684
1425498
1425734
1426122
1427847
1429960
1429971
1430051
1431208
1431971
1432141
1432274
1433288
1435990
1436054
1438701
1438961
1438964
1439052
1439210
1440771
1442469
1443913
1444140
1447627
1447863
1448257
1448329
1450670
1450729
1451866
1453785
1456771
1457262
1457937
1459471
1460072
1463181
1464284
1466139
1466354
1468314
1468753
1470787
1472318
1472961
1474101
1474440
1474878
1475139
1475362
1476265
1477471
1480374
1482260
1482464
1484135
1487125
1488109
1492102
1493995
1494457
1495529
1496492
1498274
1502480
1504987
1505141
1505418
1505702
1506840
1506921
1507448
1507551
1510719
1511401
1511656
1514849
1515301
1515368
1516365
1519402
1521126
1521836
1522601
1522669
1523871
1528084
1529797
1533603
1534051
1534337
1537304
1537657
1538632
1539529
1540815
1541481
1542048
1545010
1546788
1546974
1548567
1548644
1548737
1549168
1553110
1554569
1554879
1555580
1556705
1556721
1557236
1559580
1559898
1560538
1562748
1564190
1564240
1567713
1569539
1573316
1573494
1573668
1575585
1576067
1577420
1579763
1580277
1580509
1581366
1583060
1587367
1589094
1590419
1593266
1593315
1594030
1595458
1596190
1597196
1598476
1598549
1603650
1603868
1603988
1604923
1606941
1607060
1607208
1608850
1610631
1612256
1616475
1620646
1621221
1622227
1622734
1622941
1622995
1627320
1627634
1628808
1630984
1632914
1634175
1634906
1635269
1639778
1642834
1643145
1643466
1644349
1644880
1645792
1646257
1646258
1649078
1651978
1654382
1654595
1655019
1655935
1656264
1657453
1658673
1661191
1661282
1663066
1663890
1666128
1666793
1667298
1668729
1670073
1670198
1672709
1674205
1676325
1677944
1678042
1680590
1681633
1681961
1683110
1683195
1683871
1684114
1691619
1697144
1698165
1700719
1703278
1704628
1707119
1707245
1707316
1709173
1710379
1711468
1715590
1715823
1716249
1716883
1718407
1719184
1723910
1726872
1728472
1728507
1729880
1730947
1732644
1733298
1734283
1735158
1735734
1738376
1739993
1740234
1741066
1741364
1741791
1743661
1743870
1744646
1745492
1745831
1746162
1748007
1751683
1758177
1759082
1761018
1762820
1762996
1766777
1766813
1766949
1769425
1770311
1772443
1772819
1776892
1777397
1778979
1779948
1780705
1781302
1781780
1782138
1784802
1785655
1786564
1788600
1789832
1790362
1795409
1795788
1797536
1798743
1799387
1800384
1800678
1801784
1801853
1801928
1803366
1804582
1811308
1812329
1812482
1812714
1814118
1814234
1814587
1814725
1815336
1815551
1815716
1816550
1818309
1819014
1820373
1820452
1822039
1824108
1824330
1825190
1828830
1831034
1832496
1833240
1835101
1838086
1839365
1839381
1840428
1842504
1846806
1847622
1851401
1851924
1853937
1855640
1856409
1856429
1856801
1859049
1859452
1864059
1864139
1869479
1869772
1869865
1870143
1870883
1872573
1873434
1873931
1876091
1876263
1876275
1876403
1880415
1881182
1882342
1882553
1885180
1885935
1887763
1888220
1888565
1889087
1893779
1894530
1894569
1897378
1897889
1898845
1901339
1907162
1907416
1909056
1909416
1910032
1911125
1911182
1921810
1922105
1923031
1923515
1924990
1925319
1926753
1933255
1933519
1933673
1933688
1935133
1935614
1935850
1940214
1940560
1944031
1944042
1945667
1947794
1948250
1951474
1951973
1952895
1955059
1956188
1956270
1957439
1958787
1960387
1961445
1965353
1968032
1969845
1970404
1972800
1978646
1979138
1979392
1983803
1985542
1987210
1988250
1993330
1994490
1994499
1994734
1994921
1996515
1996596
1999004
1999503
2000410
2002277
2002650
2003099
2003327
2004353
2006219
2013599
2014054
2014791
2014973
2015122
2015585
2017626
2017676
2018254
2024926
2026032
2027185
2027551
2028194
2032003
2033052
2033851
2036669
2037128
2038278
2039729
2048320
2049025
2053027
2053223
2055225
2056355
2057754
2058009
2060748
2062636
2065026
2066221
2068676
2068950
2074686
2075084
2075438
2075981
2076034
2077934
2078509
2079356
2082181
2082549
2083855
2088185
2090371
2092081
2093282
2093658
2096928
2097011
2097697
2101750
2102629
2104429
2104508
2106290
2108190
2109604
2111585
2113720
2117439
2120336
2120950
2121826
2124525
2125750
2127423
2129372
2130400
2130523
2132683
2133041
2135014
2135990
2136497
2140375
2141350
2144008
2146346
2150951
2151369
2155277
2155992
2157187
2160409
2160738
2162401
2162703
2165152
2165885
2165972
2166699
2167413
2167900
2170534
2173462
2174495
2175586
2176179
2179790
2180616
2180999
2183829
2184603
2185221
2185383
2188634
2188811
2189295
2190108
2191820
2192820
2193171
2194300
2198066
2199939
2202673
2203778
2205976
2207139
2207317
2210420
2210458
2212528
2213274
2214043
2215047
2215248
2216561
2216929
2218459
2221587
2223433
2227012
2227368
2227689
2228053
2230517
2230851
2232616
2233671
2234693
2235208
2237353
2237995
2241606
2241873
2243205
2244939
2247522
2248693
2257438
2262420
2262854
2262855
2264070
2267236
2268228
2268256
2270662
2271766
2272611
2272841
2273222
2275707
2276431
2283218
2285555
2286605
2286609
2288707
2289670
2294092
2294197
2294390
2294512
2295459
2298911
2299258
2299471
2299846
2304837
2304875
2309153
2309828
2311302
2311618
2314413
2315739
2315812
2317831
2321659
2323023
2323524
2325535
2327998
2329106
2331059
2331326
2332007
2332911
2333018
2335751
2335834
2336137
2336793
2336804
2340547
2341041
2341150
2346528
2346883
2351615
2355972
2357272
2358397
2359738
2360759
2363567
2366165
2367705
2367903
2371136
2371166
2372620
2373325
2374560
2376096
2377155
2378444
2379926
2382873
2386544
2386831
2386952
2386974
2390665
2393247
2397906
2399626
2400008
2400858
2401185
2401465
2404446
2404927
2405263
2405521
2407508
2409646
2410100
2411808
2413597
2413885
2415303
2417881
2421175
2422179
2422796
2424220
2425797
2429064
2430104
2430383
2431765
2431984
2432475
2435347
2438664
2439499
2440240
2440735
2443192
2444191
2445588
2448269
2448271
2449752
2450899
2451704
2452713
2454695
2455068
2455931
2457147
2458011
2458417
2463896
2464071
2464254
2465116
2469101
2470047
2470225
2470635
2471585
2473064
2476197
2477211
2477965
2481464
2483962
2484091
2484941
2485688
2486736
2486953
2487964
2489785
2492083
2493385
2493541
2495235
2495841
2496966
2497958
2499132
2499212
2499805
2499892
2500909
2503744
2503943
2504555
2504949
2506829
2509893
2509902
2510690
2511259
2514858
2516703
2516891
2518679
2519457
2519732
2520925
2521060
2525190
2528028
2529786
2533874
2535977
2536582
2537083
2541539
2544133
2545379
2546459
2549379
2551867
2552336
2554673
2555240
2555708
2555976
2556260
2559027
2560990
2561018
2561331
2571691
2572861
2578944
2581439
2585923
2589492
2589795
2591470
2591804
2592336
2593625
2595264
2598537
2599094
2599783
2600519
2600947
2601658
2602056
2603868
2607631
2608442
2610478
2614082
2615786
2616242
2616333
2619264
2621320
2621583
2621983
2622191
2622508
2622547
2624207
2625637
2625946
2629113
2629290
2630402
2633538
2634719
2636834
2639005
2640568
2640683
2644824
2647110
2648005
2649482
2649485
2650128
2650876
2654127
2655235
2657108
2657295
2658973
2662271
2665279
2665287
2668009
2670625
2671236
2673068
2676328
2680658
2680690
2680865
2681634
2685323
2687068
2689693
2689865
2690224
2691580
2693580
2694156
2694365
2695494
2695660
2696563
2697982
2699781
2700675
2703121
2703498
2704142
2704749
2708192
2710074
2710769
2711175
2714194
2714926
2723526
2725168
2725917
2726012
2730262
2730960
2732033
2733798
2734534
2735520
2736618
2736660
2736889
2738544
2739672
2740816
2741149
2742083
2742088
2743301
2747144
2747923
2748778
2750945
2750954
2751456
2753482
2753548
2755236
2759026
2760034
2760580
2761012
2763430
2767856
2768872
2770961
2773889
2775486
2777441
2778637
2778846
2779120
2779188
2780130
2782224
2783758
2786851
2788096
2789048
2790692
2790895
2792213
2793142
2793307
2793312
2794549
2794580
2797293
2797524
2799324
2801478
2801920
2802202
2803411
2806931
2807947
2809338
2812114
2813960
2816056
2816433
2817590
2818658
2819127
2821706
2822770
2824181
2827064
2832380
2833207
2833589
2835599
2838980
2842295
2847263
2847512
2848265
2849736
2850460
2851836
2852382
2854982
2855006
2855552
2857121
2858648
2859666
2862073
2863132
2863705
2863750
2864154
2866061
2867288
2867738
2868085
2870889
2872080
2875616
2876815
2879345
2879533
2881179
2881598
2890826
2892272
2894794
2895211
2898780
2899285
2900676
2901486
2901521
2905024
2909021
2909579
2909706
2912252
2912292
2916032
2916306
2916376
2920124
2926374
2926849
2933825
2934779
2934808
2935954
2938504
2939121
2940655
2946355
2948456
2952318
2954610
2955121
2961560
2963005
2963362
2964104
2964345
2967595
2968786
2970214
2970247
2976895
2984235
2985010
2985115
2985935
2986565
2989201
2990946
2994291
2996082
2997693
3000089
3000644
3000919
3003776
3004574
3004781
3008468
3009580
3017808
3019736
3019936
3021835
3023174
3025495
3026361
3030039
3034986
3036198
3036456
3038064
3041537
3045212
3047988
3048846
3049735
3051218
3051279
3053797
3055884
3061753
3063133
3063261
3064072
3065682
3066044
3067109
3068120
3071897
3076029
3078458
3079648
3081051
3090793
3091679
3091709
3091755
3095359
3098057
3098745
3102713
3108031
3109177
3113791
3114820
3115261
3116201
3116478
3119712
3122696
3122850
3122992
3127151
3131839
3133745
3133829
3137320
3138350
3139050
3139074
3147302
3148867
3150452
3150776
3151480
3155084
3156123
3157422
3161629
3163097
3164084
3164440
3172025
3174152
3175317
3176586
3176797
3184926
3185693
3190019
3192185
3201092
3201225
3204880
3207958
3208673
3214734
3216553
3220848
3227877
3231741
3238969
3238981
3239689
3241629
3244733
3246261
3246714
3252024
3252034
3255331
3256626
3259364
3260485
3275612
3279043
3280061
3284189
3289227
3290329
3291634
3291773
3293252
3297897
3300285
3301064
3302188
3303848
3309890
3311952
3318523
3322384
3325343
3332356
3336296
3345264
3345335
3345587
3348680
3348882
3349677
3350243
3350920
3351915
3354055
3358003
3358869
3360300
3361605
3362112
3365647
3366243
3367104
3368752
3373668
3376372
3376702
3378184
3378429
3379388
3379954
3380441
3381087
3383914
3384083
3384178
3390281
3392358
3394883
3395562
3405961
3406436
3406564
3409228
3413011
3415424
3417250
3419408
3420798
3424667
3425243
3427646
3431593
3433715
3434243
3435232
3440560
3444350
3446997
3447032
3447472
3447960
3450630
3452843
3453173
3456238
3456472
3457362
3460345
3460527
3462332
3463776
3466303
3466414
3467892
3468521
3469362
3472103
3478750
3478944
3479372
3483723
3485937
3487290
3488478
3491715
3492338
3495475
3497942
3499534
3500860
3501263
3501753
3502011
3503422
3504543
3505406
3505971
3510880
3514635
3514717
3515539
3518914
3519139
3521643
3522800
3525818
3526646
3527193
3527330
3529665
3533120
3536429
3538296
3541140
3543128
3547472
3548008
3548780
3551994
3552272
3552826
3553423
3555539
3556486
3557769
3559600
3559665
3560763
3562157
3563938
3566210
3566328
3567783
3569414
3570116
3573088
3573850
3575042
3576366
3577940
3582756
3594606
3595293
3595883
3603230
3606321
3607636
3609156
3609865
3611134
3613976
3614265
3615179
3617954
3619880
3621269
3624859
3625460
3635007
3635272
3639320
3639890
3639949
3642168
3645659
3653839
3654455
3654774
3659373
3661196
3662264
3662410
3664233
3673145
3674935
3681364
3685783
3691654
3692351
3693852
3696549
3698206
3700856
3705464
3706787
3708276
3714328
3715764
3715978
3717139
3718261
3718492
3725253
3726614
3736990
3738888
3741029
3741810
3743124
3745503
3753858
3759906
3763311
3766558
3767950
3775256
3775672
3777533
3781433
3782284
3783323
3783860
3784665
3791055
3793610
3795392
3798231
3798569
3803098
3803442
3803756
3806146
3810271
3811733
3811775
3814277
3816898
3821168
3821289
3822044
3825843
3827588
3828959
3833363
3833379
3834022
3835355
3844078
3844971
3847387
3851054
3851641
3854548
3856006
3863596
3863902
3870967
3874649
3875427
3877737
3877955
3885793
3886173
3891203
3894979
3895489
3901612
3903134
3903346
3912584
3913310
3916844
3924739
3925603
3925651
3927324
3928190
3930461
3933057
3936249
3936254
3940732
3948647
3962863
3962922
3972235
3972792
3974318
3975059
3978673
3978816
3979415
3980161
3980725
3980961
3983460
3983471
3984042
3984062
3988471
3992271
3994575
3994611
3994931
3997708
3997899
4001022
4001154
4006254
4006422
4010291
4010506
4011809
4012472
4013492
4015615
4016434
4017854
4017884
4020216
4023023
4025263
4026077
4026155
4028408
4029407
4032002
4033902
4034213
4037894
4038593
4039554
4042298
4043541
4044175
4046706
4047093
4049092
4049308
4051890
4052626
4054992
4057088
4059667
4062872
4065843
4067174
4068051
4068837
4070080
4081797
4085991
4089895
4090384
4091188
4092451
4097266
4098626
4099186
4099608
4099917
4100966
4104380
4109967
4110995
4115232
4119536
4120623
4124259
4126780
4126886
4127797
4128372
4128603
4131015
4135978
4137894
4138125
4140133
4140365
4140802
4141700
4142113
4144053
4146004
4146503
4151724
4154647
4155842
4158263
4158346
4158777
4159845
4160602
4160735
4160790
4162459
4163068
4164531
4167385
4168245
4170357
4173057
4174769
4174864
4175012
4184621
4185185
4188439
4192392
4193861
4213668
4214103
4217256
4219317
4220844
4222501
4228112
4229114
4229237
4231789
4235747
4236580
4240826
4243182
4245037
4247779
4251534
4251625
4256633
4260225
4260917
4265201
4268892
4269248
4273201
4274111
4278535
4279455
4282078
4283800
4285658
4286299
4287928
4288603
4289651
4289899
4293094
4293901
4294534
4296382
4298813
4300105
4301588
4302167
4303855
4303936
4311551
4311876
4313258
4317540
4319866
4320362
4324360
4327285
4330446
4330778
4335323
4336847
4337502
4340140
4342917
4345106
4345657
4352345
4357537
4358144
4358435
4360522
4361524
4362278
4363897
4371484
4374318
4376225
4377942
4383408
4390536
4393376
4397872
4400126
4400277
4403268
4403292
4403401
4404326
4404538
4406047
4406194
4407223
4412796
4414577
4420010
4420489
4420684
4422868
4425026
4425777
4427096
4427919
4434724
4435448
4437095
4438082
4438409
4440403
4440776
4444492
4449196
4451058
4451710
4452976
4453406
4455633
4456602
4456805
4463751
4467963
4468238
4468606
4469190
4471379
4472453
4484185
4487168
4489129
4493270
4495258
4495285
4498845
4501701
4503009
4503985
4504959
4508073
4510795
4511543
4512084
4512327
4514358
4514626
4515525
4517458
4517795
4526697
4527514
4528967
4529194
4529625
4531023
4532944
4534747
4536072
4536103
4537359
4537523
4544448
4545837
4546470
4547090
4547674
4548865
4549281
4554740
4556114
4559834
4561124
4561299
4562792
4568241
4569745
4576498
4580906
4583460
4585240
4586129
4587547
4588215
4600068
4600472
4601954
4604018
4604420
4608264
4611275
4611358
4614802
4616149
4617866
4618681
4620628
4625099
4626256
4627818
4628403
4629782
4631167
4632700
4634262
4642064
4642253
4644450
4645978
4646534
4646767
4647273
4650822
4651153
4653731
4655367
4658093
4662373
4662791
4664453
4666161
4667025
4668566
4669060
4669226
4671965
4673144
4673695
4677878
4680984
4681777
4683242
4683702
4685220
4685494
4685581
4686420
4690695
4692390
4692835
4696808
4697973
4699963
4701296
4702621
4705618
4706626
4711317
4712488
4714039
4714722
4714916
4715071
4715296
4715758
4717100
4721525
4723791
4724893
4730363
4730997
4732317
4733040
4733258
4734264
4736595
4737728
4738575
4742878
4744024
4744904
4746370
4747927
4751558
4759765
4762361
4771767
4772734
4773599
4777540
4784150
4787370
4789203
4791927
4796368
4799463
4809437
4810628
4815015
4823613
4830984
4831466
4833779
4834477
4836926
4839759
4840273
4841366
4847807
4852848
4855208
4856352
4857338
4858294
4860178
4860316
4860465
4860744
4862154
4865334
4866589
4868725
4869450
4870975
4871739
4874919
4882798
4883610
4888024
4890558
4893560
4894737
4899301
4905354
4905538
4905847
4910765
4912778
4914024
4918715
4918971
4921053
4922107
4922871
4925326
4926124
4932087
4932429
4932469
4937196
4938593
4939257
4940778
4942551
4946732
4953237
4955593
4956782
4956887
4957160
4959775
4963155
4966096
4966502
4967452
4970537
4971806
4976163
4982562
4983652
4984304
4988074
4988395
4990088
4990433
4990462
4990625
4990890
4992481
4993369
4993864
4997278
4999630
5000922
5007331
5009825
5010010
5010825
5011734
5020262
5025782
5029431
5031967
5043626
5044163
5044468
5044848
5044979
5045283
5045725
5048483
5051284
5053046
5053861
5054179
5054895
5057875
5058707
5058757
5062611
5063905
5068402
5072292
5072866
5073226
5079595
5082438
5085221
5085783
5092735
5093300
5094240
5094602
5096383
5097960
5100115
5100179
5100283
5100671
5102143
5102885
5103264
5105855
5106889
5111155
5111240
5113950
5114339
5116274
5117965
5118156
5121548
5123042
5123127
5125181
5125421
5125480
5128248
5130986
5133200
5133449
5133483
5133970
5137129
5137184
5139298
5139354
5145030
5147662
5148889
5150771
5151312
5151867
5153031
5153305
5155744
5161709
5161995
5163858
5164948
5165221
5168519
5170561
5172240
5172840
5177162
5177538
5177994
5180277
5182246
5184606
5189517
5190387
5193372
5193480
5203673
5204070
5204353
5206800
5207086
5208019
5208438
5217112
5217160
5217543
5222087
5222329
5224193
5224313
5227632
5230867
5232466
5233906
5235698
5236477
5241056
5247253
5248890
5250269
5250333
5251483
5252856
5254537
5257641
5260803
5260914
5263774
5265157
5267154
5269983
5270678
5271148
5274207
5276732
5286804
5288478
5289215
5290499
5291070
5291151
5291959
5296406
5297221
5299207
5304928
5307233
5308256
5309308
5311857
5315118
5317518
5321507
5324515
5330379
5333725
5334490
5336434
5336561
5337150
5343232
5344162
5344968
5346060
5346275
5348465
5350053
5350459
5351238
5356385
5363446
5366029
5366846
5368103
5368403
5369417
5369782
5369798
5370652
5370737
5372335
5372824
5373104
5374364
5374404
5376109
5379062
5379785
5380784
5382139
5382895
5383934
5384175
5384816
5385901
5390448
5390525
5394547
5395179
5395789
5395989
5396076
5397008
5400105
5400614
5408937
5410059
5411323
5414901
5416152
5416222
5419529
5420153
5425562
5432646
5436906
5441731
5445164
5448973
5450259
5450298
5451483
5451499
5453440
5458605
5461058
5465535
5465536
5467597
5467833
5468931
5470569
5476729
5485882
5487223
5487744
5489302
5492254
5494120
5501541
5502405
5508240
5510156
5513813
5514983
5516445
5518219
5518230
5519621
5521799
5523140
5526635
5530809
5531564
5532637
5536039
5536668
5546905
5547806
5548449
5548561
5549331
5552317
5553256
5555897
5559766
5561982
5562141
5563859
5566769
5567539
5568587
5569168
5569412
5570589
5577378
5577809
5581662
5582282
5582317
5584581
5588710
5590734
5591115
5591454
5595757
5598043
5598188
5600262
5601323
5607127
5611312
5617031
5622390
5622810
5625724
5629037
5630611
5630660
5632979
5633796
5634053
5634831
5636208
5637440
5638281
5638443
5639269
5640342
5649209
5651165
5651457
5652475
5652890
5654816
5655749
5656764
5657773
5658193
5659442
5660266
5660388
5661033
5664011
5665181
5667270
5674618
5676820
5677942
5678498
5680268
5680751
5681362
5681619
5684587
5685496
5686827
5689928
5690673
5691583
5691610
5691672
5691674
5691856
5692291
5698441
5699573
5699996
5701246
5702934
5705114
5706819
5708461
5713802
5714460
5715627
5717333
5720683
5721396
5723631
5728425
5734567
5735701
5737673
5737939
5738783
5741913
5748208
5750575
5751992
5755626
5755660
5756026
5758605
5761514
5770262
5770370
5770806
5774431
5775118
5776953
5777053
5777762
5780526
5781489
5781718
5783143
5786779
5790392
5793511
5794751
5794917
5795530
5796262
5798271
5799469
5799528
5801737
5804596
5809077
5809504
5811125
5811196
5811542
5816203
5816803
5819444
5827158
5827191
5828254
5829699
5832319
5832353
5833010
5833816
5834095
5836692
5840203
5842177
5844646
5844725
5846147
5846291
5850147
5852560
5854322
5862022
5862265
5864374
5871153
5871163
5871921
5875371
5877094
5878013
5878406
5881751
5882580
5884212
5885410
5889823
5891540
5893155
5896055
5898240
5899005
5899220
5903644
5906196
5907769
5910065
5911721
5913629
5916812
5920186
5922828
5923807
5925099
5931742
5932174
5935916
5937475
5940079
5941925
5942994
5945249
5951081
5952281
5956524
5958331
5959467
5962295
5962921
5963182
5977526
5977846
5977976
5978455
5985845
5989603
5989917
5990669
5991016
5997913
6001439
6001453
6003367
6010067
6015987
6018711
6020901
6027186
6027233
6028894
6031149
6031255
6032227
6032653
6037573
6040576
6041446
6041685
6042784
6043386
6048906
6050284
6050588
6051781
6055293
6059228
6059324
6061849
6063905
6065198
6072518
6076208
6085527
6087197
6088626
6090449
6092177
6092318
6099866
6099874
6100477
6101691
6102080
6102151
6103854
6104824
6104996
6105093
6106468
6109366
6110882
6111181
6116351
6116550
6118184
6125120
6127619
6131486
6134710
6134752
6136395
6141798
6142053
6142360
6143255
6145978
6146239
6149139
6153542
6154242
6160473
6164832
6167709
6167886
6169077
6170755
6171610
6172435
6172817
6180961
6183995
6184278
6185534
6186652
6187718
6187859
6189954
6195719
6197395
6199971
6202768
6203128
6203220
6204743
6205258
6208817
6209920
6210949
6212399
6217450
6218574
6219120
6221363
6221520
6221707
6222284
6223354
6226670
6229559
6229575
6230500
6230717
6231723
6232285
6233102
6233639
6235743
6241426
6243366
6244417
6245837
6249650
6251357
6251377
6253322
6253766
6256769
6258868
6259342
6260004
6263470
6264430
6266420
6266432
6266513
6268595
6269241
6269783
6270190
6270866
6273026
6274601
6275136
6276172
6276658
6277595
6284104
6287501
6288536
6289196
6290553
6292347
6294301
6295252
6296460
6298225
6299017
6299677
6300044
6302249
6312029
6315354
6317859
6318623
6325726
6327896
6331174
6333862
6336653
6340073
6340501
6340583
6353344
6353643
6359798
6360122
6362660
6366710
6367060
6370690
6371747
6373372
6375622
6375921
6376787
6379536
6385299
6385430
6386154
6388968
6390588
6390623
6394193
6397559
6400794
6403142
6405193
6408131
6408334
6415185
6417065
6417235
6426078
6426339
6429979
6432003
6432572
6433580
6433628
6435886
6437647
6441857
6443031
6443890
6443932
6445943
6451750
6452442
6452682
6454120
6454438
6455417
6456237
6456720
6466088
6468097
6470658
6471168
6476659
6477580
6477978
6478978
6482492
6482585
6483572
6485182
6495440
6497042
6499417
6504881
6505574
6509635
6512256
6515118
6515391
6516702
6517306
6518890
6520923
6521922
6522074
6527387
6528920
6529539
6534497
6536493
6538782
6540938
6545096
6547912
6550229
6552315
6553502
6557130
6558074
6559926
6560514
6563896
6564536
6567928
6569343
6569458
6572166
6572776
6573118
6574171
6575387
6575532
6578870
6579170
6581906
6584213
6586714
6590405
6594317
6594367
6598451
6602424
6605328
6606244
6611577
6611630
6613714
6615740
6624337
6629067
6630942
6632778
6633249
6633805
6638337
6641797
6643487
6656448
6656485
6656571
6659909
6660947
6662955
6667249
6668188
6674828
6686928
6689967
6691872
6693743
6698818
6699906
6701873
6703233
6703840
6705077
6713222
6713560
6715530
6715901
6717609
6717746
6717822
6720369
6720698
6720911
6721574
6721856
6727098
6727163
6730410
6730900
6736983
6737279
6737988
6739423
6739819
6744226
6745512
6746630
6746805
6751001
6751240
6751979
6752788
6752887
6753037
6755395
6755481
6756516
6758415
6761529
6762268
6764063
6765338
6765938
6766896
6766991
6767649
6770726
6771713
6772397
6775097
6777994
6778049
6783947
6792137
6800104
6800827
6802554
6804023
6809046
6811550
6812641
6814033
6818169
6819082
6830570
6832213
6832313
6834170
6838352
6838539
6842206
6843392
6845950
6847031
6852191
6858432
6862903
6866308
6868259
6868511
6868861
6868995
6870509
6871280
6872050
6875846
6875926
6876055
6878498
6879785
6880197
6887349
6895766
6897866
6901941
6909348
6910182
6916424
6916493
6918809
6931360
6933479
6935205
6938556
6942135
6945536
6946555
6947648
6952255
6954902
6957799
6962125
6962271
6973248
6973555
6974831
6975345
6977377
6977973
6978018
6979146
6980643
6982716
6984156
6984885
6985069
6987580
6989387
6990135
6993359
6995858
6995952
6996589
6999450
7000566
7002094
7002503
7008320
7008981
7009478
7013425
7013581
7014497
7014648
7015432
7016215
7023696
7024504
7027322
7028375
7041255
7044568
7049124
7049611
7052851
7059092
7069976
7071796
7073121
7074822
7075675
7078242
7083440
7092381
7093804
7100843
7111180
7112364
7113829
7115650
7118368
7120251
7122797
7125572
7129176
7132446
7133989
7134749
7135078
7143989
7144635
7146813
7146925
7147755
7149464
7152222
7154848
7159469
7161561
7163622
7163707
7167612
7167911
7168820
7169183
7169191
7175797
7176998
7180374
7180378
7181032
7182998
7186325
7188082
7190461
7193630
7194148
7194905
7197301
7202095
7203450
7203982
7206756
7208132
7208372
7210102
7211440
7219141
7220822
7222731
7222866
7225275
7230860
7231133
7231342
7233956
7234154
7235457
7239850
7242944
7243483
7243578
7244596
7245424
7246243
7249623
7250388
7251477
7251988
7252208
7258122
7259788
7264150
7265391
7269638
7270276
7270805
7275538
7276388
7278693
7279073
7280839
7289437
7292927
7293906
7294159
7294986
7295416
7303422
7304275
7306741
7307433
7307450
7307521
7309637
7310779
7313336
7319398
7320526
7322906
7327058
7328329
7331048
7332179
7337274
7339980
7340356
7343759
7347022
7347771
7348105
7352001
7354640
7356170
7356203
7356561
7357251
7358558
7362304
7368328
7370970
7372014
7375704
7377614
7379727
7380891
7381057
7384973
7389438
7391140
7393835
7394252
7396705
7397875
7399258
7405408
7405622
7406542
7408064
7408538
7413801
7415079
7415194
7419747
7420458
7421273
7423023
7426192
7427996
7434734
7436619
7437978
7438412
7441061
7445595
7447322
7449360
7450145
7450488
7450728
7451526
7453516
7456130
7456302
7459224
7462895
7463519
7468981
7471721
7471744
7474304
7477898
7478732
7481628
7483397
7486846
7489028
7492283
7493408
7493535
7494656
7496571
7498744
7503281
7503660
7505150
7506543
7507309
7508895
7509729
7511654
7518898
7520667
7520687
7528718
7530056
7535480
7536453
7536544
7536985
7545680
7549206
7553675
7554577
7557167
7557311
7558297
7559805
7562682
7564899
7565092
7566389
7569955
7571443
7573139
7573154
7574791
7576921
7577211
7577548
7577589
7581318
7582689
7587398
7587991
7588024
7588102
7588927
7590027
7592009
7593350
7601812
7601910
7602060
7602141
7607679
7608504
7611137
7611677
7612641
7613097
7613296
7613477
7614021
7614285
7616894
7617437
7618715
7619303
7622019
7622223
7623739
7625954
7633552
7633825
7639029
7641856
7643087
7649440
7650662
7652475
7654287
7655402
7657723
7660160
7664902
7667526
7667533
7669543
7671899
7671956
7677029
7679523
7681487
7683724
7684807
7685899
7686268
7688506
7696276
7697390
7699203
7701776
7703087
7704605
7708744
7709411
7711546
7712196
7712898
7712946
7713098
7714353
7714539
7719644
7723218
7724720
7725794
7726606
7727205
7728683
7728831
7729003
7732431
7733953
7734295
7737136
7737336
7737469
7740879
7742034
7742370
7743846
7744219
7745102
7745785
7746664
7752900
7753325
7755441
7757222
7760766
7761128
7763831
7764866
7765248
7771361
7771620
7774512
7782356
7782359
7782537
7786238
7786960
7788464
7790306
7793907
7794944
7803323
7803867
7804255
7814513
7814797
7816446
7816697
7820086
7821087
7821989
7824261
7825131
7827103
7827652
7831463
7833944
7838153
7839866
7839983
7842661
7843801
7848782
7852721
7853513
7854318
7855765
7859123
7861344
7865592
7866450
7870128
7872799
7873161
7877673
7881474
7882556
7884478
7888377
7893229
7894996
7896798
7897373
7899252
7902100
7907871
7908730
7910337
7910475
7912476
7913038
7916025
7916907
7917349
7918720
7919672
7920989
7921848
7922909
7924193
7925468
7928525
7931553
7934633
7940903
7941103
7942068
7943011
7943547
7945281
7945768
7946503
7949838
7950133
7951344
7959797
7966355
7968010
7968143
7969758
7974003
7975612
7977973
7979789
7984689
7985558
7986292
7990042
7994847
7995747
8000410
8004685
8007020
8008191
8009173
8011369
8012964
8013953
8015661
8016135
8017855
8020644
8020983
8024724
8027357
8030694
8035291
8036179
8037095
8037871
8041782
8048682
8049955
8054434
8057305
8059383
8061863
8063694
8064729
8068248
8069235
8070609
8071833
8073581
8076279
8077400
8078051
8079996
8081149
8086549
8088307
8094066
8094942
8096900
8100610
8102826
8103206
8104388
8105776
8108157
8108166
8108880
8110169
8110775
8115582
8115600
8118242
8118522
8122392
8125249
8125606
8128411
8129832
8132903
8135255
8139834
8148306
8156072
8156467
8163670
8166282
8166667
8167084
8172126
8173911
8177523
8178613
8180102
8181258
8184808
8191251
8192522
8192527
8192945
8194344
8194778
8195911
8199488
8205352
8205379
8205405
8205883
8207894
8211072
8213969
8218137
8219285
8219638
8221554
8223262
8224958
8227166
8228220
8230931
8232422
8234673
8235224
8236180
8238782
8241438
8248219
8249438
8251037
8251269
8251847
8252286
8256534
8260018
8264260
8265161
8276258
8284442
8286829
8286891
8287658
8292656
8293264
8293323
8293489
8293493
8293755
8294898
8300711
8311845
8312518
8314372
8325571
8329125
8330096
8333779
8335215
8338206
8348355
8348657
8350622
8351500
8357244
8360401
8360974
8361660
8362290
8368413
8373821
8379397
8381718
8383065
8389190
8390953
8392636
8395197
8396968
8398654
8401800
8407796
8410189
8414616
8415069
8415952
8416753
8419699
8420375
8422680
8423261
8423940
8424223
8425626
8426747
8431591
8434151
8435457
8435901
8441082
8443078
8443241
8445298
8445327
8449650
8454370
8457531
8458534
8460482
8464495
8465393
8466312
8468958
8470274
8475038
8477245
8486434
8486664
8488468
8489466
8489879
8490175
8490631
8493283
8498019
8499086
8510683
8512136
8512767
8514702
8520417
8522378
8525849
8528287
8531014
8542811
8546620
8548687
8553450
8556668
8559174
8561036
8563472
8565962
8570129
8570554
8572264
8575407
8575713
8576090
8580183
8581620
8582260
8583749
8588856
8592318
8593424
8594890
8597339
8600245
8605667
8606464
8607068
8612719
8612750
8614738
8615442
8616793
8617248
8619242
8623641
8632760
8633615
8635008
8636832
8638943
8643873
8644878
8650604
8651128
8652569
8653899
8654396
8656912
8657302
8657839
8658165
8659467
8660391
