60
134
1207
3579
9563
12388
13244
14132
14379
14927
15973
16950
17401
17649
17840
17955
18343
18821
19437
22925
23673
25142
25410
25879
27380
27926
28800
30643
30747
30982
31016
32406
32998
33298
35064
35617
38298
39683
39908
40352
42926
43026
43975
44744
46036
48255
48806
48977
49194
49289
49428
49817
52373
54133
54629
54728
55500
57324
57895
58518
59347
61094
61240
61932
63909
64972
66231
66699
69014
69100
69225
69703
69897
70013
70908
71737
71852
72177
72870
74617
77086
78495
79115
79289
80518
81380
81692
82298
82670
83096
83133
85149
89290
89987
90026
90522
91761
92011
92873
95125
97195
97367
98079
98108
98668
98733
98922
99395
99430
99639
100001
100148
100289
101806
101910
105807
106840
107473
107695
109640
112036
114453
115303
116851
121052
121897
122328
122560
124972
126397
126587
126771
128289
128574
128832
128887
130199
131531
132246
135233
137607
139434
139596
139817
141850
141970
146369
148699
148717
149201
152721
154439
156553
157161
158028
158079
158155
158169
158915
159584
159862
160686
160898
163560
164362
164791
165062
167273
167844
168526
168968
169166
169413
170509
170544
170622
172264
172656
173668
174211
174355
175749
175769
176572
176743
177857
177912
177969
178073
178499
178549
178932
178993
179495
180387
180807
181694
182183
182422
182464
182757
182928
182998
183610
183828
184388
184762
185020
185171
185196
185666
185721
186634
186964
187112
188702
189013
190232
190737
191287
191316
191327
192530
192960
194102
194560
194683
195340
196109
196127
196394
197058
197083
197331
198622
199294
201761
202097
202510
203601
205919
206018
206360
208125
209691
211224
211458
212543
215780
220764
220796
227125
229650
230140
230714
230872
231511
232261
232400
232746
233466
233863
234383
234518
236431
236825
237468
237498
237710
238007
239839
240547
242125
243621
244324
245508
245946
246089
246225
246774
247372
248544
253420
253898
259633
260452
260976
265852
266517
267819
268065
268076
268680
271958
273794
275122
276119
276631
279250
282374
283189
283811
285579
286095
287899
289127
291023
292866
293994
294911
298221
299664
300782
302919
303191
303339
306095
308755
310502
311096
311300
311837
312332
312547
314378
315776
316018
317336
317850
318468
318481
318739
319413
320608
321260
321525
322013
322767
322804
323018
325513
325788
327880
328151
328477
328612
329134
329634
329923
331728
331857
332255
333428
334688
335245
336488
341318
341632
344532
344738
345837
347365
347903
348654
348945
350320
350808
350814
351161
351471
351537
351664
352090
352387
352697
354087
354145
354871
356691
358968
358980
359685
360829
366086
366373
366557
366939
372839
373199
374128
374356
374571
374945
377480
378791
379208
384661
384788
384987
386268
388252
388616
389361
390452
391289
392213
395121
395248
398746
398772
399393
399667
400553
401332
401374
402024
402155
405499
409071
410510
412145
412367
413793
414002
414373
414620
417220
417685
418834
419729
422176
422912
426094
427856
429151
429221
430267
432254
433646
434240
436996
437674
439184
440189
441387
441944
442364
442959
443078
443708
444823
445610
447052
447124
447198
447305
448663
449127
450699
451560
451715
452089
453107
453162
453284
454638
455141
455405
455838
457372
457861
458397
458517
459258
459527
460425
462735
462815
464647
464780
464986
468119
468389
471452
472325
475288
475692
477334
478425
478909
479005
480434
480478
481023
481064
481712
481747
482940
484974
485080
486296
487677
487964
489410
490714
493335
494036
496014
497145
499293
499777
500614
500722
504345
504677
506603
506762
507542
508050
508276
509240
512721
512741
512985
513177
514173
514609
514828
514878
515950
518875
519775
520755
523582
524419
526007
527822
529641
531262
532040
532824
539875
541890
542679
543407
544816
546724
548096
548951
549338
550540
551836
552000
552461
552480
554343
554829
554962
555529
555608
556438
557891
558142
559197
560212
560564
564235
564766
565361
567441
571558
571605
573855
575549
575913
576282
576330
577883
578125
583806
587479
587526
587773
589359
589914
590508
591603
592768
592830
593235
593319
593926
594308
595107
596266
596296
596459
596821
596866
597015
597401
597733
597939
598171
598625
599699
599923
601100
601136
601890
603140
604434
605097
606299
606597
608794
609224
610010
610939
611376
611531
613595
615446
615615
616272
620621
621080
624126
625480
626041
626508
627323
627413
628159
628436
628769
631112
631697
631721
632276
632285
632305
632334
632360
633240
634118
635238
635307
636773
638140
639056
639239
641645
642057
642864
643317
643688
643757
644019
644213
646616
646939
647154
648477
649173
650206
650808
651697
652027
653082
653637
653842
657220
659719
660645
661937
663135
663918
664830
664922
664930
665757
666139
666420
666690
667245
668769
669479
670457
670861
672660
677522
677804
679043
679910
680504
681039
681849
682551
682608
686474
686648
687598
688084
689640
691707
692510
694429
695633
697915
698352
698813
700349
701061
701436
702075
703506
704011
704267
706746
707079
707556
708305
708848
709867
710206
711594
711942
712758
712857
712930
713118
713597
713735
714333
714479
714551
716461
724923
727420
728953
729139
729832
731172
731976
733283
733704
734845
735039
737377
738457
738834
739455
740050
741978
742054
744025
745263
745389
746139
746414
746576
748372
749496
752469
755316
756645
757405
757525
758706
759599
763701
763929
764470
765112
765119
765446
766433
767120
767591
768044
768375
768490
769255
770187
770314
770475
770764
771172
771565
771753
771864
772013
772027
773321
774465
774568
774837
775023
775721
775735
775953
776328
776719
777654
777834
778837
779160
779180
779514
779740
779888
780123
780559
780601
780602
780939
781346
781530
781556
782115
782273
782924
783315
784202
784689
784856
785913
786099
786282
786428
786609
786851
786983
787090
787112
787144
787357
787566
787735
788295
789182
790420
790546
791412
791543
791559
793305
794056
794118
796518
798026
798161
798199
798314
798921
800348
801742
801793
802272
802792
802897
803161
803551
803686
805629
806042
806189
808759
808941
810340
811197
818554
820576
823216
824183
824188
824962
828628
829703
831177
833306
833455
833507
833900
834268
835709
836629
837701
837758
838523
839494
841132
841383
841891
842034
842634
843938
844912
845310
847718
849616
851419
852423
853514
855421
856511
857312
857674
857896
858189
862655
863731
863799
864789
867617
869006
869363
873603
873752
874319
875507
876763
877527
880865
883904
888328
890030
894378
894883
895552
896100
896370
897006
897541
897545
897750
898103
899996
902638
904248
904332
905745
908104
908565
908928
909117
909343
910922
911936
914129
914176
914360
916338
917382
918393
919725
922396
922792
922814
927265
927572
929413
947342
947538
947633
947717
952013
953754
957843
960301
961372
961697
961984
965439
967645
968051
968545
969007
969648
970156
975593
976147
976238
976511
977695
977854
977908
978136
978439
978631
979385
979410
981059
981274
981284
982067
982377
983293
983331
983612
984611
984874
985357
985464
985491
987184
987613
987757
988169
988603
988882
990779
990926
991896
992248
992389
993008
993392
994895
995038
995144
997414
997500
1000002
1000214
1000491
1000783
1000957
1001507
1001591
1001777
1001955
1002995
1003173
1003239
1003856
1004333
1004878
1005165
1005276
1005482
1005532
1005539
1005547
1005564
1005612
1006240
1006300
1009279
1009569
1010109
1010658
1010665
1010700
1011626
1012470
1013845
1014365
1015436
1027727
1030706
1031586
1033017
1034081
1034765
1035375
1036003
1036121
1037018
1037176
1037448
1037671
1038557
1039302
1041056
1042106
1042575
1043357
1044660
1045694
1045749
1045863
1046309
1046605
1046664
1046870
1048380
1049493
1052517
1053932
1054292
1056267
1056797
1057078
1059523
1060115
1060349
1060750
1060863
1061393
1061614
1062622
1063322
1063829
1064387
1064723
1065027
1067044
1067995
1068023
1070038
1070185
1071153
1073401
1075092
1077106
1078571
1078733
1079242
1084098
1086693
1087571
1088016
1093986
1096108
1099226
1100150
1101228
1104562
1105263
1105559
1105940
1106063
1107508
1108718
1108745
1109818
1113630
1114053
1114346
1114734
1114767
1114974
1116141
1116157
1116560
1116585
1116893
1117083
1118847
1119701
1120206
1125063
1125737
1127325
1128975
1129358
1130989
1131422
1131457
1131929
1132522
1133146
1133477
1133644
1136123
1136190
1136646
1137021
1138739
1140150
1141481
1141555
1141572
1141983
1144587
1144719
1145594
1146049
1146324
1146735
1147026
1149800
1150026
1150342
1150681
1151707
1151736
1152613
1152871
1153241
1153470
1153598
1154210
1154392
1154961
1156254
1157016
1157424
1157535
1157670
1158592
1159263
1159660
1159896
1160828
1161152
1161340
1162200
1162211
1162582
1162960
1163079
1165512
1166603
1166629
1167447
1168022
1168991
1169834
1170685
1170863
1175325
1175357
1176007
1176978
1177277
1177313
1178016
1178513
1178911
1179290
1181032
1181331
1181930
1182177
1182691
1183410
1183660
1184153
1184272
1184384
1187398
1187604
1188528
1191049
1191072
1192604
1193339
1195438
1195694
1195763
1197276
1199526
1200043
1200325
1200549
1200866
1201035
1207518
1208304
1210274
1214390
1214689
1215086
1222071
1223354
1224691
1224919
1224945
1227883
1228632
1228877
1229338
1230217
1230252
1230640
1232888
1234752
1235904
1236481
1238870
1239177
1243661
1245057
1245719
1248770
1250238
1250267
1250303
1251243
1252549
1256649
1259568
1261029
1262497
1263162
1263616
1269169
1272462
1275673
1275888
1277312
1277656
1279080
1279105
1279734
1280265
1280969
1284892
1285768
1288283
1288616
1289877
1292090
1292601
1292906
1293547
1293628
1295273
1295303
1296795
1297630
1298355
1299348
1301405
1303018
1303812
1304131
1308013
1308088
1308964
1312336
1313079
1313346
1313960
1314151
1314511
1314902
1315569
1317994
1324008
1325265
1326427
1326911
1328605
1340715
1340745
1343287
1343377
1344625
1345402
1347426
1348153
1352205
1352253
1354201
1354574
1354599
1355088
1357812
1360445
1364173
1364742
1372915
1373942
1374203
1376101
1376443
1376795
1378720
1386316
1390999
1391823
1400146
1409983
1410348
1411421
1412202
1412573
1416970
1417510
1420571
1421117
1423605
1426485
1428561
1429020
1432719
1433106
1433152
1433190
1437238
1437255
1439360
1439599
1440438
1441449
1441668
1442293
1445385
1447139
1448915
1455524
1455935
1456819
1457028
1458710
1459137
1459756
1461920
1462156
1463909
1465820
1468046
1470464
1473898
1474159
1476272
1476686
1476742
1479623
1479783
1480612
1480832
1480881
1481060
1481360
1483408
1489487
1491816
1491856
1498902
1500983
1501361
1502067
1502668
1506288
1506744
1506999
1507303
1507653
1509523
1510297
1512103
1513172
1514169
1514395
1515226
1515302
1515621
1515742
1516396
1516461
1516712
1516839
1516913
1517670
1517733
1517994
1518053
1518167
1518276
1520116
1520127
1520436
1520618
1521370
1521978
1522172
1522392
1522978
1524355
1524427
1524601
1525270
1525674
1526061
1526339
1526384
1527957
1528080
1528311
1528797
1528869
1528884
1529325
1530137
1530405
1530457
1530865
1530903
1531008
1531060
1531641
1532189
1532319
1532668
1532706
1533049
1533058
1533169
1533488
1534589
1536645
1536885
1537241
1537335
1538656
1539786
1540200
1540505
1541472
1541624
1542106
1542166
1544706
1544766
1545868
1546417
1546802
1547339
1548840
1548844
1550655
1551597
1551702
1551926
1554143
1554413
1555616
1555690
1555997
1556569
1556934
1557446
1557614
1557826
1559016
1559589
1559932
1560790
1560963
1562183
1562275
1563848
1565029
1565948
1567228
1569283
1569423
1569979
1570408
1571187
1572292
1572706
1573556
1574709
1574831
1576995
1578975
1580920
1581291
1581354
1582765
1584622
1584904
1585548
1586132
1586673
1586742
1587242
1587468
1588230
1588309
1588316
1589887
1590323
1590542
1591163
1592306
1593097
1593642
1594336
1594932
1595054
1595419
1595607
1596488
1598064
1598420
1598568
1598673
1598871
1599093
1601429
1603092
1603219
1603871
1603948
1603961
1605244
1605446
1605770
1606715
1607537
1607952
1608917
1609320
1610441
1611842
1612198
1613105
1613665
1614374
1614605
1617303
1617695
1621350
1621354
1623899
1625506
1626424
1626518
1627234
1628639
1630376
1630418
1630489
1630595
1631606
1631869
1632704
1633223
1635793
1635891
1637905
1638783
1639534
1639864
1639871
1640344
1640921
1641832
1642619
1642731
1642757
1643226
1643361
1643444
1643523
1643560
1643691
1644965
1645108
1645939
1646703
1646775
1646892
1647426
1648407
1649877
1650203
1651151
1652551
1652856
1653354
1653450
1655758
1660412
1662779
1664193
1664986
1665356
1665795
1666376
1671032
1673141
1676571
1677459
1678627
1678788
1680910
1681167
1681342
1681424
1681965
1682608
1683141
1685025
1685758
1688763
1688810
1689068
1689451
1689783
1691449
1691853
1692036
1692959
1694741
1695057
1701600
1705099
1705472
1705510
1706094
1706905
1707303
1711353
1714623
1715483
1715752
1718381
1718622
1719185
1720398
1720853
1726500
1727552
1729683
1729717
1730182
1730448
1735585
1735738
1735876
1736696
1737227
1741794
1745800
1746036
1749061
1750848
1752734
1756799
1759424
1762952
1767446
1771410
1771576
1771584
1771774
1772547
1773754
1774091
1774651
1774821
1775297
1775546
1775788
1776746
1777481
1777615
1777968
1778450
1778897
1779069
1779393
1779505
1779977
1780063
1780196
1780655
1780831
1781021
1782064
1782147
1782338
1782940
1783727
1783904
1783937
1784384
1784737
1784808
1785084
1785259
1785431
1785496
1785712
1785971
1786320
1786403
1786438
1786607
1786981
1787281
1787552
1787747
1787780
1787906
1788778
1788912
1788933
1789203
1789219
1789336
1789760
1789917
1790324
1790678
1790901
1791260
1791294
1791508
1791795
1791912
1792273
1792283
1792762
1793031
1793496
1793506
1793907
1793918
1794110
1794247
1794557
1794751
1794896
1795035
1795132
1795331
1795449
1795451
1795496
1795904
1796004
1796034
1797909
1798307
1798402
1798563
1798918
1798955
1799089
1799194
1799587
1799650
1799977
1799997
1800065
1800215
1800877
1801455
1802185
1802623
1802994
1803328
1805412
1806060
1806982
1807509
1807911
1808785
1810431
1811642
1813771
1815774
1817541
1817874
1817944
1818189
1820008
1822809
1822849
1822916
1824325
1824774
1824785
1825528
1825726
1826162
1826599
1827388
1827528
1828493
1828818
1830116
1830133
1832157
1832219
1833075
1834588
1836288
1837987
1838425
1838480
1838958
1839478
1840702
1843661
1843758
1844455
1845098
1845168
1848673
1848890
1849245
1849870
1852993
1853480
1853535
1854915
1856904
1858923
1859731
1860588
1861036
1862287
1862485
1865775
1866447
1867334
1869390
1870320
1871540
1872455
1872528
1872723
1872770
1873921
1875531
1875659
1875938
1876827
1878693
1878875
1879809
1880977
1881055
1881284
1882886
1884268
1885013
1885529
1886192
1886334
1887864
1887919
1888920
1889466
1892813
1894689
1894992
1895314
1895347
1895491
1895744
1897529
1900244
1901204
1902039
1903931
1904187
1904207
1904294
1904406
1904835
1905030
1905174
1906147
1906229
1907310
1908416
1909385
1909720
1910062
1910819
1912253
1912635
1913682
1913763
1915159
1915573
1916071
1917115
1918815
1920299
1920616
1920957
1921120
1921397
1921523
1923962
1924547
1924597
1925300
1925301
1925406
1925590
1925811
1925984
1926287
1926616
1927633
1929501
1929633
1929768
1931131
1934472
1935644
1936215
1936395
1937693
1939972
1940456
1940603
1940605
1940614
1941558
1941804
1944461
1946658
1949086
1949719
1949926
1951154
1951773
1952761
1955530
1956820
1957550
1957635
1957685
1959218
1959598
1959754
1960212
1960899
1965609
1965654
1966171
1966576
1966577
1966869
1967846
1968018
1968858
1971059
1972200
1973539
1973722
1974599
1975990
1976850
1977364
1978357
1980665
1983129
1983804
1983947
1984307
1984529
1985340
1986192
1986659
1986865
1988255
1989544
1989925
1990665
1993358
1994383
1995179
1995899
1996499
1997603
1998336
2000841
2002312
2006068
2008230
2008961
2008972
2012194
2013895
2014354
2015907
2016062
2016704
2016825
2018946
2020110
2020328
2020640
2020984
2021709
2023563
2023853
2024239
2024724
2027410
2027929
2028799
2029331
2031791
2031964
2032539
2033843
2035342
2036596
2036651
2037441
2037449
2037756
2038469
2039612
2040456
2040493
2040625
2041115
2041358
2041362
2041563
2041767
2042211
2042251
2042268
2043509
2043808
2044092
2044281
2044568
2044727
2044893
2045277
2045359
2045422
2045543
2047101
2047627
2047636
2048644
2048775
2049399
2049645
2049944
2050206
2050243
2050583
2050592
2051471
2052983
2053108
2053676
2054031
2054170
2054201
2054480
2054760
2054782
2054823
2055286
2055356
2055706
2056091
2056196
2056329
2056331
2056702
2057328
2058022
2058167
2058879
2059066
2059308
2059343
2060585
2061305
2062232
2062460
2062543
2062568
2062576
2063019
2064142
2064438
2065653
2065928
2067202
2067318
2067882
2068866
2069468
2069515
2070144
2070618
2071736
2072757
2073264
2073463
2074096
2074266
2074964
2075578
2076193
2076996
2077100
2078378
2078663
2079636
2080981
2081243
2081810
2082478
2082490
2083738
2083943
2084310
2084897
2085104
2085347
2085398
2085822
2087453
2087688
2089124
2089479
2089740
2090559
2090899
2091055
2091343
2091586
2091662
2091667
2092523
2092976
2093569
2093681
2093693
2093812
2093836
2094148
2094540
2094830
2094966
2095363
2095397
2095671
2097314
2098779
2099352
2100845
2101901
2101931
2101936
2102398
2102818
2104541
2104609
2105640
2105842
2105973
2106844
2107111
2107196
2107381
2107551
2107987
2108149
2108190
2108198
2108582
2108810
2108862
2109741
2109966
2110627
2111137
2111155
2111331
2112146
2112564
2112805
2112847
2113234
2113397
2113489
2113658
2115173
2115429
2116198
2116391
2117118
2117813
2118592
2118799
2119186
2119501
2119531
2119826
2120410
2121238
2121381
2121891
2122986
2123079
2123085
2123327
2123670
2123695
2123774
2123999
2124004
2124095
2124266
2124281
2124478
2124666
2124766
2124852
2124855
2125170
2125375
2125383
2125446
2125485
2125550
2125566
2125670
2125679
2125851
2125943
2126001
2126212
2126285
2126306
2126452
2126492
2126574
2126584
2126587
2126840
2126870
2126902
2127105
2127118
2127215
2127221
2127358
2127471
2127593
2127765
2128140
2128256
2128337
2128376
2128405
2128441
2128471
2128585
2128729
2128782
2128815
2128988
2129029
2129206
2129257
2129455
2129570
2129575
2129905
2130279
2130466
2130551
2130648
2130910
2131064
2131136
2131592
2131606
2132174
2132348
2132457
2132462
2132573
2132677
2132854
2132914
2133059
2133402
2133480
2133500
2133603
2134448
2134461
2134841
2134968
2134985
2135006
2135491
2135574
2135606
2135793
2136420
2136701
2136813
2136815
2137133
2137303
2137464
2137581
2137821
2138279
2138416
2138801
2139004
2139069
2139122
2139181
2139235
2139244
2139465
2139570
2139873
2140057
2140381
2140390
2140899
2140995
2141269
2141698
2141885
2142090
2142105
2142219
2142262
2142552
2142728
2143418
2143537
2143580
2143581
2144016
2144550
2144690
2144794
2145023
2145450
2145552
2145978
2146037
2146066
2146097
2146459
2146650
2146817
2147211
2147722
2147995
2148091
2148308
2148541
2148547
2148809
2149079
2149206
2149236
2149364
2149536
2149641
2149707
2149819
2150228
2150311
2150953
2151192
2151478
2151591
2151599
2152387
2152396
2152841
2153059
2153728
2154466
2154511
2154631
2154662
2154805
2155584
2155628
2155984
2156084
2156142
2156222
2156510
2156570
2156761
2156884
2156938
2157250
2157367
2157416
2157491
2158312
2158553
2158690
2158794
2159096
2159857
2160054
2160057
2161518
2161691
2162103
2162509
2162779
2162869
2163265
2163867
2164155
2164368
2164702
2164757
2165334
2166257
2166521
2166726
2166744
2166858
2167000
2168349
2168602
2168741
2169416
2169888
2170657
2171680
2172102
2172353
2172719
2173060
2173413
2174364
2175529
2175751
2175862
2176161
2177180
2177643
2177933
2178140
2178533
2178874
2179090
2179127
2179262
2179355
2179391
2179992
2180299
2180704
2181265
2181528
2181668
2182067
2182589
2183491
2183578
2184067
2184552
2184663
2184780
2184995
2185117
2185315
2185500
2185657
2186467
2186812
2187482
2187545
2187565
2189941
2190532
2191155
2191239
2191664
2192209
2192388
2193177
2193272
2193414
2193625
2193694
2193717
2195275
2195737
2196659
2197259
2198242
2198493
2198867
2199564
2199576
2199660
2200140
2200194
2200350
2200778
2201086
2201089
2201144
2201517
2203284
2203402
2203684
2203838
2203873
2204771
2204983
2205669
2206062
2206970
2207228
2207491
2208130
2208206
2208967
2209399
2210259
2210423
2210844
2211252
2211453
2211971
2213033
2213688
2213722
2213805
2214810
2214877
2214926
2216057
2216298
2217025
2217252
2218296
2220720
2221966
2223857
2226516
2226763
2229525
2229947
2231166
2236447
2236737
2237869
2241216
2241657
2241770
2241985
2244401
2245563
2246140
2246562
2247636
2247754
2250463
2254715
2255516
2255592
2256560
2256989
2258427
2260041
2260477
2260496
2263057
2263524
2264470
2264710
2264723
2264855
2264895
2265280
2265627
2267354
2268277
2268599
2269999
2270332
2270583
2272091
2272456
2272920
2273585
2273815
2274255
2277494
2281843
2282412
2287513
2287747
2287992
2288524
2289597
2290505
2290545
2290680
2291349
2291715
2292501
2293867
2294307
2294859
2294976
2296470
2297991
2298715
2298900
2298919
2299993
2300650
2300858
2301065
2302190
2303313
2304649
2305132
2308828
2309854
2312148
2312586
2313626
2315144
2316921
2318298
2319212
2320053
2320340
2323084
2327527
2329341
2329744
2330328
2330916
2331265
2332136
2332212
2332961
2333819
2336443
2337305
2337436
2339129
2346118
2346379
2349593
2351727
2352278
2353353
2353866
2354766
2359249
2361587
2364164
2366421
2367190
2368187
2368269
2368414
2369287
2370333
2371315
2371629
2372700
2372993
2373194
2373772
2373993
2375268
2375482
2375949
2377045
2377632
2378406
2379803
2380678
2382796
2383335
2383808
2384041
2384264
2384397
2384649
2384754
2384763
2385257
2385701
2386724
2386892
2387183
2387415
2387986
2388300
2388922
2390580
2391340
2392608
2393035
2393473
2394037
2396318
2397508
2397912
2401701
2401777
2401999
2402638
2402675
2403702
2403802
2406423
2409975
2410355
2410815
2411082
2413051
2413742
2415059
2415492
2416115
2417925
2420074
2420361
2420373
2420721
2423349
2423620
2423966
2424195
2426446
2428930
2430022
2431926
2432910
2433076
2433552
2433976
2434853
2434964
2435041
2435674
2435841
2436831
2438070
2439965
2442940
2443488
2443948
2443981
2445659
2445684
2451182
2454002
2456893
2457832
2458884
2459439
2460761
2463118
2464197
2464262
2464801
2468310
2468875
2472612
2472932
2473026
2473364
2473371
2473581
2474270
2482158
2482485
2483463
2483949
2484239
2484845
2485856
2486510
2486541
2487965
2489147
2489641
2491478
2492013
2493357
2495253
2497624
2499966
2500486
2503195
2503246
2503344
2504137
2504520
2506489
2507123
2507452
2508701
2510122
2510638
2511423
2514174
2517795
2518729
2519602
2521688
2524451
2525510
2526256
2527302
2527728
2527801
2529601
2530573
2530950
2537060
2537268
2537447
2538714
2539776
2540003
2541784
2542122
2542229
2542416
2544102
2548098
2549889
2551467
2551625
2552066
2552498
2553774
2554744
2555186
2555469
2556225
2556442
2556548
2557347
2558627
2559363
2559802
2560777
2563057
2563489
2563793
2564003
2564132
2564767
2564903
2565074
2567312
2567513
2568965
2569375
2569756
2570630
2571278
2572007
2573281
2573290
2573536
2573750
2573943
2574316
2574467
2574526
2574568
2575473
2575914
2575919
2576251
2577001
2578949
2579458
2581406
2584093
2586076
2586290
2588008
2588631
2590978
2592835
2594497
2597115
2597160
2597347
2597458
2598692
2599249
2599342
2599616
2600028
2600125
2600939
2602081
2602686
2603872
2603874
2604169
2604533
2604735
2605541
2606303
2607060
2608144
2608487
2609696
2614039
2615631
2616000
2620156
2623388
2624374
2624465
2624698
2626147
2626542
2626710
2628741
2629024
2629539
2630433
2631561
2631955
2632795
2632938
2633117
2633880
2634042
2634223
2635760
2636214
2636854
2637035
2637845
2640493
2643599
2645443
2648225
2648792
2649419
2649740
2650251
2651119
2653809
2656625
2658230
2658618
2659128
2659395
2662764
2663425
2664120
2664277
2665417
2665922
2666425
2666882
2667307
2667581
2668091
2669573
2669829
2669964
2671451
2672140
2672184
2672264
2672648
2672838
2672878
2673224
2673385
2674059
2674314
2675138
2679096
2680017
2681256
2685106
2687892
2688139
2690840
2691606
2692100
2692595
2694370
2695065
2696950
2697599
2701055
2701897
2702980
2704382
2704642
2705159
2707477
2707727
2709746
2711813
2712592
2712671
2712809
2713005
2713571
2713812
2714081
2714443
2718254
2718434
2718575
2720125
2720774
2720792
2721695
2721822
2721930
2724307
2726020
2726740
2726754
2727130
2727486
2727723
2728570
2730990
2732393
2732889
2733642
2733671
2739545
2739574
2741302
2741819
2743441
2743979
2744926
2745122
2745421
2745704
2746786
2749079
2749171
2749759
2752127
2753544
2753648
2754493
2758504
2758747
2758790
2759196
2762675
2765947
2767616
2770935
2773306
2775099
2776934
2779409
2779676
2779751
2780611
2784066
2786308
2787873
2789245
2789959
2792770
2794199
2795444
2798409
2800050
2800328
2800332
2801455
2808342
2808730
2812196
2813131
2814005
2816236
2816239
2816244
2816549
2823976
2824010
2825101
2826174
2826634
2826769
2826909
2827717
2828198
2831828
2833396
2833977
2834990
2835135
2835535
2835989
2836143
2837490
2837569
2838237
2838338
2838625
2840905
2842893
2850648
2852959
2854698
2854903
2855214
2856204
2858179
2858297
2860915
2861922
2862049
2862383
2862752
2863049
2864530
2865238
2866013
2867771
2877477
2878775
2880042
2880366
2881526
2881808
2887367
2889042
2889322
2891591
2891835
2893214
2893372
2893532
2896711
2896944
2897734
2898440
2899099
2899785
2900786
2901620
2902823
2903138
2903590
2904585
2906727
2906744
2910506
2910975
2910992
2911659
2913302
2913822
2914010
2915693
2916614
2917086
2917676
2917992
2918208
2922033
2923505
2924270
2924706
2926996
2928378
2928514
2928527
2928687
2932201
2933953
2935826
2936431
2939940
2940031
2940084
2942167
2942527
2943909
2944913
2946202
2946941
2947069
2948077
2948253
2949992
2950240
2950800
2952887
2952995
2953542
2954612
2955392
2957432
2958287
2958315
2959617
2960486
2960513
2960695
2960995
2961281
2961386
2961906
2962330
2964698
2965736
2966817
2969301
2969661
2971897
2972526
2973866
2974800
2975362
2976605
2977829
2978971
2980613
2981358
2982162
2982719
2983650
2984045
2986346
2986637
2987072
2990224
2991807
2992084
2992273
2992983
2994184
2996987
2997715
2999448
3000198
3000380
3000758
3001813
3005033
3007837
3014165
3016566
3016981
3017021
3017715
3018775
3020376
3021142
3021363
3023643
3025380
3027888
3029389
3031411
3032765
3032904
3033573
3034411
3034705
3034984
3035964
3036014
3036142
3037980
3037982
3038236
3039245
3039355
3039700
3040622
3040641
3041991
3042578
3042892
3044207
3046410
3046472
3046814
3048154
3048414
3049530
3050371
3055160
3055792
3058086
3060132
3061816
3064348
3064427
3066897
3069936
3071494
3072206
3073358
3075100
3075867
3079068
3079092
3080751
3081656
3082141
3082666
3083496
3083592
3084467
3085778
3085978
3086173
3089301
3089428
3089733
3090657
3092821
3093059
3093853
3094721
3095164
3095787
3098373
3098603
3100709
3100735
3101529
3102290
3103139
3103443
3107251
3107449
3108365
3108421
3108876
3109622
3116221
3116974
3117603
3119265
3120838
3120925
3121129
3121479
3123073
3123205
3123991
3125076
3127701
3127745
3128086
3129870
3129940
3130028
3130440
3130898
3131241
3132508
3134228
3134778
3135353
3135789
3138861
3138919
3139040
3139099
3139312
3139324
3139408
3143481
3143516
3144837
3145137
3146466
3146874
3147730
3148399
3149396
3151543
3151896
3152157
3154981
3155425
3155700
3156256
3157070
3157330
3159090
3159103
3162002
3162227
3162366
3162527
3162551
3162855
3163528
3163728
3164117
3164939
3165268
3166809
3167373
3167559
3167767
3168515
3169342
3169485
3169849
3169930
3170053
3170589
3170924
3178782
3179381
3180622
3181512
3182067
3183090
3183593
3184133
3184526
3185929
3187985
3188399
3190184
3191191
3191822
3191827
3191991
3192089
3193104
3193340
3194837
3195423
3196800
3197514
3197782
3197989
3198309
3198890
3201617
3203008
3203722
3204601
3204965
3205177
3205671
3206384
3208344
3209113
