1510
4710
5349
7168
7207
7599
7936
9567
12409
14642
18744
19444
20675
21324
21464
22319
24454
29609
31439
32410
33868
34515
38139
40933
42395
42478
42842
42917
45582
46009
47336
48046
54055
55984
56144
67247
67530
67834
68974
69116
70804
72080
73428
73503
74348
76465
76475
76626
77076
77133
77381
78383
78825
80804
81809
83361
83417
84957
86213
87951
88727
89473
89693
89868
90685
91603
92739
93116
93708
94853
94890
98156
102534
103623
103711
104914
105513
105953
106552
106739
107292
107811
107855
108479
110767
111063
111364
111377
111665
113289
113494
113919
113958
115380
116807
116958
117035
119977
121536
123720
123811
125505
126270
126460
127063
128208
129121
129276
129314
129747
131272
133528
135442
138485
139080
139083
139702
140614
145167
145366
145481
145692
145735
146515
147216
147979
148691
148808
149606
153371
154463
155836
156939
158566
158779
161301
161854
163020
165162
166604
166903
167170
167986
168563
168825
171037
171116
173023
174148
174323
175085
175777
175862
176928
179001
179418
179554
179584
180392
181502
182571
183776
183840
184654
185930
187213
189202
190675
190740
191585
191613
192087
192718
193101
193260
193807
194421
194620
195089
195275
196116
198112
198663
198905
200943
204081
205930
207730
210102
211302
211557
213176
213395
213636
214014
214250
214574
214662
214938
214977
215070
215864
217418
217940
220269
221794
223139
223502
223767
224575
226240
226981
228806
228950
229055
230663
231804
232188
232619
233015
233732
234194
235690
235893
235968
239950
240837
241704
242117
243908
244170
245671
247123
248142
248193
249267
251937
252689
253135
253544
254032
254203
254230
254634
254672
254716
255098
255215
255788
256397
256519
256846
256930
256953
257163
257786
258006
258370
258445
258509
258606
259473
259790
261714
261755
263669
263969
264457
264925
265080
265439
265827
270547
272218
273846
274312
274372
275595
275667
276217
276849
277591
277650
278491
279464
279571
282787
283174
283891
284900
286609
288772
288915
289315
290160
290290
292692
293420
294026
294188
294247
294607
295272
295795
298329
298455
299117
299379
300746
305963
307664
308177
308415
309535
309749
309870
310449
310642
311300
311347
311866
312204
312528
313463
314484
314942
316300
316484
316590
316916
317206
317598
319224
319521
319826
323715
323999
324417
324832
326602
326771
327018
327266
327973
328052
329974
330071
330195
330856
331284
331756
332279
333261
334785
334978
335785
336034
336156
338180
343084
343312
344212
346480
346565
347410
347424
347913
348100
349806
350786
351305
352108
354369
357960
358670
359101
359134
362149
362864
363092
367556
371284
371541
372019
372077
372631
372732
373195
373804
375461
376875
377363
379011
379422
379760
380385
382403
382858
383167
383618
385417
386364
386384
387668
389838
391181
391345
391973
394240
394881
395260
395978
398177
398958
399037
399817
401796
402743
404275
406985
407671
410532
413803
414059
414073
416721
417829
420088
420608
425598
425690
427820
429232
430516
432724
432779
433846
434570
438688
438724
439343
440097
440854
441224
441944
441999
444535
447171
448689
452043
457536
459924
462565
463189
463687
466596
466600
471386
473536
474920
476111
477090
480408
484239
484308
485189
485671
487159
488835
489114
489320
490122
490356
491234
493104
496521
497734
497783
498355
498700
499363
505277
506406
506697
506719
506895
512667
514225
516886
518860
519259
520236
521271
523144
523185
524872
525678
529710
530156
532924
536913
537071
538675
538821
538932
539656
539676
539866
540037
540263
540919
543699
544059
545536
545643
545715
546193
547689
548177
548189
549707
553173
553998
554965
555870
556431
558076
560291
561669
563672
564877
565577
568379
570202
570477
571811
572746
572857
573324
573940
574007
574180
577031
577251
578857
578883
579376
580212
580280
591698
592729
593652
594812
594903
596432
597463
598159
598925
601134
604076
604822
609679
613784
615863
617642
619556
619940
625827
633738
633755
635794
637803
639136
641603
642332
642920
643499
643778
646272
647363
647821
648856
649059
649785
650364
651173
651266
654138
654182
656210
656979
660873
662289
664219
667169
668909
676009
678824
680859
682024
683136
683896
684900
685006
686201
689140
693879
695032
695299
699113
703718
704305
705661
707259
708958
709996
710302
711916
713834
715553
716091
716334
717030
717382
718477
719443
719454
720348
720520
720959
721116
721889
724093
724600
724853
725970
727802
727855
727903
732818
733296
739875
741733
741827
741907
746183
747209
747780
748668
750155
750344
753326
753988
754396
755330
755385
757822
757912
759148
760393
761184
761414
762057
762742
766459
768403
769149
769188
772195
772269
774421
774599
776156
776717
781610
785314
785482
791898
793917
797933
802434
802477
804455
804725
806369
810970
814037
814279
815636
815705
816196
817674
818232
819736
820466
822038
822309
822644
823548
823849
824879
825580
827897
828415
828807
834223
834800
836163
838199
840238
844504
847842
848251
848307
849286
851182
853931
854578
855031
856885
859227
867745
869627
871530
872645
873495
874066
874232
875507
878607
879327
882315
884610
885749
886326
887393
888239
888680
889215
890928
891181
891532
893785
894279
897428
897452
899699
901111
905434
905884
908805
909564
910095
912359
912694
913717
920724
921016
924559
925582
925637
928508
930313
931990
933627
934751
935162
936074
936381
936687
937785
941146
942585
942615
946525
948224
949381
950884
952216
962187
964636
965151
968955
971952
975851
976213
976847
977344
977829
978041
978583
979423
980408
981018
981657
982292
983177
983348
985798
986480
989470
990250
991213
992805
995892
996315
997559
999382
1002402
1008523
1010663
1014159
1014479
1016008
1017928
1020260
1020811
1022865
1022883
1024276
1024819
1024836
1025252
1026419
1026750
1027636
1029671
1030834
1031334
1031757
1034669
1036568
1037302
1039539
1040113
1041471
1044497
1044589
1045217
1046004
1046036
1049243
1049930
1050738
1053948
1054498
1056324
1056456
1057453
1058280
1060727
1061948
1065954
1067022
1071457
1072926
1074496
1074857
1075047
1076071
1076245
1076476
1078772
1078920
1079191
1079311
1081371
1081689
1081831
1082139
1083951
1086053
1086804
1088253
1090707
1091774
1091993
1092212
1102542
1104367
1104506
1105560
1105792
1106594
1107866
1108144
1111604
1112257
1112957
1113033
1114243
1114304
1117237
1117309
1117441
1117710
1117906
1118606
1120739
1122066
1122181
1123499
1124102
1125427
1127757
1127959
1128428
1128554
1129032
1132566
1133021
1134979
1138347
1138835
1141880
1141881
1142301
1142588
1143486
1144536
1145091
1147076
1148571
1148812
1148963
1149779
1151124
1152569
1154274
1154589
1155610
1156404
1159104
1159219
1159935
1165150
1166488
1169362
1170986
1175858
1176006
1176228
1177351
1177881
1180174
1190399
1190452
1194494
1196495
1196695
1199073
1199432
1205223
1206277
1207078
1208630
1211889
1212473
1213164
1214394
1215326
1215934
1217370
1217941
1218812
1221887
1224830
1228489
1228731
1230469
1230856
1238981
1239098
1239662
1240180
1240902
1241538
1242105
1244570
1248965
1250110
1252257
1252444
1252982
1253156
1257456
1262070
1263006
1263730
1270047
1271018
1271312
1278026
1278725
1280312
1281607
1284634
1286622
1287174
1287471
1288459
1290913
1293084
1293089
1293409
1298945
1299887
1301948
1302896
1303060
1303415
1304488
1307464
1308386
1309065
1309843
1313894
1316062
1318335
1319712
1323386
1323925
1328669
1331449
1332491
1333630
1334514
1337093
1337955
1338519
1339009
1343456
1343495
1343536
1344389
1351381
1361045
1362334
1367844
1368984
1370480
1373608
1373971
1376176
1377786
1377967
1381730
1383272
1384142
1384313
1389754
1390434
1391219
1392417
1393523
1394317
1398252
1399422
1399487
1400596
1401450
1403010
1405744
1407907
1407935
1409754
1410770
1410820
1411163
1412348
1415894
1416177
1417264
1417749
1418061
1419868
1420669
1427609
1428183
1431982
1433783
1434566
1440666
1440888
1441888
1442390
1442688
1442751
1443583
1443994
1446668
1447083
1448020
1448491
1450501
1451387
1451995
1452735
1453290
1454819
1455683
1456321
1458339
1459412
1461209
1464834
1465924
1465987
1468711
1469933
1470608
1471900
1472541
1472920
1475089
1476252
1479371
1482877
1482974
1490905
1493409
1494024
1494516
1499409
1499541
1500717
1500723
1502175
1503116
1504971
1505450
1505738
1507128
1507319
1507627
1508592
1508943
1510877
1512717
1516562
1517658
1518083
1518337
1518963
1519210
1519636
1522864
1523385
1523601
1523755
1524325
1524357
1524862
1528279
1528409
1530504
1531654
1532536
1533576
1534116
1536694
1537114
1537178
1537441
1539866
1540235
1540237
1542183
1549658
1550058
1550312
1553288
1553967
1554461
1555977
1556009
1556028
1557219
1557588
1559464
1562092
1562332
1563797
1565616
1566263
1567310
1570542
1573019
1574836
1575501
1578545
1579529
1579655
1581278
1585134
1588270
1589124
1591040
1593078
1593272
1593744
1593753
1595088
1595286
1597036
1597840
1601543
1606664
1607209
1610912
1615477
1618390
1619749
1619764
1621898
1622018
1622090
1625537
1626823
1627403
1628255
1634448
1634517
1639528
1640399
1647321
1647356
1649252
1649625
1653585
1658866
1660257
1660728
1660974
1662048
1663299
1664249
1664642
1665700
1668680
1668831
1669557
1673954
1674618
1675090
1675601
1677622
1678137
1678259
1679474
1679917
1681228
1681279
1681315
1683813
1684824
1685053
1685852
1685973
1689312
1689445
1690108
1690676
1692263
1696103
1696855
1697700
1698407
1698903
1701549
1704447
1705573
1706381
1708655
1708915
1710236
1711377
1711537
1712951
1713480
1714266
1714714
1715831
1716418
1719405
1720313
1724426
1727330
1728862
1734644
1734982
1735146
1735726
1740212
1743031
1743742
1744984
1745986
1746117
1746444
1751749
1754736
1757779
1759326
1760583
1761351
1762703
1764672
1765943
1768722
1769600
1771193
1772550
1773398
1774029
1776255
1776818
1778680
1783936
1784493
1785656
1787108
1791517
1793522
1793717
1795356
1797409
1798033
1798131
1798471
1799549
1799726
1799788
1801699
1802224
1804042
1804845
1811313
1812499
1813669
1813956
1814397
1814920
1815547
1816010
1817267
1819360
1820174
1820418
1820533
1820948
1824227
1825805
1831698
1834421
1835080
1835915
1836800
1838706
1839948
1841879
1842878
1843087
1843280
1844158
1844505
1844561
1845076
1846347
1846680
1846887
1848648
1848703
1852500
1852552
1852742
1854098
1855503
1856767
1857004
1858233
1858557
1862305
1863005
1863636
1864576
1866159
1866745
1867025
1867424
1869535
1870669
1873320
1873760
1875265
1876026
1879632
1882470
1883099
1883982
1884640
1884964
1885642
1886435
1887405
1889385
1891861
1892158
1892577
1892820
1897255
1898367
1898866
1900052
1900193
1900635
1900726
1904189
1905833
1910374
1912645
1913277
1914489
1915242
1920534
1920537
1921051
1922953
1924438
1925269
1928627
1928858
1930630
1930938
1932307
1934245
1934255
1935487
1936391
1938520
1939103
1941400
1942471
1942595
1944011
1948368
1949253
1949397
1950415
1952305
1960761
1962093
1963409
1964174
1969368
1975183
1975993
1978750
1979997
1982604
1984555
1986235
1989124
1989586
1990556
1992262
1993143
1996869
1998750
1999020
1999050
2000596
2002957
2003015
2003081
2004436
2005288
2005688
2007143
2007771
2012017
2012640
2013065
2013475
2016888
2018217
2018683
2018857
2020404
2020780
2022749
2024288
2025438
2025516
2028008
2029258
2032105
2034686
2035872
2036811
2039524
2039730
2040949
2041640
2041916
2042985
2046473
2046897
2047754
2048995
2049090
2049694
2053840
2055063
2058963
2060280
2060328
2060896
2061192
2061241
2061941
2062794
2062797
2063039
2063309
2064134
2064892
2064915
2065332
2065611
2065670
2068387
2069222
2069241
2070618
2070619
2071297
2071971
2072462
2075324
2077529
2080269
2080357
2082030
2083184
2084100
2084269
2084427
2085018
2085117
2085424
2086159
2086858
2087207
2087470
2087787
2088251
2088308
2088328
2088782
2089070
2089082
2091414
2091714
2091824
2092376
2092678
2094174
2094814
2096413
2096628
2098090
2099598
2101419
2101996
2105991
2106752
2107551
2108811
2109149
2109877
2110249
2111914
2112876
2112969
2113926
2114045
2114703
2115740
2116141
2118283
2118553
2120166
2120416
2121090
2121543
2124988
2126059
2126777
2128524
2129900
2130100
2132567
2133959
2135359
2136850
2139503
2140273
2140292
2140328
2143864
2143960
2145529
2148171
2150108
2150505
2150594
2152221
2152628
2153401
2153916
2155605
2157483
2159369
2159624
2161276
2162451
2163459
2163602
2163710
2164167
2164204
2164747
2165444
2166023
2169691
2170547
2172295
2172490
2172653
2172895
2172958
2173572
2173911
2173919
2174883
2176070
2176839
2177705
2178653
2179695
2179810
2179966
2180473
2181714
2182587
2182738
2182957
2183232
2184255
2184622
2185665
2187349
2187895
2188485
2189054
2189175
2189591
2189993
2190892
2190929
2191472
2192006
2192266
2194284
2195315
2195663
2197905
2198005
2198117
2198171
2198381
2199242
2202973
2203290
2203981
2204256
2204398
2204633
2204674
2207024
2207406
2208161
2208622
2209017
2209108
2209365
2210479
2211230
2212036
2213406
2216146
2218457
2221218
2223353
2225616
2226503
2229696
2230776
2231097
2231472
2232726
2232850
2235135
2237044
2238728
2239038
2239916
2240733
2241016
2242118
2243432
2243746
2243805
2244101
2244794
2245059
2245378
2245988
2246228
2247207
2247259
2249303
2249396
2249483
2250515
2250570
2251194
2251273
2251537
2251790
2256329
2256964
2257066
2259022
2259351
2259620
2259983
2261200
2262552
2263262
2263517
2265186
2265879
2265956
2267940
2268482
2273456
2274246
2274356
2274907
2275666
2277039
2278495
2278833
2281820
2281938
2283420
2284900
2288765
2289167
2291629
2291718
2294273
2294639
2294697
2294923
2296035
2296156
2299786
2300054
2301143
2302129
2302176
2303828
2303980
2305968
2306022
2309022
2309325
2309884
2309983
2309984
2311840
2312114
2312412
2312436
2313428
2314305
2314669
2315651
2316823
2318229
2319383
2321042
2322312
2322954
2323206
2323210
2326792
2327164
2327482
2330473
2331448
2332672
2334069
2337669
2338962
2340181
2340279
2340965
2341570
2342943
2343471
2344223
2344636
2346378
2347783
2348117
2349421
2352582
2352823
2353454
2355830
2356867
2358642
2360099
2360290
2360958
2361345
2361898
2361963
2363504
2363726
2364935
2365339
2365917
2366875
2368203
2371165
2372064
2372763
2372769
2372987
2373331
2373493
2376108
2376720
2376808
2378066
2381940
2384376
2384437
2385117
2385245
2386350
2389366
2389839
2390238
2390754
2391227
2395339
2398506
2399028
2400607
2401397
2401853
2403302
2406586
2407047
2407431
2408009
2408939
2409726
2410901
2412411
2414091
2417289
2420424
2420725
2421562
2426970
2427563
2427973
2429397
2430636
2430702
2431433
2435056
2435132
2439693
2444609
2444737
2444761
2444994
2445904
2448798
2450234
2450567
2450822
2452389
2452577
2453189
2453351
2462474
2465794
2468524
2469145
2471315
2473723
2474461
2476703
2477624
2478181
2482240
2483136
2483239
2487299
2489388
2490982
2492301
2495565
2496389
2498654
2498741
2500148
2500210
2501252
2502595
2504414
2505505
2505900
2506233
2509252
2510021
2512416
2514220
2516616
2519039
2519194
2520261
2521651
2522257
2526603
2528246
2530751
2531186
2531985
2534653
2541656
2547086
2551480
2552932
2557282
2557462
2557532
2559213
2559292
2559629
2559636
2560264
2563742
2565249
2565326
2567014
2567029
2570587
2571770
2574860
2575289
2576145
2576357
2577910
2578987
2579044
2583149
2584320
2588233
2588918
2590958
2591222
2592790
2595560
2595876
2597851
2604732
2606165
2608844
2611845
2612487
2613801
2614058
2616988
2617640
2617909
2619790
2619971
2620037
2620222
2623195
2623438
2627422
2629608
2630560
2631909
2632250
2632561
2633012
2634035
2634760
2635268
2636009
2636157
2637593
2640044
2640340
2640668
2642105
2643828
2644266
2644498
2650758
2651359
2651588
2652810
2654939
2655015
2655401
2655828
2657744
2658430
2659805
2660269
2660914
2661562
2661858
2662246
2662378
2663450
2664004
2664787
2665817
2665943
2666048
2667022
2667419
2669063
2669204
2669279
2670389
2673094
2674010
2675815
2677573
2677910
2679108
2679401
2680657
2681275
2683195
2685038
2685550
2685613
2685875
2685958
2686385
2686913
2687334
2687809
2688257
2688258
2690457
2692474
2694323
2694662
2695822
2696009
2696479
2696712
2698847
2699572
2699893
2700261
2700966
2702035
2704001
2704794
2706368
2706798
2707432
2708071
2708498
2708895
2709356
2709716
2709804
2710116
2710464
2710594
2710925
2712043
2712589
2715064
2715894
2716252
2716368
2717089
2717994
2718402
2719066
2720465
2720510
2721173
2721622
2721924
2722159
2722288
2722910
2722944
2722990
2723505
2724126
2724522
2725208
2725432
2725786
2726351
2727351
2728125
2728141
2728582
2730550
2733067
2733107
2734484
2735535
2736852
2736882
2739321
2740062
2740527
2740910
2741969
2743466
2744479
2744795
2746138
2746180
2747877
2748415
2748732
2749861
2750653
2751910
2753568
2753637
2753689
2754041
2755708
2756412
2758016
2759053
2759492
2759998
2760691
2761467
2762113
2762575
2762814
2762913
2762993
2763584
2763991
2765187
2765679
2766793
2767790
2768143
2771627
2772448
2773583
2773666
2773858
2774473
2774920
2775637
2775961
2775985
2776241
2777779
2777804
2778650
2778672
2778719
2779017
2779553
2780176
2780974
2781282
2781455
2782447
2782473
2782573
2782769
2782796
2783201
2783239
2783629
2785892
2788354
2788656
2788672
2788724
2789323
2789544
2789823
2790397
2790615
2791168
2791676
2791763
2792130
2792273
2792811
2794637
2794828
2795232
2795717
2796281
2797024
2798308
2798465
2798482
2798921
2799856
2800802
2801230
2802144
2802860
2802944
2803177
2803798
2804630
2805740
2805916
2806672
2807327
2808761
2809325
2809361
2811307
2811316
2811412
2811647
2812163
2813059
2813131
2813525
2813996
2814101
2814728
2814923
2815820
2816114
2817590
2817934
2819915
2819963
2821287
2824259
2824480
2826412
2827016
2827382
2827728
2827882
2829576
2830217
2831291
2832827
2832929
2833839
2836012
2836697
2837224
2838408
2839059
2839510
2840043
2840366
2841017
2841544
2842099
2843342
2844013
2844110
2844639
2844709
2847822
2848366
2849971
2850428
2850484
2853074
2854154
2854595
2854732
2856978
2859410
2859650
2860756
2861799
2863247
2863772
2864066
2866674
2867219
2867779
2867914
2868385
2868737
2869378
2869836
2870254
2870629
2871395
2872243
2873697
2874649
2875562
2875883
2876020
2876405
2876449
2878292
2878642
2880727
2881678
2882282
2882639
2884645
2885190
2885859
2886333
2886336
2886707
2887781
2890632
2891473
2891698
2892079
2892286
2893043
2894123
2894489
2894673
2898367
2898954
2902292
2902588
2902622
2906221
2907479
2907513
2907956
2908272
2909698
2910780
2911748
2912671
2914601
2915130
2915469
2916708
2918647
2919106
2919489
2922043
2922097
2922366
2922681
2924307
2925004
2925868
2925978
2927362
2927763
2927783
2931837
2933345
2934492
2935481
2935682
2936113
2938509
2939465
2940065
2940382
2940402
2941545
2943479
2944523
2945754
2949918
2951351
2952987
2954946
2955829
2956529
2957003
2957483
2957976
2958768
2959752
2959976
2964534
2965570
2967165
2967192
2967817
2968531
2968816
2970171
2971309
2973885
2974987
2975836
2976421
2977118
2977844
2980040
2981317
2983038
2983380
2983579
2985070
2986716
2988379
2991033
2991055
2992662
2994478
2994723
2996502
2997575
2999063
2999179
3000729
3000744
3001033
3002968
3005508
3005617
3008099
3008497
3009277
3011494
3011534
3014529
3014950
3015098
3015282
3016074
3017892
3018328
3019495
3020014
3021779
3022790
3023360
3026185
3026337
3026721
3026741
3027301
3028585
3030847
3031658
3032774
3034262
3036482
3037523
3038864
3039121
3040504
3040823
3041997
3042246
3043364
3044446
3045834
3045984
3046554
3046866
3047680
3048152
3048266
3048369
3050563
3051975
3052690
3059529
3062016
3062354
3069812
3071638
3073657
3073975
3074928
3076096
3078269
3078964
3082014
3082202
3082695
3083349
3083593
3084075
3084157
3085085
3085216
3087485
3087812
3089223
3089365
3089586
3089987
3091243
3091681
3093887
3094471
3096093
3096559
3096831
3097873
3100093
3101957
3101992
3102064
3102725
3103464
3104315
3105000
3105260
3105870
3107413
3109132
3109387
3111463
3112402
3112827
3114003
3117120
3118430
3120797
3120826
3121704
3123051
3124254
3125427
3125594
3125682
3127575
3129736
3130857
3131342
3131541
3132776
3133827
3136638
3136833
3137366
3138107
3138181
3138953
3140459
3141229
3146442
3146893
3150362
3150904
3155646
3157474
3158167
3159751
3167067
3167117
3168949
3170343
3171337
3172302
3172890
3174857
3175554
3177406
3182040
3184377
3188644
3190598
3195445
3198105
3199400
3200818
3201881
3208646
3211860
3212398
3212585
3212748
3214315
3215069
3215893
3218417
3218811
3218890
3219545
3219877
3221016
3222194
3223240
3227713
3229070
3231006
3232806
3233412
3237402
3241260
3243060
3247073
3247595
3253273
3254327
3256740
3256797
3258185
3259833
3263633
3263959
3265778
3267224
3267229
3270364
3271810
3272483
3272681
3276464
3276733
3279442
3280335
3280769
3280787
3281136
3281431
3289885
3294018
3295344
3296869
3298568
3300118
3307736
3309685
3309807
3315078
3319879
3319967
3324480
3329545
3330005
3333182
3333685
3334330
3337107
3344552
3344573
3346614
3346648
3348207
3349235
3349289
3349562
3351976
3352589
3353732
3355661
3358118
3359429
3360634
3361931
3362339
3362600
3363291
3364503
3365665
3366742
3367557
3368771
3369080
3372125
3378052
3381134
3386191
3387496
3390608
3392250
3394663
3395629
3395756
3397561
3400752
3400962
3403508
3405716
3407358
3409927
3410988
3412924
3413103
3415524
3417515
3417716
3423501
3430326
3433776
3436445
3437153
3438236
3438594
3440477
3441153
3443375
3445464
3446414
3446535
3446662
3447775
3448316
3451155
3451357
3455695
3458850
3459068
3460506
3461004
3462698
3463748
3465983
3466794
3468035
3468072
3469509
3469691
3471008
3478382
3479588
3481054
3481522
3481557
3481613
3482553
3482691
3483348
3484621
3485567
3487967
3488945
3490020
3490690
3490697
3491241
3496508
3501837
3503333
3503942
3506616
3510025
3513050
3514775
3517174
3518660
3520824
3521830
3522382
3522713
3522894
3523191
3523328
3529002
3530041
3530125
3530870
3531050
3532103
3533041
3535090
3536425
3539042
3539771
3540668
3540886
3545670
3545942
3546950
3547709
3548490
3550539
3551396
3553574
3557796
3561111
3562686
3564659
3565032
3566245
3568028
3568419
3573242
3573413
3576204
3578124
3580309
3580446
3582118
3585689
3588089
3589390
3591401
3591942
3592110
3595221
3600550
3600871
3607040
3607073
3607401
3611293
3614111
3618049
3620229
3625046
3625287
3627332
3627800
3627854
3632465
3633026
3634572
3636773
3642680
3644907
3650406
3657234
3657686
3658046
3659130
3659604
3661040
3668584
3669381
3674436
3679099
3680443
3680796
3683604
3687883
3689786
3692098
3692315
3701608
3703738
3707579
3710799
3715046
3719752
3721317
3724731
3730899
3733864
3736744
3738938
3740759
3740859
3741027
3742325
3745578
3749645
3751124
3753756
3754418
3756541
3758888
3759445
3759596
3765967
3771737
3772565
3775283
3776097
3777959
3780657
3781772
3784362
3786481
3790301
3791711
3792236
3794344
3795187
3796210
3797759
3798019
3800361
3800520
3803384
3803541
3804917
3805088
3808165
3808676
3811480
3815838
3816693
3819320
3819762
3823009
3825652
3829835
3836316
3841935
3846043
3846550
3846586
3848701
3849075
3851930
3852633
3852944
3853773
3854654
3854983
3858937
3859005
3859929
3860102
3863280
3863912
3865721
3865882
3866985
3867027
3869070
3870331
3871201
3871215
3871473
3872088
3872562
3873147
3873432
3874977
3875010
3876148
3878120
3880034
3880557
3881247
3884868
3885559
3887498
3889871
3894101
3894686
3895858
3895989
3896304
3896459
3896844
3898548
3898756
3900308
3901644
3902638
3904507
3905030
3905165
3906257
3906672
3906711
3908132
3909932
3909983
3911365
3915078
3915712
3916320
3917046
3917826
3918263
3920114
3920670
3921624
3923412
3923601
3923652
3927554
3928101
3928321
3929961
3931489
3933155
3933813
3934170
3934953
3935647
3937021
3937550
3940455
3940961
3941427
3942202
3942895
3946701
3949380
3950327
3953318
3958329
3961944
3962595
3964867
3966259
3966474
3971008
3974716
3976213
3979115
3979939
3980317
3980717
3983066
3984811
3985264
3986159
3986169
3986333
3988394
3988733
3989281
3989487
3989694
3991815
3993147
3994760
3995123
3997185
3997350
3997370
3997755
3997896
3999719
4000757
4003037
4003257
4006477
4008831
4008850
4010254
4011169
4011819
4012062
4012260
4013540
4016300
4016494
4016809
4027931
4029314
4030041
4030898
4031743
4032579
4034006
4034823
4034914
4035077
4036261
4037370
4037675
4039580
4040526
4040681
4041727
4042915
4043485
4048601
4049068
4050234
4053109
4058691
4062289
4065815
4070369
4071289
4072372
4074772
4075320
4079737
4084935
4085319
4087359
4088527
4089001
4093694
4094369
4095420
4098801
4099499
4100438
4101450
4102312
4102562
4103189
4104977
4105641
4105836
4106301
4108005
4108973
4109627
4113691
4114698
4117754
4118243
4119770
4119964
4120238
4122556
4127376
4128478
4128787
4130751
4131123
4131742
4132671
4133631
4135488
4137003
4137502
4137991
4139129
4139661
4139730
4140715
4141815
4142636
4142897
4143077
4143204
4144501
4145755
4146208
4146775
4147619
4147979
4149421
4151261
4152518
4152722
4153083
4154900
4156457
4158271
4158421
4159834
4161181
4161635
4163023
4163068
4164126
4164856
4164985
4166369
4167622
4167638
4168273
4168537
4169890
4171840
4171852
4172815
4174631
4176651
4177706
4179724
4180524
4180792
4181042
4181602
4184502
4185236
4185866
4188235
4188640
4191106
4198155
4198735
4205560
4205670
4206203
4207236
4208918
4210520
4212709
4213075
4213646
4214186
4215991
4217103
4219596
4221411
4222151
4222654
4223736
4224124
4226062
4226273
4226699
4227669
4230399
4231695
4231921
4232660
4234476
4234773
4234880
4237671
4241329
4245400
4248178
4248874
4251061
4251785
4252699
4252878
4253909
4256151
4256563
4258563
4259122
4259967
4260810
4260819
4262654
4263422
4264235
4268507
4269017
4269218
4269444
4272816
4273811
4275378
4275785
4276133
4276225
4277584
4280197
4280882
4282897
4283096
4283372
4283985
4286952
4288819
4289294
4289400
4289718
4289925
4290720
4294648
4296216
4296793
4298984
4299029
4300024
4304024
4308485
4310126
4310618
4310988
4314201
4316674
4322118
4322461
4325010
4328555
4330268
4331111
4331294
4334346
4336797
4337064
4343117
4344088
4345602
4346601
4347500
4351779
4352536
4353178
4359489
4359584
4361569
4363264
4363423
4363965
4365354
4365586
4366930
4368592
4369582
4369921
4370301
4373585
4373764
4374371
4375105
4381646
4382189
4384127
4385045
4385846
4386281
4386927
4389301
4391319
4394237
4396549
4398433
4399273
4403256
4407658
4408077
4408146
4409464
4410597
4412523
4412821
4419902
4420241
4424578
4426768
4432576
4434317
4434914
4435780
4436105
4436577
4438061
4440995
4441076
4441369
4444747
4446593
4447316
4449928
4451146
4452390
4453739
4454102
4454444
4456237
4456835
4457163
4457809
4458361
4458960
4464561
4468094
4470379
4472244
4478453
4478591
4478734
4481410
4482099
4484031
4485322
4489194
4493659
4494044
4495621
4496530
4502443
4502544
4506347
4506573
4507274
4507831
4510388
4511780
4512563
4512673
4514178
4514987
4524843
4526097
4531778
4534447
4539314
4540259
4541661
4542298
4544828
4544918
4545492
4557021
4559801
4560872
4561486
4567267
4567682
4570361
4576875
4585474
4585651
4593029
4593159
4594743
4596832
4598708
4600696
4600877
4601825
4603241
4603814
4605417
4606173
4611308
4612821
4617803
4618518
4622807
4625088
4625780
4626310
4626943
4629834
4630540
4634140
4638681
4641577
4643033
4644281
4645658
4650928
4653639
4656065
4657302
4657579
4658091
4667037
4667731
4675020
4676123
4677991
4683070
4683379
4683863
4684180
4689738
4691788
4692658
4692871
4694453
4698543
4699573
4700132
4701572
4701663
4702190
4706211
4708721
4708791
4713874
4714982
4715957
4717742
4719847
4722385
4722860
4725243
4726416
4734069
4734755
4738015
4741944
4745528
4747516
4748590
4751615
4752489
4755663
4757437
4758866
4764828
4768752
4768908
4769049
4770618
4773155
4774567
4775088
4776275
4776641
4779088
4781990
4782546
4783943
4784383
4787501
4788737
4790475
4791525
4792260
4792901
4793069
4793075
4794450
4799806
4801424
4801736
4802174
4802247
4809457
4815866
4816564
4817236
4817594
4818819
4825310
4828170
4829568
4830841
4831615
4835238
4837543
4838612
4840110
4841097
4841179
4842723
4844774
4847496
4848392
4850084
4855490
4855899
4858322
4866630
4881168
4884062
4897810
4900054
4900077
4901207
4902243
4903616
4907213
4908239
4915254
4917212
4918911
4920263
4922671
4923282
4923666
4923712
4926249
4930054
4933495
4936100
4936798
4939647
4951305
4953291
4953371
4957248
4958283
4959907
4962844
4963273
4965515
4967718
4969669
4972084
4977236
4985610
4985976
4987571
4988182
4990448
4992608
4994264
4996791
4998442
4998489
5003841
5004655
5008911
5009774
5012935
5016065
5018991
5021427
5022438
5025950
5028954
5034372
5037258
5042217
5048704
5050716
5051573
5053436
5053803
5054922
5057665
5057738
5059569
5060810
5063431
5063581
5068692
5068703
5072677
5072721
5074794
5075005
5076553
5077468
5077863
5078829
5079555
5080293
5080826
5081376
5082384
5082740
5084633
5084958
5085255
5085520
5087424
5087788
5087948
5088944
5089105
5089823
5090484
5091642
5091859
5092942
5093126
5093762
5096613
5097759
5099650
5099940
5101381
5102638
5102790
5103897
5103916
5104256
5104377
5106371
5107563
5107807
5110096
5110573
5111250
5111448
5111656
5111669
5112535
5112587
5112830
5113105
5114429
5115565
5115609
5116670
5117525
5117695
5119089
5120007
5120200
5121252
5121929
5122127
5122450
5122785
5122823
5126532
5129939
5130904
5131675
5131704
5131979
5132274
5132684
5132934
5135258
5135456
5135551
5137205
5137610
5138026
5138394
5139984
5140595
5142669
5143481
5143505
5143541
5146191
5146469
5147274
5149924
5150248
5150568
5151215
5153166
5153528
5154756
5155007
5155749
5156259
5161223
5161911
5162860
5164300
5169789
5169980
5170107
5170427
5172142
5172236
5174646
5176567
5177107
5177471
5180123
5182133
5182228
5182428
5182717
5185378
5185562
5187237
5187608
5192142
5192377
5192956
5193988
5195052
5195199
5198701
5199262
5199268
5199356
5200144
5200608
5202042
5202619
5202675
5202828
5202962
5203290
5203907
5204426
5204521
5204784
5205232
5205299
5205826
5206272
5208979
5209352
5209460
5210310
5210352
5215053
5215412
5215631
5223927
5224879
5227185
5228243
5228371
5228376
5229365
5229482
5230164
5231067
5232612
5233836
5234601
5236032
5237024
5238320
5238929
5239136
5239184
5240560
5240632
5240806
5241842
5242052
5245774
5246294
5247203
5247619
5247793
5248103
5248107
5248115
5249031
5250234
5252098
5255662
5255914
5256288
5256992
5258259
5259067
5259982
5260664
5262876
5266219
5272121
5273442
5273902
5274079
5274573
5275343
5276781
5277267
5277871
5284323
5285230
5285454
5285648
5286014
5286841
5287612
5287682
5288184
5288218
5288945
5289280
5291239
5291609
5291627
5291657
5291808
5292184
5292419
5292892
5295657
5296383
5296728
5297050
5297825
5298422
5299593
5301767
5302083
5305761
5309123
5309732
5309887
5310391
5311551
5312761
5314524
5316213
5316295
5316472
5316649
5317040
5317606
5318901
5320331
5320544
5321025
5321332
5321458
5321586
5322707
5323312
5324052
5324815
5325193
5325491
5325725
5328866
5331503
5331605
5332552
5333716
5333814
5339069
5342896
5343457
5343892
5344889
5346637
5347208
5349401
5349471
5350384
5352396
5354372
5355787
5358663
5359431
5360277
5361298
5364995
5367709
5367774
5369805
5370283
5371445
5371708
5375004
5376906
5376984
5378190
5379118
5380307
5381042
5382844
5383181
5383557
5387953
5388756
5394208
5396391
5398983
5400201
5400870
5401668
5401813
5402215
5402300
5403800
5406795
5407609
5408699
5408756
5409369
5414063
5415471
5416042
5418853
5424174
5427760
5429134
5431194
5431411
5432284
5432563
5438457
5438983
5443255
5443635
5443673
5444001
5446708
5447195
5447987
5449613
5450535
5450578
5452165
5455960
5456439
5457521
5459933
5463881
5464707
5464923
5465368
5466016
5469359
5470033
5473355
5474878
5475922
5476283
5477463
5479095
5483365
5487231
5487466
5491634
5492809
5493071
5493615
5494813
5497459
5500823
5501083
5502043
5503564
5506023
5506266
5506704
5509518
5511029
5512611
5512730
5514251
5514854
5520411
5522587
5526967
5527124
5528479
5533867
5534324
5535439
5539578
5539656
5540474
5541557
5543404
5546546
5546626
5549385
5550567
5552828
5553124
5553493
5553689
5556638
5557456
5559783
5562305
5563789
5566060
5571024
5572597
5575189
5576547
5577025
5583459
5586362
5586800
5592651
5593227
5593449
5597916
5599137
5600021
5600194
5602522
5605071
5605279
5605340
5606945
5608049
5611236
5612235
5612657
5614126
5621139
5629403
5629452
5630829
5632549
5633206
5636334
5636665
5642809
5647914
5649680
5656770
5656848
5658768
5659592
5659620
5661332
5662155
5669084
5670293
5672720
5677232
5678283
5682571
5682717
5685547
5685578
5685605
5686154
5688137
5689735
5690243
5690551
5691297
5691309
5693228
5695104
5697916
5701478
5702063
5707334
5709267
5709289
5710412
5710772
5710899
5717299
5722064
5723870
5726967
5727724
5728645
5730595
5752981
5757670
5760640
5761471
5765530
5765602
5767045
5767528
5767560
5771582
5771754
5773764
5774823
5775874
5776957
5780299
5782839
5783025
5787915
5788548
5788613
5790508
5798990
5800130
5801480
5801990
5806222
5807041
5807914
5808262
5808875
5809051
5810240
5810380
5812274
5813066
5813197
5816080
5818446
5818544
5819143
5819507
5824943
5826770
5829481
5830454
5830661
5832275
5835411
5837268
5837895
5843310
5843904
5843937
5844947
5845129
5846684
5847181
5849524
5849579
5851875
5853024
5853848
5854544
5857103
5859694
5861549
5861718
5862437
5867025
5867100
5867405
5867666
5869034
5871687
5871702
5874805
5876017
5876044
5876068
5876336
5876597
5876878
5878150
5880119
5880223
5881122
5882868
5886554
5888232
5890613
5892094
5892841
5894201
5896969
5898008
5900175
5900914
5901779
5903986
5904481
5906310
5908048
5910033
5910841
5913682
5913732
5914235
5914470
5917913
5918359
5920043
5920055
5920718
5925636
5926374
5927107
5927392
5931075
5932080
5932491
5934553
5935079
5936280
5941401
5945569
5945653
5947610
5949445
5949810
5957329
5958258
5962075
5962781
5962915
5962944
5963219
5964031
5969549
5970204
5973121
5974166
5974603
5975539
5978255
5979919
5982983
5996550
5996874
5999296
6000510
6001929
6003419
6005335
6005610
6006018
6011358
6014924
6014951
6016200
6020400
6024425
6025085
6033462
6034677
6035290
6036776
6037528
6038518
6040148
6042692
6046498
6049783
6054058
6054894
6055254
6056327
6059327
6059862
6069409
6070040
6070240
6070941
6071843
6073996
6074419
6078839
6078994
6079687
6080920
6080967
6087527
6089499
6089665
6091260
6091433
6091727
6094135
6098837
6099356
6099929
6102648
6103350
6103443
6104816
6109464
6116523
6116547
6119216
6122608
6124295
6126385
6126732
6128148
6129493
6130083
6131015
6131676
6139026
6141280
6142678
6144934
6145006
6145494
6151512
6161721
6166165
6171451
6173736
6174042
6175550
6175892
6176513
6176840
6177820
6181553
6181894
6183325
6183983
6187692
6188700
6189800
6191126
6192122
6193286
6193809
6194870
6195655
6196098
6196210
6197430
6198923
6199385
6201735
6201862
6202055
6202852
6203807
6207884
6208290
6208349
6210481
6214028
6216677
6216910
6220876
6221614
6222865
6223247
6223248
6223276
6223326
6227292
6228383
6229369
6231432
6231665
6232319
6234664
6235817
6236495
6240480
6241279
6242087
6242435
6242509
6244029
6244261
6244528
6244545
6244932
6245587
6246406
6246834
6247639
6248286
6249325
6252776
6253629
6254073
6254651
6256386
6256553
6257476
6258143
6258804
6258897
6259853
6260073
6260311
6261720
6262531
6262744
6265277
6265629
6266782
6271124
6272839
6273105
6275300
6276511
6276577
6278255
6279160
6279314
6279414
6280159
6280966
6282653
6283381
6284253
6284494
6285600
6285968
6286285
6286780
6289390
6291769
6293363
6293550
6295657
6296931
6297293
6297722
6299637
6300258
6301039
6303295
6304989
6305135
6305210
6306154
6306651
6308184
6308210
6308771
6309536
6310179
6310348
6313095
6313183
6313422
6313517
6315118
6315545
6316084
6316847
6317812
6318058
6318313
6326600
6328107
6329070
6329328
6331245
6332113
6332749
6332890
6333804
6335039
6336697
6338325
6340609
6344647
6344728
6345585
6345987
6349048
6350327
6355892
6356533
6356788
6360311
6362160
6362821
6363037
6363397
6363774
6366170
6368037
6369660
6370642
6374034
6374942
6375668
6376657
6377124
6378184
6381405
6384479
6385555
6386344
6386570
6388554
6391629
6394511
6395724
6401024
6401326
6402813
6404491
6408380
6408641
6409129
6410394
6411921
6414692
6415327
6416630
6426622
6426855
6428455
6434610
6438057
6439954
6440857
6443069
6443170
6445506
6445759
6445942
6446302
6447503
6448967
6448983
6451902
6452390
6453492
6454201
6454490
6455404
6456287
6456517
6457202
6461558
6462096
6462211
6463502
6464456
6465458
6465951
6467145
6467409
6467582
6468894
6474764
6475364
6475620
6477767
6479075
6483899
6484452
6485428
6487517
6488236
6488908
6490125
6492713
6492793
6495097
6497121
6498541
6498891
6498922
6499341
6501136
6503035
6506073
6508174
6510347
6512067
6513359
6516556
6519226
6519835
6520973
6521778
6525709
6525830
6526102
6528483
6529387
6531344
6531541
6536863
6536869
6538373
6538641
6540122
6540767
6543268
6546916
6547139
6547562
6547845
6550997
6551521
6552269
6553395
6553660
6554401
6559109
6562279
6562967
6563786
6568097
6570588
6570694
6573430
6577523
6578791
6580261
6580535
6583960
6584492
6586293
6586528
6589119
6591519
6591608
6592758
6602519
6603475
6604479
6606504
6606935
6607208
6609529
6613560
6615353
6616228
6616661
6619541
6620229
6622690
6623975
6624838
6627097
6627433
6629896
6630012
6630231
6630333
6630348
6633175
6634335
6639468
6639816
6643748
6644146
6644587
6646858
6648466
6649171
6650013
6650866
6651845
6653193
6653209
6654145
6654494
6654930
6655404
6656426
6657430
6659103
6659716
6660916
6660926
6660946
6661457
6662202
6663188
6663252
6665231
6665564
6667450
6668062
6669135
6670116
6670328
6670484
6674167
6675733
6676649
6677372
6680913
6684347
6686194
6687752
6688515
6688721
6689824
6690802
6692066
6693608
6695143
6695661
6696147
6698818
6701649
6702325
6706531
6709605
6709785
6710403
6712336
6713410
6714352
6715343
6716161
6716567
6716740
6719958
6721417
6724914
6725793
6728310
6732551
6732597
6735024
6737452
6740619
6743188
6745880
6748544
6749174
6752277
6752401
6752704
6756473
6757544
6761467
6762343
6764081
6765276
6766233
6766258
6766384
6768527
6769004
6769090
6769170
6769999
6772231
6773029
6774011
6774652
6776115
6784984
6785196
6785783
6786877
6787064
6787660
6792734
6792814
6792884
6792986
6794233
6799482
6800066
6803755
6805669
6808427
6808816
6811943
6814407
6815756
6817807
6818004
6818270
6822727
6825800
6826403
6826958
6829343
6830247
6830323
6836128
6837096
6837342
6843220
6845259
6845922
6846550
6846956
6847768
6847899
6848238
6852999
6854471
6856269
6856389
6857146
6861194
6861747
6863366
6863388
6864584
6866176
6872725
6874511
6875873
6876085
6876761
6877422
6877844
6881067
6881612
6882022
6882183
6882342
6884922
6887566
6889143
6889719
6891741
6891877
6893822
6894272
6897803
6898743
6901737
6902860
6903450
6903532
6908728
6909134
6914740
6915873
6917252
6917485
6919076
6920560
6920757
6921108
6921672
6922147
6923153
6924198
6924806
6926855
6933677
6936583
6936999
6944645
6945031
6945681
6945826
6947899
6949548
6949942
6952251
6953161
6956982
6958558
6959701
6961372
6967022
6968730
6969512
6970378
6971538
6972088
6975285
6977508
6979245
6979986
6980111
6982176
6982365
6983002
6985812
6988217
6992447
6992990
6995983
6996193
6996810
6997161
6998672
6999104
7000339
7001951
7004047
7004699
7006193
7007485
7010129
7010282
7011526
7011540
7012897
7013516
7015890
7016143
7017008
7017144
7017372
7017466
7019815
7020503
7023066
7023158
7026206
7026792
7028778
7030988
7033355
7034945
7038061
7039508
7039682
7040595
7048724
7049481
7053270
7053391
7053524
7053760
7053959
7061240
7061374
7063250
7064296
7065373
7065466
7069260
7070914
7073376
7073423
7076054
7077412
7082991
7083036
7084110
7087693
7089258
7096403
7098878
7099467
7100083
7104156
7104782
7106956
7107578
7108286
7110875
7112032
7113196
7115311
7115927
7122438
7125219
7130116
7131030
7132208
7137863
7138779
7139933
7142284
7143476
7145538
7148834
7148866
7149507
7152770
7154268
7157068
7158116
7165337
7168108
7175268
7180184
7180340
7182413
7184736
7185653
7186706
7188979
7189550
7189892
7193971
7197469
7197605
7200758
7201129
7203689
7207387
7207763
7210740
7213311
7218778
7229652
7232615
7238783
7240947
7242402
7243629
7245751
7249869
7251163
7253062
7257992
7261698
7263392
7265895
7266806
7267702
7270793
7271322
7271672
7273991
7276046
7277812
7278587
7279818
7280976
7282670
7283982
7285888
7286677
7288720
7289809
7290306
7291366
7291906
7292081
7293601
7293751
7298965
7298999
7299639
7300030
7302406
7302805
7302870
7303487
7304158
7305859
7306992
7309106
7309196
7309647
7310169
7311837
7312502
7314389
7314708
7315089
7317255
7319435
7319844
7321086
7322214
7323887
7324151
7324317
7325281
7337740
7339821
7348388
7349022
7351291
7353776
7355335
7361159
7361676
7361938
7365305
7366272
7367623
7367678
7372967
7374196
7375156
7378746
7380655
7380718
7381537
7381932
7384026
7385651
7386234
7386930
7387284
7387409
7388063
7388995
7389111
7395589
7397525
7398290
7399749
7404625
7407889
7408409
7410031
7410336
7414313
7414902
7416363
7417611
7417810
7418030
7418226
7419371
7420117
7420572
7420973
7422548
7424129
7424749
7425718
7425832
7428167
7432327
7432606
7434380
7434615
7435550
7436632
7436834
7437040
7441648
7441953
7442267
7444512
7445106
7446874
7450309
7451313
7452548
7452672
7453141
7455882
7456581
7457014
7457231
7457359
7458338
7458413
7459197
7460375
7460456
7460541
7461706
7462153
7463255
7463589
7464651
7468543
7471499
7471563
7472395
7476722
7479232
7481983
7486159
7493409
7494562
7496070
7503743
7504574
7504739
7508526
7511442
7512885
7512973
7514868
7518038
7519464
7521983
7526031
7527733
7528779
7529072
7530929
7532769
7533540
7533765
7534275
7534706
7536852
7537568
7542328
7544007
7546679
7548775
7549537
7556608
7561583
7562199
7566352
7566668
7571706
7572114
7572349
7572353
7572413
7573446
7575650
7576799
7578789
7580014
7580044
7581941
7583194
7583852
7588092
7590921
7591405
7592101
7592331
7592428
7592635
7593942
7594381
7595453
7595593
7598732
7598826
7598983
7599273
7599934
7599987
7600285
7600595
7601291
7601514
7601556
7601624
7601637
7601821
7602343
7602698
7603614
7603854
7603856
7603868
7604235
7604716
7605242
7605791
7606084
7606616
7606873
7607581
7607847
7607923
7608296
7608698
7609160
7610053
7611860
7612275
7612535
7612791
7613157
7613397
7614003
7614618
7614912
7616805
7616932
7617127
7617386
7617550
7617621
7618756
7618757
7619066
7619319
7619518
7620619
7621765
7622902
7624229
7625440
7627692
7628836
7629411
7629456
7629672
7629800
7630330
7630611
7630795
7631731
7631818
7633444
7633469
7633697
7634252
7634505
7635549
7635581
7636027
7636099
7639689
7640119
7640458
7641302
7642720
7642935
7643158
7643567
7643767
7644576
7644816
7645306
7645531
7646280
7646496
7647033
7647773
7647836
7649205
7652609
7652868
7653626
7654359
7654392
7654885
7654983
7655106
7655372
7655760
7657241
7658849
7661239
7662401
7662463
7665044
7667540
7668048
7669296
7670807
7671210
7671619
7673010
7675607
7677392
7678555
7681846
7682383
7683467
7684477
7685369
7685634
7688508
7689237
7689459
7689747
7689966
7691177
7691414
7691865
7692334
7692337
7692540
7692783
7692819
7694324
7694689
7694704
7694797
7696004
7696852
7701454
7702090
7707005
7708107
7709774
7711631
7711651
7712612
7713477
7713539
7713571
7714344
7714732
7715704
7716258
7716322
7717960
7719077
7720573
7721913
7722025
7725244
7725522
7725905
7726742
7726952
7728308
7728688
7729995
7730680
7731364
7733041
7733344
7733676
7734611
7734784
7735320
7737666
7738830
7741822
7744091
7744257
7744484
7745062
7745603
7747135
7747224
7747748
7749122
7749631
7750880
7751859
7752266
7755278
7755352
7755676
7755808
7756647
7758236
7758577
7761773
7763481
7764190
7766134
7766954
7767515
7767648
7769243
7769812
7770044
7770963
7772164
7772527
7774461
7776805
7777267
7778922
7782029
7782394
7782541
7784245
7786185
7788027
7788690
7789263
7789955
7792829
7795465
7796718
7796842
7798256
7799274
7799721
7799757
7802174
7802673
7804315
7805058
7805695
7808040
7810282
7810311
7810582
7814326
7814920
7816013
7816349
7816962
7818493
7819159
7819898
7821722
7824367
7824544
7824810
7824919
7826055
7827301
7829440
7832469
7833738
7834020
7835622
7836137
7836837
7837706
7838814
7841121
7841660
7841955
7844533
7846448
7848141
7848190
7849951
7851305
7852215
7852457
7852963
7854999
7858255
7859026
7859815
7860471
7861027
7863757
7865638
7869542
7870525
7870773
7871569
7872380
7873982
7874903
7875654
7876330
7877421
7878159
7878323
7881331
7881684
7882192
7883884
7884004
7884066
7886103
7886216
7886839
7886964
7887174
7887552
7888860
7891715
7892038
7892798
7895050
7896079
7897969
7898290
7901708
7901737
7903773
7905630
7906514
7908133
7908711
7909414
7909795
7912839
7914463
7914524
7922837
7926149
7927432
7927452
7928884
7930094
7931087
7932324
7933144
7933342
7942152
7942646
7944972
7945020
7946327
7946645
7947249
7949597
7950977
7951196
7953456
7953934
7954378
7954479
7955691
7957881
7961353
7964735
7965505
7966625
7969554
7973594
7978118
7978839
7978973
7981352
7984903
7985407
7986803
7989186
7989358
7989404
7989842
7990794
7994236
7999434
8005793
8005887
8008049
8009797
8011539
8011898
8016062
8017947
8020603
8021397
8023336
8023841
8024829
8025257
8028087
8029057
8032248
8033219
8033340
8034205
8037260
8038214
8038230
8040373
8041041
8041594
8044059
8044115
8046374
8048046
8048134
8049434
8052116
8056962
8057232
8058322
8058460
8059881
8060517
8060652
8061253
8061666
8062693
8064063
8064680
8064916
8066624
8067843
8068525
8069354
8069645
8069893
8071734
8073252
8073503
8073864
8074369
8075688
8075769
8076708
8080332
8081630
8084523
8084869
8085865
8086833
8086901
8087933
8088673
8090436
8096868
8096981
8101311
8101668
8103786
8104731
8104902
8106591
8106646
8106801
8109227
8109303
8113195
8113612
8113977
8115747
8118754
8122344
8122642
8128156
8132944
8136226
8137274
8142622
8143013
8144737
8145376
8148359
8149348
8149699
8153069
8154220
8159288
8159866
8160052
8160357
8160534
8166890
8167908
8169821
8173351
8173560
8174855
8176678
8179966
8180152
8180311
8181030
8181837
8184256
8185507
8185698
8188886
8188943
8190490
8192622
8194514
8197104
8198577
8198584
8199294
8199735
8200141
8200308
8200328
8200995
8202019
8202101
8202927
8203846
8204459
8206948
8207670
8207816
8209031
8209191
8212133
8213033
8215795
8215933
8216063
8216875
8217286
8218342
8219098
8219458
8219731
8221591
8222152
8222858
8224350
8225263
8227633
8228002
8228571
8229927
8232381
8232434
8234089
8234782
8235919
8238070
8239562
8240343
8241779
8242162
8242164
8244408
8246099
8246931
8247113
8247760
8250564
8251352
8252057
8252186
8252677
8256505
8256789
8257189
8257868
8258033
8258233
8258622
8259550
8260236
8260751
8262775
8263540
8264559
8264839
8265143
8266002
8266163
8266294
8267200
8269465
8270694
8271004
8271041
8271210
8271531
8272727
8274767
8275637
8276474
8276511
8277084
8277210
8277790
8278202
8279390
8280532
8283114
8284652
8284849
8288226
8288360
8290663
8291524
8292408
8293869
8294001
8295318
8296354
8296688
8298450
8298656
8299168
8299517
8301802
8302786
8302916
8303025
8303965
8304896
8305796
8306328
8306612
8307716
8309150
8309422
8310660
8310707
8313627
8314985
8315332
8316193
8318240
8318588
8318778
8319376
8321375
8321677
8322358
8322646
8323040
8323104
8323524
8324619
8325600
8325963
8326447
8328580
8329001
8330262
8333041
8333168
8333589
8334718
8335095
8335484
8335492
8336129
8336338
8337466
8338312
8338371
8338418
8339268
8339798
8339812
8340676
8340685
8341178
8343043
8343318
8343331
8343916
8346158
8346423
8346481
8347344
8347825
8348138
8348301
8350201
8350335
8351370
8351894
8353288
8354649
8354737
8354856
8357273
8357388
8359096
8361636
8362974
8363070
8364477
8365188
8365659
8366253
8366406
8371351
8371475
8373646
8373834
8375076
8376980
8377781
8378321
8378606
8379535
8379701
8379768
8380688
8382144
8382746
8382773
8383397
8383834
8385052
8387118
8387639
8387661
8387945
8387965
8388257
8388538
8388630
8388756
8389636
8389811
8391122
8391158
8391338
8391923
8391946
8392086
8392222
8392435
8392689
8393553
8394533
8395722
8396256
8398051
8398510
8398644
8399119
8399185
8401774
8402452
8404084
8404103
8405852
8406181
8406525
8406616
8407053
8408524
8408791
8409893
8410852
8411449
8412158
8413026
8416332
8416501
8417809
8418826
8422305
8423208
8423752
8425088
8425119
8426912
8430089
8430380
8430417
8431587
8432150
8432695
8433818
8433845
8434234
8434689
8435055
8436062
8436255
8436719
8436790
8437007
8438819
8439899
8443507
8445533
8446663
8448030
8449836
8453538
8454723
8454912
8455016
8456602
8457945
8458833
8461225
8462283
8464092
8465588
8465751
8465981
8466986
8467080
8468116
8468525
8468934
8469317
8469846
8470647
8472015
8472306
8473280
8473420
8473789
8474254
8474518
8474682
8475939
8476273
8476471
8477823
8478781
8481823
8482190
8485148
8485868
8487244
8490489
8490952
8491580
8492415
8493513
8494123
8494271
8495093
8495237
8495543
8496051
8496604
8498940
8501787
8502085
8503080
8508440
8510935
8512764
8514211
8515459
8516098
8518587
8518677
8521198
8521206
8524146
8529312
8529434
8530931
8531067
8533165
8534470
8535401
8535564
8535774
8535874
8539632
8540792
8540941
8541136
8541233
8541886
8544379
8548125
8548967
8551457
8552175
8552543
8556666
8558862
8559699
8560365
8561747
8562134
8562593
8563125
8563332
8563875
8564453
8564810
8566763
8567630
8569770
8571093
8571219
8571630
8578720
8580513
8581544
8582002
8582014
8583773
8584473
8585454
8586518
8588365
8592309
8592817
8592875
8595306
8596367
8598381
8600510
8600560
8600566
8602979
8603054
8603166
8604754
8607077
8607584
8608392
8610789
8614129
8618222
8620436
8620913
8622251
8622312
8625670
8625883
8628806
8630041
8631133
8632753
8632756
8634264
8636799
8637654
8638424
8639567
8641803
8646181
8648743
8650121
8654322
8656340
8660080
8661042
8661815
8662189
8668123
8668184
8668994
8670692
8670693
8670711
8672032
8672235
8673469
8674085
8675600
8675639
8676848
8678290
8679668
8682289
8682741
8683617
8684227
8684293
8684379
8686690
8691239
8691863
8693497
8693864
8693900
8697259
8698617
8701655
8702832
8708373
8708447
8711415
8711436
8711712
8712380
8714802
8715516
8715554
8716467
8717629
8717668
8717923
8719125
8720754
8721550
8722371
8722423
8723891
8724964
8725505
8725801
8726140
8726472
8726748
8727235
8728510
8730482
8730495
8730682
8730750
8731214
8731384
8731935
8732892
8735663
8735701
8736213
8737046
8737871
8740287
8740865
8742288
8743899
8743924
8743934
8745955
8746956
8747668
8748732
8748763
8749372
8749867
8750192
8751321
8754033
8756563
8756572
8756964
8757630
8759151
8759713
8760302
8761334
8761797
8761802
8762740
8762914
8763002
8763050
8764113
8764401
8764780
8765834
8765966
8766796
8768374
8769904
8770139
8771273
8775335
8778592
8779963
8780277
8781602
8781808
8786300
8786592
8787396
8788727
8789540
8791159
8792287
8792457
8793474
8794921
8795077
8796344
8800105
8803411
8805424
8805683
8805755
8807669
8808095
8810442
8810527
8812038
8812200
8812471
8812535
8813618
8815148
8816009
8816889
8817355
8819421
8819434
8820996
8821157
8821480
8822476
8822532
8823811
8824940
8828355
8828656
8828676
8830606
8830806
8830860
8831269
8834067
8836444
8836471
8837417
8837507
8837542
8840812
8841702
8844374
8844426
8845243
8846363
8846700
8847290
8850635
8853404
8854028
8854440
8856778
8859452
8859525
8860065
8860586
8860592
8862142
8864943
8865907
8866837
8867617
8868013
8868073
8868929
8869678
8870175
8874193
8874335
8875881
8876061
8876605
8878955
8882260
8882310
8883280
8885495
8886245
8890530
8891216
8892902
8893142
8893186
8893190
8893223
8895706
8895894
8900621
8901465
8902091
8904652
8906300
8908621
8911039
8912601
8912855
8913032
8913381
8913928
8915209
8915330
8915904
8916529
8916704
8916742
8922565
8922569
8923859
8925658
8927307
8929294
8929562
8930495
8930499
8932535
8934304
8936595
8937849
8938327
8938724
8940466
8941454
8942000
8943400
8944416
8944761
8946055
8946182
8947850
8950191
8953993
8955825
8957765
8959414
8964790
8965839
8966445
8967448
8973308
8973571
8974768
8975264
8975281
8976140
8977666
8978584
8978979
8980635
8981862
8982111
8982856
8984324
8985569
8985733
8986043
8986814
8986887
8987761
8987870
8988082
8988113
8989209
8989822
8990289
8990546
8991773
8992781
8993263
8993800
8994279
8995056
8996149
8996615
8998076
8999376
8999865
8999913
8999973
8999991
9003250
9003389
9004703
9005589
9008373
9010491
9011277
9011722
9014038
9015449
9015991
9017997
9018036
9020241
9020917
9021709
9022368
9022518
9022782
9023390
9024751
9025293
9025478
9025603
9026189
9026467
9026478
9030511
9032491
9033967
9034530
9035090
9035129
9035352
9035501
9036743
9036777
9036934
9037835
9037856
9038237
9038328
9039718
9042231
9042534
9043297
9045949
9046193
9052435
9059981
9065184
9066954
9068353
9071783
9075969
9078590
9080061
9080624
9080867
9080884
9081216
9081422
9083553
9086507
9089910
9090949
9091327
9092843
9093225
9095210
9095920
9097319
9099072
9100191
9102646
9102907
9104298
9105000
9106190
9106323
9112246
9116568
9117628
9118986
9120165
9120518
9121048
9122305
9126599
9127739
9127932
9131004
9133184
9134110
9135148
9135667
9142572
9146949
9149451
9149585
9149879
9150750
9151512
9152459
9160503
9160882
9160962
9161208
9162041
9163167
9165851
9167912
9169600
9170334
9171827
9177369
9181265
9184116
9185138
9186712
9187525
9188537
9191177
9191189
9191203
9191554
9191973
9192032
9192572
9193340
9195329
9195813
9197548
9199049
9200053
9201852
9202331
9204994
9205128
9208047
9210184
9212111
9212484
9212742
9214052
9215946
9216361
9217576
9217731
9222875
9225236
9226888
9227573
9228543
9228915
9229751
9229791
9230691
9231829
9234780
9235074
9236930
9240537
9240651
9240781
9243479
9244313
9246049
9246267
9248053
9248182
9248636
9251794
9253963
9254900
9256973
9258629
9259443
9259668
9260355
9264197
9264693
9266198
9266633
9267310
9267782
9268314
9270453
9272919
9273386
9273460
9273492
9274050
9274778
9275542
9277770
9279296
9279441
9281842
9283383
9286398
9286823
9288942
9291367
9293661
9294350
9296037
9296123
9296721
9297423
9298179
9298318
9298582
9300203
9300971
9302030
9302627
9302780
9306188
9307240
9307842
9311142
9311494
9311833
9312372
9315907
9318635
9320235
9322551
9324335
9333694
9333756
9336819
9338277
9339872
9341757
9342731
9343669
9343867
9345364
9351256
9353752
9354664
9358679
9359001
9359657
9362583
9363724
9363852
9363955
9364460
9369311
9369658
9370000
9370581
9371213
9374186
9379174
9379259
9380063
9383038
9383493
9385659
9387929
9392206
9394519
9397357
9402323
9402591
9408183
9410385
9411009
9411230
9412387
9412491
9415868
9418289
9418977
9421596
9421626
9421878
9422975
9423615
9424602
9427006
9427218
9428455
9429017
9435717
9438479
9438884
9442555
9445704
9446423
9450332
9451608
9456914
9458665
9460495
9460615
9460745
9463102
9463142
9463170
9464921
9465613
9468352
9471701
9472923
9474224
9489646
9492742
9494534
9496897
9497688
9499498
9500305
9501248
9501321
9501481
9502234
9503320
9505129
9506685
9507166
9507175
9507452
9507771
9507934
9509732
9510516
9512061
9513550
9514555
9515258
9516278
9517548
9519286
9519792
9521066
9521364
9522180
9523733
9524151
9524499
9524587
9526058
9527238
9527494
9527875
9528205
9528572
9530085
9531535
9534684
9542163
9544996
9546624
9548116
9549051
9551704
9554517
9555505
9557069
9557807
9560150
9560760
9561465
9562028
9563570
9565329
9565372
9565453
9565885
9570942
9570983
9571098
9572108
9575447
9575537
9576838
9577699
9578588
9579655
9579949
9583711
9583938
9584560
9584781
9585107
9585614
9586307
9588538
9588640
9589064
9589784
9596423
9597285
9601321
9602601
9602899
9605835
9608493
9612134
9614071
9615123
9615635
9621611
9625855
9630736
9644358
9645289
9645574
9646012
9646315
9650003
9650678
9653400
9653448
9653940
9655459
9655834
9657165
9657748
9662031
9664643
9667789
9669718
9674091
9674122
9674367
9674452
9676611
9683040
9685573
9686424
9686524
9687647
9688182
9690767
9691004
9705953
9705971
9708992
9709150
9709859
9710088
9716197
9717953
9721576
9725403
9729024
9730702
9731726
9734118
9734210
9735115
9742305
9743593
9744581
9747946
9750061
9750499
9753644
9756767
9759644
9760822
9761909
9762420
9762561
9764024
9765234
9766960
9768936
9770480
9770859
9771665
9771746
9773720
9776549
9776658
9776854
9777862
9779453
9779632
9781742
9782895
9785413
9786195
9787495
9787778
9788356
9789050
9791189
9794735
9796282
9796553
9798608
9802546
9804927
9806061
9806186
9807374
9808420
9809166
9810638
9814788
9815391
9817359
9818960
9822019
9822562
9823522
9823742
9824703
9824814
9825078
9826384
9826559
9827536
9828589
9830911
9834464
9836007
9836429
9838040
9841544
9850608
9852958
9854266
9854352
9855525
9856376
9856968
9857417
9857418
9858026
9860762
9861492
9864322
9864458
9864459
9865369
9865765
9866707
9866826
9867499
9867599
9872105
9872891
9873425
9874568
9879352
9880503
9881695
9882626
9884608
9885487
9886045
9889815
9892854
9895887
9902709
9903039
9904395
9906566
9906746
9909296
9910228
9911269
9911691
9915908
9918910
9922531
9923648
9924544
9926339
9926360
9928074
9929912
9932691
9933603
9934114
9935500
9936620
9940997
9941665
9942397
9943148
9945129
9946578
9948643
9949439
9950833
9950904
9951327
9952747
9956126
9956840
9958095
9959524
9959747
9960745
9961094
9962317
9963733
9963812
9965476
9967677
9967864
9971290
9974163
9975536
9980286
9980643
9985071
9985930
9987485
9990329
9993132
9994618
9996294
9999658
10003927
10004951
10007148
10007440
10009432
10011073
10011186
10012010
10012844
10013267
10015409
10015774
10022615
10023791
10023878
10024327
10029936
10031030
10031209
10032018
10034622
10035793
10036528
10039494
10039720
10041938
10045130
10048141
10049301
10063105
10067391
10068730
10070019
10070922
10071191
10078107
10078345
10079124
10082386
10083308
10083426
10085654
10085942
10094307
10095455
10095678
10096686
10097351
10098677
10099177
10100009
10100027
10100232
10100895
10102248
10102742
10102766
10103889
10104370
10105290
10108220
10109371
10111450
10112711
10113141
10114150
10114606
10115866
10118114
10118891
10123275
10127503
10131946
10133163
10134730
10138835
10138842
10140170
10140454
10141304
10142825
10143123
10146358
10146761
10150615
10152924
10154640
10155068
10156260
10157466
10157970
10160751
10162005
10165720
10167280
10167790
10168455
10168555
10169427
10173335
10175793
10177540
10178063
10178542
10178858
10179210
10183806
10187104
10187218
10193880
10194995
10195482
10197600
10198616
10199431
10199826
10200156
10200312
10200817
10202929
10208568
10208628
10209102
10210318
10210539
10212860
10213568
10215937
10216043
10216175
10216746
10216947
10216958
10217118
10217501
10220100
10221743
10222151
10223860
10224072
10224512
10225549
10225952
10226935
10227414
10229024
10231046
10234834
10236377
10237528
10238075
10238306
10241295
10245048
10245475
10245828
10247718
10249289
10249850
10249935
10250283
10252120
10253319
10254106
10254437
10255401
10256145
10259040
10259699
10260097
10261059
10261142
10261633
10261683
10261810
10263228
10270241
10270879
10273226
10273504
10278953
10281277
10281352
10283147
10283170
10285862
10287064
10287382
10296346
10300569
10305010
10305207
10306661
10307277
10308957
10309373
10316819
10316955
10320512
10321013
10327792
10327856
10328622
10329355
10330786
10332081
10332359
10332804
10333629
10334981
10337832
10340030
10340644
10342263
10343465
10344536
10346750
10347331
10347883
10349301
10350942
10352543
10354072
10356153
10357638
10359187
10359468
10362031
10367230
10368804
10368954
10369793
10370544
10374647
10377630
10379217
10379715
10382885
10386507
10390262
10393600
10396983
10397289
10398066
10398764
10398874
10399116
10400770
10403416
10403697
10406566
10407685
10408018
10410380
10410504
10410987
10413723
10414663
10415252
10416842
10417594
10424190
10425858
10427439
10428077
10428918
10430195
10430703
10433314
10434284
10435785
10436672
10443392
10447822
10450154
10450224
10451723
10452581
10455340
10456993
10457786
10457825
10459143
10461015
10464788
10467615
10468120
10470018
10472972
10475768
10477547
10479894
10481429
10481955
10488147
10495263
10497250
10497602
10499941
10500247
10501361
10502083
10504092
10504428
10506190
10506945
10507051
10510187
10511517
10512311
10514882
10515058
10515068
10515665
10516353
10517252
10517423
10518748
10519963
10520918
10521631
10522139
10524858
10524973
10525080
10525096
10527304
10528880
10531169
10532958
10534300
10534560
10535457
10535629
10537370
10537569
10537692
10539099
10539165
10539405
10540045
10540764
10540802
10541176
10544419
10544902
10545810
10545937
10547442
10548620
10549839
10550061
10550802
10552869
10553556
10554008
10554029
10556905
10557052
