679
1556
1838
2197
3085
3713
9124
13777
17730
18625
19463
20366
21217
28684
34252
35813
44653
45817
46910
47190
47252
47357
47378
47382
47567
47763
47880
47956
48356
48406
48707
48762
49003
50113
50442
50507
50598
50756
50859
50915
51003
51058
51102
51260
51269
51289
51353
51437
51455
51569
51743
51899
53805
54055
55443
55917
57064
57453
57742
58850
60981
62588
64145
64709
66065
66136
66171
66346
66347
66383
66640
66771
66868
67121
67134
67194
67421
67449
67576
67855
67888
68205
68474
68650
68813
69100
69144
69413
69553
69658
69686
69719
69744
69868
69946
70038
70149
70150
70221
70708
70748
70812
70916
71013
71136
71535
71931
71988
72109
72314
72388
72931
73189
73376
73568
73572
74842
75469
75903
76554
76729
78359
79091
79259
79406
79728
80163
80931
81233
91093
92888
92914
93751
94021
94190
95223
101839
102165
102653
103408
103633
104112
104131
104469
106916
107062
107650
107747
107780
107926
108429
108847
109015
109412
109573
109574
109700
109866
110048
110522
110786
111166
111197
111362
111773
111931
112261
112281
112329
113096
113602
114305
114411
114482
114607
115784
116303
116402
116431
116458
116517
116915
117754
120258
120868
121125
121407
121620
122764
123808
124882
126328
126330
126446
130056
131267
132102
132659
133373
134069
134088
134304
136350
137774
141132
141140
141571
141738
144375
146111
146129
146198
146331
146913
146923
147109
147556
147628
147657
147802
147900
148278
148305
148445
148552
148931
149019
149456
149463
149467
150110
150556
151361
151367
151431
151485
151560
151648
151778
151799
151963
152037
152107
152385
152614
152620
152664
153203
153292
154085
155479
156158
157048
159343
160358
161134
161302
162419
162624
162844
163472
163926
164055
164430
166432
167033
172023
177041
177267
184693
184724
184948
187043
187142
187501
187531
187664
187883
188012
188056
188400
188443
188680
188688
188867
188873
188956
189045
189768
189788
189967
190059
190312
190335
190429
190720
190791
191098
191310
191456
191492
191645
191997
192302
193056
193166
193282
194242
194679
195105
195118
195181
195396
195449
195627
196878
197549
198610
203267
203700
203973
204961
206637
207435
210751
212046
213928
214806
215220
215775
216406
217389
223257
223876
224987
225481
225740
226811
227030
227327
227388
227727
228771
229488
229550
230469
230548
230746
230969
231434
231788
234049
234503
236810
236904
239836
240426
240437
247310
251052
251792
251818
251922
251965
252146
252214
252522
252709
252838
254432
257602
257639
262242
267282
267287
272165
272810
273601
281918
282073
283563
285931
288196
289688
291811
293124
293543
294036
294928
294950
295221
295275
295297
295854
295905
296069
296104
297444
298202
299366
300619
300754
303349
304246
304979
305045
306343
306442
306658
306975
307079
307773
309075
309685
309711
313275
314571
314725
315260
315360
316939
322032
322362
323238
323308
324657
324689
325190
325195
325215
325864
327220
327442
331781
334538
335195
335801
336424
336555
342674
343236
343777
343862
344409
344995
345406
345828
347304
348039
348131
348865
348946
349172
349689
349777
350397
351463
357223
357746
358584
358948
361498
363400
363774
370418
372699
377366
377429
377970
378084
379275
379308
380296
380854
382162
382340
382769
383403
383510
384007
387175
387392
387981
393253
395098
395886
396273
399273
399353
400324
400408
402315
402568
402738
402821
403841
403865
403918
406048
406056
407715
407854
407939
408229
408287
409034
410150
411972
412686
414466
414660
415631
415778
417137
417660
418055
418496
419365
420735
423779
427310
429820
434169
435641
437368
439025
439479
442345
446248
447985
459370
461454
462191
462820
462990
463218
463499
464251
464846
465114
465554
465737
466671
467433
468026
468144
468186
468195
468481
469001
469828
469961
469968
470474
472091
472496
473004
473499
473815
473830
473867
474188
474903
475487
475613
476422
480616
481797
482338
483452
483558
483597
487616
489126
489292
492209
494194
497698
498213
499081
516796
520694
522433
523005
523517
523748
524996
525527
527610
528883
533646
534199
536047
