8
417
605
665
1170
1229
1534
1670
1900
1956
1969
2186
2228
2347
2531
2614
2734
2766
2810
3014
3539
3610
3624
3764
3987
4041
4172
4528
4862
4989
5180
5217
5224
5576
5855
6241
6324
6523
7431
7468
7847
7877
7930
9022
10025
10068
10234
10301
10626
10833
10841
10948
10962
11735
12296
12302
12636
12688
12893
13199
14208
14663
15152
15756
16150
16249
16284
16408
16576
16845
17125
17176
17299
17474
17494
17586
17778
17876
18134
18795
19560
19785
20235
20807
20894
21058
22298
22362
22433
22714
23058
23493
24010
25505
25861
26028
26223
26630
26959
27300
27410
28796
28939
29197
29219
29426
29767
29873
29954
31828
32085
32538
32644
32902
32905
32959
32986
33040
33164
33684
34147
34190
34773
34956
35259
35978
36077
36291
36591
37988
39280
40608
41582
42314
43934
44916
45316
45945
46208
46724
47322
47865
48217
48280
48460
48766
49252
49476
50562
51017
51723
51906
52164
52198
52342
53104
53179
54029
54699
55336
56589
56735
57406
57742
57808
58978
59042
59137
59467
59779
60960
61201
61490
61894
62674
63077
63103
63991
64017
64710
65376
65645
65965
66068
67150
68430
68607
68621
69136
69860
69870
70008
70711
70757
70896
71420
72085
72241
72295
72954
73733
74188
74267
74345
75070
75364
76284
76509
76529
76767
77340
77569
78019
78072
78633
78665
79391
79907
80375
80460
80666
80939
81053
81651
81860
81940
82216
82455
82492
82661
82803
83267
83682
84167
84334
84350
84383
84392
84431
84664
84807
84971
85169
85641
85773
86005
87010
87423
87424
88155
89063
89995
90395
90438
90605
90659
90866
90934
90976
91218
91351
91720
91967
92380
92755
92895
93340
93436
93682
93800
94970
96304
96336
96368
96470
97014
97352
97513
97882
98586
99007
99056
99066
99361
99550
99607
100428
100491
100740
100823
100938
101041
101126
101598
101773
102148
103221
103825
105955
106059
106534
106601
107107
107605
107888
107999
108091
109257
109420
109741
110982
111353
111402
111429
111500
111504
111800
112460
113190
113266
113501
113654
114025
114413
114557
114560
114793
114823
115251
115286
115374
115446
115776
116003
116158
116176
116420
116511
116866
117362
117808
118211
118247
119445
119494
119524
119713
120032
120195
120232
120278
121050
121096
121109
122008
122176
123137
123355
124726
124813
125543
125703
126920
128042
128727
128819
129695
130037
130256
132266
132382
132498
132612
132710
133445
133678
133825
133888
133992
134127
134244
134578
134888
134982
135380
135630
136147
136156
136232
136327
137172
137197
137720
138113
138237
139810
139877
140835
141534
141641
141772
141894
142004
142107
142837
143014
143436
143523
143578
143703
143871
144015
144202
144366
144406
144690
144760
145357
146103
146933
147518
147828
148026
148937
149497
149662
149767
149881
150700
152134
152159
152307
152359
152791
154797
155219
155645
155804
156672
156892
156901
156930
157153
157387
157652
157748
157821
158382
158643
159215
159364
159628
161097
163048
163761
164169
164882
165276
165650
166046
166253
166559
167659
167768
168038
168242
168370
169200
169717
169878
170055
170150
170151
171044
171353
171591
172496
172868
173301
174723
175725
175934
176824
177133
177381
178133
178187
178467
178927
180317
183271
183628
184155
184338
185318
185871
186005
186609
186657
187197
187633
187992
188246
189288
189414
189588
189881
190176
190842
191786
193045
194507
194523
194546
195068
195187
195284
195300
195903
196249
196373
196617
197501
198288
199464
199777
200545
200859
202290
203208
203337
203595
203681
203920
204451
205793
206571
206983
207979
209325
210138
211062
211618
213082
213649
214079
215994
216638
216837
216957
217522
217927
218869
219028
219189
219756
220575
220811
221321
221339
222373
222435
222803
222970
223674
224053
224581
224609
225647
227277
227338
227930
229272
229946
231394
232799
233299
233465
234919
234977
235294
236109
236447
238052
238109
241465
241555
244284
