5343
25803
26168
28433
30739
31008
36531
39270
41421
41968
42909
45266
49824
51962
54243
56241
63834
63979
70747
76577
79776
79968
82699
83509
85427
87241
93462
95217
96019
111017
114871
117124
119551
119552
125305
131037
131871
145078
146245
146800
147068
149177
149615
154144
156734
157180
161799
170202
173025
173040
173747
176593
177214
178355
191237
192787
196531
204069
206656
208730
210894
211009
223167
224111
225641
226484
227200
231310
234991
238299
240576
241385
245227
245465
254863
254913
256763
258326
264324
266592
269007
281346
283149
285068
285694
288822
291815
301440
304686
304729
305282
305938
306061
307014
308003
309004
309970
310371
311054
311883
311925
311927
313363
314479
314631
317874
319322
319879
320598
323238
324882
325354
326487
326954
327774
329937
333281
342827
343611
344298
348892
351183
353406
357190
357626
358647
359053
360880
363728
363740
364889
365302
365531
366087
366336
368983
369058
371467
376048
377042
377869
378564
378857
379805
380343
380820
383885
384503
386271
386880
387719
388024
388963
389334
390260
394812
400678
401051
401477
403628
404448
406250
408744
410972
413266
414420
420194
424718
427534
433510
434616
441070
441426
444500
446754
449824
450322
452388
452850
452923
454774
461127
463250
464107
464880
465655
466881
466890
466896
467236
469227
472337
472827
479746
484330
484554
487144
496166
505087
506413
511080
516288
520493
524976
526777
536207
538490
538803
539117
539790
540196
540348
544062
548461
551773
554637
559100
561854
569069
570307
577803
577871
579414
580946
583357
583853
585196
585348
585818
587337
587480
589158
589347
590366
594044
594582
595353
595445
608270
608934
611066
611456
614728
615714
616778
619458
619891
620342
621801
625052
626216
632302
635014
636286
637914
641045
643039
649035
654160
656456
663017
664446
666597
671539
674383
676063
676136
679489
680012
683353
684574
689383
691284
693092
694551
694999
700457
700568
716359
718380
723078
723443
725575
732500
734453
736391
736578
742317
747165
747822
751217
754176
754511
754869
758421
760359
762395
770965
772656
773203
775076
775412
776113
777782
778656
779008
780837
781590
781995
782037
782476
782851
790601
791788
793076
794128
796148
796731
798102
804743
806090
807178
812385
815541
816985
821196
822527
823489
825134
826415
827645
828754
831019
836105
836168
846792
849542
851049
854301
855033
856701
859501
860434
861659
864517
866745
867979
869444
870457
872088
873244
873693
879629
883844
886169
886256
888517
890905
892392
893145
894472
894720
901818
902657
903102
904294
905699
908020
912332
912792
912817
916280
917004
918760
922136
925303
926497
927736
935935
937920
938351
942247
943538
944868
948487
952360
955662
956852
958341
963644
964852
966023
966645
967110
968404
970425
974744
974840
974939
976220
978220
980107
983678
984359
984602
984682
985152
986466
987098
992342
996987
998711
1000627
1020568
1024406
1024671
1030141
1036899
1037983
1040184
1041842
1049314
1049591
1050329
1050894
1051272
1051483
1052056
1053018
1054203
1055285
1057117
1057818
1060525
1062725
1063275
1065953
1067332
1067477
1070150
1071880
1074245
1077222
1077277
1077623
1078040
1082536
1087001
1089301
1091474
1091840
1092271
1092302
1095136
1097722
1098948
1101353
1102322
1102655
1104647
1104776
1106684
1107411
1111529
1113652
1114423
1114629
1120130
1122182
1126039
1129346
1130758
1134602
1135717
1143750
1147462
1148525
1149460
1149912
1150273
1150306
1151874
1155741
1159666
1160442
1161316
1162951
1165753
1166116
1168460
1169525
1170107
1170836
1171284
1171967
1172467
1173698
1173723
1176924
1179732
1188095
1188718
1191131
1193522
1194108
1195231
1195787
1195910
1200649
1201572
1201663
1203706
1204729
1206398
1208320
1209039
1210361
1212500
1213189
1215261
1217266
1219325
1220745
1222002
1222960
1223277
1225630
1228360
1228814
1229727
1231641
1231788
1231789
1232445
1234316
1235149
1235644
1237471
1237828
1240892
1242860
1250684
1252377
1252985
1253998
1255165
1256311
1256577
1258458
1258741
1260230
1264070
1264757
1266672
1267882
1269005
1269185
1269227
1271197
1273082
1273772
1279928
1280287
1280848
1281407
1283402
1285132
1285441
1289140
1289905
1292871
1295291
1296939
1297395
1298035
1298732
1302853
1308142
1312631
1313451
1321345
1322861
1323491
1324354
1329629
1332361
1333497
1334650
1337713
1341825
1343874
1347750
1353715
1354959
1359010
1362688
1368799
1369242
1369943
1375899
1378235
1381816
1384199
1385302
1388064
1388091
1390218
1394172
1396414
1402208
1402757
1403718
1404048
1406501
1407010
1407085
1407348
1412524
1413655
1423895
1426649
1428822
1430127
1431358
1431955
1435609
1436115
1439064
1440221
1441581
1442024
1443718
1444473
1447219
1449677
1451372
1451414
1452316
1453958
1455315
1457549
1460547
1460593
1462263
1462463
1464457
1464705
1466057
1469967
1473811
1474691
1475143
1478419
1478529
1481993
1485941
1487452
1492022
1494276
1500147
1508958
1510745
1513090
1514412
1516616
1518639
1519008
1521967
1525771
1529583
1533325
1533586
1534808
1537201
1541059
1542369
1543627
1545730
1552802
1552839
1555822
1558033
1560410
1568576
1568836
1580023
1586572
1591482
1598220
1602042
1603938
1610490
1612541
1616911
1620558
1621425
1626878
1627012
1627259
1627478
1628507
1631239
1632728
1635935
1638425
1643258
1647407
1648321
1653952
1658679
1662695
1665301
1666294
1667117
1667342
1669555
1671449
1671546
1673400
1679783
1681321
1684872
1685013
1687549
1688084
1688298
1688910
1691015
1691079
1692163
1695741
1701838
1706684
1710917
1711298
1711737
1713265
1714046
1716696
1716828
1717088
1718368
1719327
1720145
1726939
1728761
1730387
1736399
1743082
1747220
1748336
1751911
1754898
1756255
1760217
1760657
1763167
1763714
1765439
1767049
1767223
1769729
1773390
1773783
1775621
1776048
1777724
1778331
1778888
1782433
1785486
1786873
1787023
1787102
1791773
1796089
1804655
1807413
1808517
1810728
1810803
1815582
1816203
1824332
1827579
1831938
1833876
1836186
1840630
1845568
1846158
1849244
1855440
1860296
1860352
1860949
1862312
1866094
1866621
1866626
1868733
1871275
1872690
1877409
1880830
1893058
1894074
1896376
1896842
1899766
1912228
1917506
1918992
1920675
1920926
1926495
1926798
1927039
1930378
1932401
1935042
1937919
1938679
1950441
1952403
1952483
1956270
1956406
1957871
1958217
1962423
1962507
1967717
1969548
1969646
1972770
1975619
1978539
1979294
1983478
1985620
1988680
1989914
1994534
1995249
1995982
1997915
1998012
1999886
2000850
2008914
2009885
2011171
2020932
2021907
2026175
2026235
2026837
2027937
2030487
2031307
2032046
2034013
2035123
2036455
2040315
2042065
2042565
2043349
2044455
2045295
2047612
2051726
2057155
2057264
2058437
2070344
2075422
2078789
2081389
2082366
2087116
2089067
2090531
2095424
2097598
2099106
2103918
2108328
2110423
2114133
2114621
2118520
2119669
2120304
2121393
2121423
2122967
2125494
2127433
2128274
2130035
2130372
2134749
2135870
2136540
2139931
2141642
2142358
2146008
2148160
2153870
2155827
2156182
2156518
2156561
2158508
2169028
2170988
2175044
2175896
2179390
2182289
2184164
2185443
2186136
2191282
2196291
2197191
2197749
2197891
2205012
2207570
2216575
2216906
2217526
2219549
2219598
2221017
2224422
2224577
2224900
2226712
2231562
2231825
2239014
2244201
2248004
2249080
2249635
2249784
2249882
2251751
2253275
2255375
2255640
2257834
2258814
2263675
2265721
2266568
2268355
2269906
2273424
2275788
2277689
2277887
2281584
2281680
2286923
2292861
2294048
2296627
2302493
2304827
2306920
2307645
2310138
2314323
2316276
2322739
2323666
2324062
2324433
2326100
2326592
2326706
2327672
2331332
2336284
2336608
2339645
2341971
2345542
2348307
2351552
2352280
2356091
2358458
2362054
2365418
2368361
2369493
2374807
2377065
2379877
2381326
2383485
2389406
2391139
2395666
2398472
2400765
2405613
2405843
2408305
2409375
2410543
2410954
2413841
2416484
2420568
2422041
2424659
2428661
2429127
2435776
2436893
2437016
2438493
2438821
2439131
2439348
2440106
2440703
2440805
2445113
2455248
2459948
2461504
2463759
2465528
2470483
2471522
2472286
2473483
2474334
2474654
2475240
2475880
2476291
2476621
2476805
2477358
2477701
2477831
2477948
2478731
2480410
2480915
2484569
2484584
2484927
2489118
2489835
2491009
2492041
2492326
2492763
2493491
2494626
2494971
2495029
2495110
2498170
2503376
2507483
2507814
2510510
2510917
2512141
2513363
2513454
2515509
2518831
2519767
2522670
2530244
2531841
2532922
2536579
2537152
2546541
2546787
2551070
2554110
2562244
2567806
2568421
2569340
2571727
2574707
2577272
2577464
2581933
2584691
2586164
2586973
2589613
2590385
2596638
2596860
2597362
2598938
2599015
2599629
2600147
2604218
2606251
2607542
2609742
2611301
2619532
2620392
2622109
2622500
2624511
2625608
2636101
2638278
2638407
2640689
2640692
2649139
2650498
2654315
2655203
2656103
2658924
2660597
2661486
2662274
2665404
2666070
2667943
2668464
2668822
2674592
2674982
2675017
2677381
2680357
2681490
2686655
2686719
2688296
2689052
2690514
2691771
2691990
2696780
2700302
2700547
2700563
2700647
2702788
2703678
2714420
2715342
2717183
2717806
2721964
2723698
2723811
2730791
2732838
2733350
2736968
2740397
2741375
2743966
2749645
2754386
2755040
2755907
2759996
2760135
2761202
2761660
2763641
2763927
2764120
2766365
2769227
2769972
2773818
2774928
2778430
2783794
2783842
2788910
2791065
2791334
2791338
2791494
2793024
2794276
2794336
2796865
2801726
2803650
2804034
2805415
2808518
2815437
2824398
2826755
2830800
2830881
2831451
2836747
2838496
2838780
2839963
2840019
2841601
2844110
2845619
2855966
2856762
2861368
2861370
2863127
2864291
2864709
2864914
2867079
2870301
2872012
2872035
2872438
2875023
2875975
2879465
2879968
2880572
2880720
2883754
2888516
2888644
2890437
2895025
2895536
2896275
2898109
2904486
2905104
2906057
2906391
2908051
2909041
2910609
2912509
2914420
2915379
2916721
2922458
2927412
2937487
2938830
2940452
2945025
2946013
2946564
2951037
2953446
2956183
2958057
2959973
2960536
2965598
2967848
2968316
2969786
2970948
2972872
2974148
2975098
2976179
2976193
2976328
2976625
2978092
2978371
2979384
2980054
2980163
2980258
2980670
2982081
2984664
2985100
2986260
2991208
2991346
2991481
2993902
2994877
2999054
3001941
3004720
3005486
3006331
3008666
3009019
3009994
3014868
3016058
3017173
3017886
3020306
3020927
3021745
3022525
3023064
3023148
3024468
3027663
3027863
3028550
3029406
3032446
3033826
3034304
3034537
3036740
3039478
3041843
3052494
3054508
3059381
3061140
3061682
3064198
3066945
3068055
3069737
3074370
3074436
3076149
3077686
3078903
3085462
3087831
3089288
3091791
3092972
3098360
3098504
3098711
3101208
3103110
3103252
3104925
3106360
3106784
3111647
3113892
3116590
3117126
3120828
3126250
3126724
3126725
3128349
3131857
3132116
3136353
3136799
3136974
3137722
3138836
3141393
3142198
3142692
3145152
3145840
3146512
3149467
3151128
3154704
3156276
3157622
3159781
3163410
3165155
3165794
3173706
3178161
3180783
3183783
3186046
3188084
3190549
3190793
3192787
3194665
3202740
3203348
3205247
3210927
3214898
3217516
3224177
3233423
3243041
3245077
3246609
3246616
3246650
3247670
3248115
3251453
3254082
3255553
3257230
3260787
3261591
3262657
3274563
3277369
3280240
3280992
3281172
3282137
3283262
3283516
3284403
3284947
3286379
3288382
3291740
3291838
3292869
3292876
3294795
3294815
3298953
3300783
3304372
3307498
3310744
3311340
3311498
3312717
3313060
3315951
3319094
3319293
3320355
3324302
3326393
3331105
3331800
3332481
3333691
3334195
3336347
3339070
3340391
3340537
3345379
3346615
3348548
3350561
3353547
3353711
3353752
3356942
3357288
3358611
3367560
3370677
3373923
3376137
3382082
3384362
3384909
3386128
3388688
3394420
3396004
3402022
3406599
3406838
3411991
3413615
3418106
3419232
3419589
3420254
3421257
3423335
3423491
3424949
3426076
3427031
3427978
3432798
3437353
3441316
3444790
3447845
3448565
3452019
3454755
3457119
3460754
3460936
3469518
3469769
3473030
3475731
3477467
3477558
3478796
3480091
3480345
3480525
3483746
3485270
3485713
3486069
3489731
3492862
3495348
3496509
3497654
3498901
3500911
3505810
3506163
3507290
3508832
3510574
3515754
3516308
3519079
3519330
3519523
3520073
3520904
3524941
3530453
3531383
3533464
3538074
3542920
3543422
3544967
3552308
3553572
3562870
3566290
3569047
3570083
3571466
3573292
3574631
3579296
3581267
3588495
3591982
3593898
3599432
3600671
3603427
3605563
3606277
3606302
3609273
3618118
3619346
3619620
3624798
3630072
3631463
3634053
3635909
3637355
3638569
3639282
3641701
3644517
3650529
3657602
3659272
3660355
3661798
3667162
3670807
3676015
3676499
3681542
3682665
3690817
3696099
3696293
3696808
3704121
3704276
3709242
3713305
3713791
3716609
3717651
3718302
3724310
3725976
3727412
3729836
3732144
3734490
3735571
3748026
3748803
3754679
3757526
3762418
3763999
3767966
3769113
3774036
3774465
3776358
3776907
3785904
3786598
3789852
3791601
3792136
3800658
3801137
3802910
3810486
3812400
3813409
3817205
3819533
3826215
3828431
3830433
3837919
3838099
3838214
3841788
3844859
3847608
3850982
3852028
3854089
3857447
3857612
3861497
3863609
3865831
3869592
3870773
3872065
3874025
3878743
3879047
3880263
3881939
3883407
3886844
3893560
3904736
3906227
3908669
3909595
3914891
3915076
3919643
3920496
3926646
3934788
3934811
3935905
3937610
3943429
3948867
3949134
3949577
3949842
3952248
3953275
3955208
3956367
3956781
3961039
3961351
3964335
3966200
3968608
3975111
3979207
3980792
3981885
3983433
3986213
3987087
3989324
3990841
3995219
3996516
4003478
4003711
4008642
4011466
4012548
4020193
4021514
4024488
4025412
4026564
4027386
4028505
4030700
4031784
4032513
4034483
4035804
4036983
4037813
4038237
4049267
4052537
4055824
4060397
4061125
4066470
4068503
4069918
4075063
4080282
4083348
4086501
4087881
4087967
4088572
4088822
4091590
4092357
4093005
4095584
4103364
4103568
4103981
4109295
4115856
4119621
4122453
4123252
4123430
4129434
4133692
4133824
4134753
4136558
4143052
4143324
4143640
4143917
4145333
4145741
4147912
4148445
4150182
4151824
4152445
4155383
4155904
4157183
4157430
4158752
4159568
4160584
4161934
4167798
4168284
4170800
4171097
4173260
4173681
4174049
4178762
4183283
4184030
4187946
4193386
4195561
4196670
4198635
4200920
4201026
4201864
4207631
4211851
4217498
4219098
4220636
4222083
4226501
4231969
4234782
4241643
4241836
4242641
4248686
4254621
4259949
4261460
4261970
4262107
4269923
4273697
4276219
4276646
4281730
4282403
4285389
4285835
4290412
4290949
4293342
4295606
4296049
4298166
4300003
4303205
4304659
4306265
4307594
4309134
4309848
4310306
4310654
4311267
4314286
4314499
4317723
4318932
4319233
4320965
4321863
4329652
4330461
4331015
4335488
4338952
4340415
4343427
4343496
4345920
4346350
4348068
4349598
4350029
4353310
4357767
4359456
4359752
4360259
4376525
4380515
4381891
4382259
4384005
4385025
4385338
4387449
4389004
4391634
4397263
4400095
4401878
4405032
4406348
4406728
4409892
4412541
4413097
4414891
4419889
4421172
4421551
4431115
4433092
4437622
4439854
4442738
4445413
4445754
4445895
4446430
4448569
4452798
4452885
4452937
4453888
4457936
4459328
4459729
4461510
4462213
4462754
4463931
4463976
4464501
4466566
4468662
4469026
4470610
4472303
4473611
4477621
4478702
4480765
4480847
4481401
4482010
4486172
4492372
4497988
4499053
4499912
4501249
4501861
4502776
4505471
4507685
4509038
4509891
4510445
4516331
4519636
4520812
4521336
4523434
4523637
4527648
4528098
4531900
4532698
4532773
4534537
4538379
4539915
4540162
4548731
4556873
4557281
4560225
4564339
4566179
4568041
4574032
4574530
4576434
4577215
4578208
4578867
4579069
4581425
4583010
4593688
4594472
4595991
4598008
4598306
4600349
4601854
4603324
4605715
4606587
4607612
4614654
4614780
4617287
4621370
4627398
4628965
4629004
4631032
4635860
4640030
4640541
4642083
4644371
4650951
4655552
4658350
4663371
4663721
4664524
4665790
4670093
4671474
4676396
4678505
4680093
4684109
4684650
4686690
4690472
4691802
4695887
4708885
4710473
4713247
4723967
4726278
4726550
4727081
4728816
4730401
4731452
4734680
4735355
4736176
4739263
4743876
4744183
4761332
4765761
4767682
4774297
4774736
4777985
4779853
4779987
4785239
4785685
4790684
4793126
4796580
4800123
4800387
4800427
4809327
4809443
4810702
4816256
4816617
4817412
4821646
4823294
4824852
4831168
4831823
4835218
4837233
4840324
4840337
4841108
4846660
4849204
4850719
4851861
4855725
4856038
4857569
4859354
4860476
4866022
4868348
4869950
4874602
4876830
4877975
4879206
4879751
4880052
4880204
4880965
4882677
4895012
4896670
4898924
4900099
4900971
4903507
4906103
4908842
4911919
4913470
4913773
4923501
4928638
4937763
4938155
4939971
4940229
4942422
4944732
4944901
4947548
4947688
4950359
4952177
4952757
4953817
4956025
4960572
4962501
4964027
4968028
4969778
4971319
4972317
4973554
4986309
4992312
4992779
5001645
5004753
5005074
5006572
5010454
5010979
5013444
5016767
5018774
5019055
5021497
5023358
5027511
5028607
5029679
5038910
5044374
5046041
5056489
5057154
5057268
5065753
5067467
5068446
5068854
5070247
5074571
5075317
5082179
5086386
5086699
5087788
5100794
5102206
5102898
5105860
5106713
5107474
5108042
5113603
5114935
5115821
5116306
5123424
5130760
5132130
5136802
5137190
5139861
5140766
5141579
5144275
5145436
5148470
5149575
5150410
5150570
5152367
5152687
5160064
5161658
5164441
5164842
5169576
5170129
5170745
5172160
5173792
5174451
5175708
5178641
5179396
5184247
5185328
5191127
5192368
5195456
5196604
5198435
5200136
5201864
5205906
5209349
5209389
5217634
5218388
5218454
5219712
5223369
5225445
5227897
5230643
5238986
5240270
5241852
5244624
5249735
5250612
5251897
5252547
5253173
5256677
5262486
5267562
5267780
5275660
5277731
5281123
5282264
5283067
5285535
5288502
5290201
5290438
5290504
5293382
5301173
5306564
5306624
5306755
5307742
5310107
5322070
5324213
5328499
5330073
5330339
5330779
5331104
5334272
5336186
5338415
5341645
5343405
5345417
5346283
5346571
5349533
5351102
5353172
5353707
5354104
5357231
5358380
5360199
5362260
5369826
5376775
5377399
5383669
5391316
5392235
5392820
5399347
5400030
5400373
5400966
5401713
5409395
5410571
5419328
5420660
5423101
5425464
5433988
5436943
5437572
5441544
5442049
5443666
5445339
5450051
5452698
5456252
5465322
5473299
5481237
5486073
5486380
5488448
5492872
5494601
5494812
5500250
5501333
5501480
5502441
5505294
5507131
5508037
5508612
5511035
5512781
5513492
5513578
5521685
5523173
5525544
5529853
5530774
5531470
5533143
5537993
5538943
5545099
5548493
5548964
5550655
5556653
5556935
5558072
5559915
5561538
5561587
5568172
5568966
5570314
5577224
5578174
5579478
5580533
5583245
5584742
5588155
5594947
5596349
5599747
5603749
5606661
5609658
5614067
5617716
5624659
5624752
5625269
5628710
5632506
5642214
5645790
5646440
5648235
5652231
5653084
5654399
5657079
5657234
5658342
5660644
5663048
5663336
5672284
5672572
5674443
5686998
5689536
5690083
5691498
5696427
5702990
5706218
5707183
5707669
5708756
5711587
5712640
5715888
5716421
5721138
5721562
5734201
5737046
5738416
5744564
5749007
5749539
5750190
5750830
5751152
5753555
5755627
5760631
5763318
5767731
5771789
5784348
5785118
5787966
5789797
5791537
5795366
5807569
5810257
5810567
5816501
5818306
5819347
5821893
5824099
5824847
5825496
5825792
5827857
5834731
5841350
5844510
5846909
5860905
5862262
5868323
5871203
5872089
5872092
5872898
5874333
5876710
5882390
5893887
5895088
5898661
5902954
5904410
5906362
5910438
5913864
5915056
5915830
5915905
5922899
5925422
5931609
5937803
5938662
5939146
5940059
5940993
5942210
5945024
5946308
5951374
5951813
5954162
5957045
5965625
5965999
5967922
5970757
5980963
5981935
5986059
5986413
5989666
5995343
6002519
6009571
6012631
6017600
6018487
6021611
6027700
6028754
6028965
6029489
6034212
6034483
6036480
6037512
6040833
6041408
6044080
6044626
6045414
6047354
6053365
6053401
6055998
6057068
6057909
6060630
6061319
6063926
6065484
6068101
6069286
6069566
6069977
6073785
6076848
6077382
6082452
6084372
6084879
6088798
6089210
6090020
6092593
6100236
6102783
6103274
6114252
6121747
6128116
6133922
6135815
6142160
6142542
6143704
6144894
6145683
6145688
6146033
6154749
6164780
6167447
6172241
6173177
6174240
6177968
6180046
6182713
6186632
6189536
6195173
6196374
6196506
6197256
6198548
6201611
6211242
6216971
6224931
6229778
6232964
6233199
6241290
6242595
6244210
6244991
6245369
6246531
6247163
6247625
6249371
6253582
6256543
6258758
6261632
6261911
6262235
6264479
6266283
6266924
6270608
6276417
6280585
6287718
6289190
6290705
6292171
6293018
6293648
6297379
6297785
6303297
6308855
6311205
6312351
6313599
6316978
6320491
6320769
6331506
6331765
6337093
6340944
6347613
6347643
6348901
6352432
6352781
6354338
6354500
6356367
6365848
6369490
6369832
6384425
6396654
6405045
6407993
6416341
6419487
6421321
6428129
6437605
6438318
6441747
6442548
6445404
6445787
6445929
6449244
6452687
6453873
6454028
6454168
6458099
6458661
6460401
6467235
6471865
6478347
6478644
6483844
6485211
6490879
6493022
6497776
6503003
6512703
6514459
6515857
6515960
6531219
6532842
6542396
6544256
6551816
6552642
6554411
6554470
6555169
6559378
6575327
6577153
6581115
6589413
6589797
6590649
6595434
6597314
6599636
6610971
6612082
6614403
6622232
6626244
6631729
6632360
6633346
6634631
6635064
6636849
6637666
6649538
6659715
6664440
6666657
6668354
6669604
6671808
6672445
6673015
6676900
6681807
6684012
6686146
6687589
6694140
6695182
6695292
6700168
6700940
6703147
6703521
6706864
6710761
6711321
6712872
6715619
6719326
6723217
6723658
6730597
6730855
6733971
6734132
6735917
6738194
6738497
6739408
6742754
6748322
6749921
6755390
6759668
6761582
6768773
6768849
6772481
6782874
6796979
6802863
6806438
6812654
6813741
6814008
6817220
6823418
6824543
6838653
6842893
6845331
6845774
6845924
6846381
6854426
6857139
6857303
6857770
6861557
6868194
6875843
6877886
6889810
6890420
6894608
6897736
6898857
6902528
6909079
6914792
6917269
6920573
6922849
6925386
6927548
6930072
6930760
6934078
6937100
6937497
6941536
6942355
6943243
6948390
6948855
6952487
6954275
6955538
6958072
6964924
6965263
6965700
6970912
6973194
6979499
6981874
6982723
6986564
6986680
6987436
6990646
6990996
6996531
7008525
7019743
7025831
7031311
7034670
7035455
7037504
7039010
7044539
7046749
7048899
7051503
7052142
7054461
7057935
7060129
7065542
7066136
7069189
7069725
7073319
7073561
7081208
7081738
7084317
7084457
7084702
7087023
7087674
7092756
7093634
7098709
7100495
7110444
7113053
7113420
7113733
7114470
7115374
7116277
7116838
7117005
7117597
7119289
7119951
7121514
7122309
7123009
7124143
7125178
7125254
7126705
7126858
7130577
7131970
7136746
7139612
7142054
7144136
7147333
7147938
7148007
7148390
7151567
7158040
7158917
7160689
7160797
7161849
7164347
7168627
7169782
7170029
7170058
7172521
7173227
7175114
7177358
7178637
7182029
7182084
7182103
7182706
7186007
7186018
7186406
7192754
7197319
7197787
7201132
7201923
7203258
7204842
7222254
7225476
7230659
7232491
7235043
7237619
7242215
7243713
7247406
7248360
7249849
7266949
7268889
7278896
7280926
7284877
7288190
7292272
7294268
7296022
7298838
7302201
7302591
7303261
7303272
7308023
7310248
7314331
7315404
7315639
7318057
7319464
7322274
7327674
7328068
7331616
7332856
7337437
7337519
7337845
7343215
7344091
7345998
7346523
7348407
7349215
7349869
7353077
7354184
7358937
7360857
7365022
7373251
7376390
7376578
7377135
7382732
7389969
7411426
7414542
7415616
7416979
7420569
7425614
7431620
7435400
7436538
7440514
7441038
7441177
7446752
7450035
7450876
7454137
7454566
7455607
7457970
7460894
7462226
7464143
7464796
7465084
7472470
7474512
7474707
7478426
7478730
7480263
7489179
7489919
7491434
7492274
7492730
7496407
7497750
7499592
7499732
7505070
7508380
7508937
7509993
7511100
7516672
7517922
7519605
7520226
7524942
7525764
7526895
7527450
7527851
7527907
7528375
7533047
7535529
7535807
7537500
7540139
7542719
7544007
7548224
7551028
7554487
7554901
7554911
7555327
7561105
7561195
7562006
7563531
7565762
7566077
7568072
7571096
7582028
7582651
7583523
7584982
7591326
7592043
7592235
7595129
7596952
7599242
7599888
7601937
7603787
7605373
7609069
7612200
7614568
7616678
7624398
7630313
7633746
7633845
7634399
7638353
7640194
7642404
7645717
7648193
7649718
7659013
7665662
7669836
7670507
7671140
7672883
7672928
7674535
7677965
7678527
7680503
7685220
7687780
7688985
7689008
7699935
7700571
7703164
7705714
7707288
7712186
7714045
7725665
7726349
7728366
7728483
7737772
7737915
7740039
7740067
7744450
7748250
7750629
7752414
7753866
7771585
7772733
7775307
7777351
7778022
7778052
7780051
7783544
7792223
7793374
7793714
7796596
7800816
7803697
7803899
7805595
7805601
7805931
7809359
7813182
7822416
7823103
7823279
7825505
7826176
7826287
7828337
7831962
7833290
7834616
7835875
7836727
7837515
7838464
7838595
7840099
7843073
7847290
7854260
7855232
7860416
7865027
7865891
7867188
7869747
7871960
7875667
7877514
7877711
7880558
7882475
7886286
7888128
7889128
7893066
7893198
7897100
7898039
7904013
7904515
7904962
7907935
7913825
7914234
7917530
7930533
7932623
7933733
7941669
7943021
7943221
7944865
7956774
7956965
7958714
7959889
7960750
7962258
7963971
7963980
7965581
7966671
7967417
7967914
7969437
7971014
7974814
7974963
7975645
7977334
7977511
7978919
7979030
7982018
7987511
7993472
7996827
7997068
8000873
8001557
8004111
8005129
8006307
8006552
8011187
8013399
8015207
8015569
8016483
8019999
8031191
8035283
8044832
8046906
8049476
8050584
8053062
8056639
8056732
8057082
8057523
8057750
8059331
8059635
8066290
8068555
8068972
8073907
8076301
8085919
8088602
8089566
8093111
8096441
8105917
8106766
8108461
8116265
8117897
8119926
8126934
8129507
8131236
8147981
8151213
8152556
8153423
8153815
8157386
8162459
8163369
8166923
8172894
8176813
8181148
8182563
8189420
8191865
8194433
8194674
8199013
8203537
8205302
8207985
8211191
8222712
8225904
8226671
8226811
8227199
8237141
8244740
8245318
8245398
8246730
8246769
8253233
8254367
8255712
8256028
8259160
8264302
8264872
8272580
8274008
8274315
8275796
8279689
8281159
8288110
8288705
8300875
8300998
8304592
8305161
8307445
8314077
8316530
8318219
8319871
8322612
8323146
8328060
8329536
8330873
8332114
8334747
8337053
8337399
8338290
8339087
8349200
8353699
8354447
8354713
8354775
8356188
8363293
8365918
8368677
8371001
8372417
8375621
8380986
8382847
8384338
8385021
8385992
8388506
8389553
8398561
8398640
8399202
8400551
8401321
8402642
8404413
8407211
8408799
8411871
8412151
8418745
8419902
8423946
8425486
8435259
8436146
8438485
8439615
8450832
8453758
8454571
8461663
8462429
8464393
8467435
8470457
8470886
8476121
8478125
8480248
8481004
8481653
8483076
8483079
8483348
8487598
8488959
8495124
8497508
8500036
8502123
8502334
8504556
8506339
8507374
8510031
8510235
8512895
8514229
8517168
8523738
8528702
8532644
8532765
8536196
8536676
8538848
8539100
8540519
8544449
8545467
8545517
8546792
8548168
8548358
8551241
8559992
8560351
8560702
8565652
8567971
8569901
8570967
8575027
8577818
8581158
8582195
8583110
8586846
8587684
8588039
8588833
8591109
8593792
8602039
8602713
8603964
8607731
8612644
8619701
8620007
8621294
8622069
8622223
8623210
8624706
8625100
8626615
8637180
8645397
8645697
8646614
8648338
8650716
8651093
8651615
8652173
8655599
8655648
8658218
8661293
8664044
8664289
8668136
8671064
8671248
8675322
8683969
8684790
8687555
8690527
8693238
8694147
8706866
8709601
8712240
8716186
8718736
8721246
8721265
8722857
8725229
8727968
8734244
8735868
8736026
8738285
8744013
8748317
8750395
8750996
8753195
8757653
8758154
8767978
8769497
8771058
8771707
8772684
8772841
8773143
8777837
8781257
8785676
8786964
8789531
8789535
8791400
8794676
8796262
8797998
8799408
8801110
8803386
8806159
8814236
8817810
8817872
8819722
8820164
8820787
8828310
8829007
8831020
8831787
8832175
8833156
8836937
8837226
8841928
8849004
8850050
8850630
8850864
8862263
8864089
8865585
8866197
8885957
8885994
8888075
8891571
8896092
8902947
8905202
8913092
8915164
8921232
8923695
8925417
8926145
8927553
8931284
8935590
8939108
8940230
8942419
8943880
8946843
8948036
8948143
8948304
8949577
8951649
8953943
8954395
8954793
8958297
8961974
8963502
8965761
8968106
8973749
8979931
8981322
8982016
8988219
8993437
8996405
9000708
9003712
9005895
9007922
9012311
9016281
9021573
9026006
9027337
9027495
9029042
9032759
9044832
9050589
9057993
9061266
9063344
9069444
9070413
9071529
9071597
9072827
9074654
9075158
9077750
9081893
9083115
9085980
9087199
9094323
9094351
9095135
9095424
9095837
9096600
9097531
9099022
9101355
9102382
9103265
9104823
9106052
9112421
9115135
9120576
9121443
9125092
9139303
9141874
9144573
9145830
9147007
9148507
9149683
9153940
9162157
9164843
9169647
9174818
9179246
9179401
9187836
9191961
9194656
9196195
9197371
9202592
9206168
9212196
9212323
9212338
9215781
9216760
9217739
9226734
9231224
9233379
9234299
9234468
9235437
9236765
9237291
9238446
9242943
9246193
9248585
9251290
9254229
9256318
9256730
9257075
9260207
9264548
9269270
9270363
9273211
9275391
9281708
9283006
9287777
9295653
9295915
9299656
9303119
9304491
9305442
9314311
9314321
9323910
9324487
9329529
9330844
9332595
9333924
9334592
9341068
9350159
9353181
9353442
9356269
9357984
9360001
9362769
9366588
9368310
9377334
9380722
9387720
9388593
9395901
9397021
9398692
9400708
9408554
9410967
9411457
9411752
9413916
9421972
9422572
9424127
9428109
9430219
9430674
9430763
9432764
9446121
9455252
9457310
9458031
9458313
9463522
9465567
9469192
9471453
9472810
9473266
9477250
9477831
9478001
9478184
9480511
9485606
9486900
9488965
9497570
9499822
9511961
9513922
9515172
9516615
9517797
9522968
9524163
9524666
9526018
9526813
9528798
9532995
9535016
9535080
9536505
9537659
9540119
9540824
9544324
9559209
9559292
9560697
9562049
9566410
9567778
9573255
9574269
9581414
9588342
9588956
9593758
9595681
9597474
9599772
9600756
9603672
9604951
9605329
9612355
9615002
9617082
9618156
9618452
9620821
9621893
9623943
9625805
9632499
9638589
9640286
9644939
9645815
9650607
9658357
9660296
9660641
9664270
9665790
9669343
9670752
9671802
9672628
9678227
9679671
9684155
9685142
9686854
9687606
9688022
9688099
9691108
9694248
9697349
9698431
9706229
9708235
9709501
9710393
9713689
9720766
9720834
9727117
9728867
9730442
9731986
9733403
9737766
9739907
9745455
9746626
9747783
9758770
9760218
9760827
9760950
9760982
9766313
9777643
9778999
9779972
9780653
9783777
9785178
9785973
9787708
9790839
9790943
9792882
9795625
9799177
9803253
9804812
9807878
9812484
9812854
9820217
9820646
9826744
9827513
9830949
9835199
9837600
9837810
9838981
9839545
9840174
9841146
9848411
9851771
9853917
9857086
9857614
9859942
9861621
9865035
9866585
9868302
9870049
9873090
9881700
9883854
9888286
9890215
9894170
9896330
9896395
9896727
9898197
9900873
9902181
9908140
9908467
9912098
9919222
9919243
9920570
9921391
9922555
9923703
9926905
9933370
9933864
9934096
9934834
9940358
9940828
9941382
9946575
9951387
9953345
9954776
9957290
9958599
9960622
9961047
9961351
9964860
9969357
9969513
9972263
9973221
9975845
9977295
9981168
9992251
9992427
9994882
9996975
10000283
10001134
10005016
10007520
10007648
10008995
10009385
10009847
10012610
10014879
10015326
10019709
10020592
10021783
10028361
10031220
10032452
10035869
10036170
10038082
10040536
10048448
10051054
10068703
10071865
10072372
10076571
10081208
10084951
10087666
10091302
10092793
10094132
10096826
10098820
10099300
10099924
10101731
10105488
10105830
10110707
10112316
10115898
10117387
10122282
10127375
10131594
10134074
10136171
10139072
10150096
10155440
10164948
10179534
10179705
10182058
10184110
10186946
10192978
10198051
10198964
10202561
10208762
10208913
10210469
10217674
10218062
10220482
10225042
10225231
10226560
10231985
10235316
10240627
10247078
10257221
10262605
10266261
10266574
10271226
10271565
10276024
10280047
10282573
10293465
10294793
10296606
10296899
10296949
10302982
10303581
10305268
10305704
10310282
10316805
10317220
10321201
10322747
10327355
10331694
10337958
10339146
10349430
10351599
10361486
10365519
10369727
10372081
10373153
10380107
10384839
10390090
10395387
10397577
10397717
10399295
10400655
10401992
10402397
10403556
10405593
10407802
10409007
10409041
10410610
10417376
10420307
10428008
10434805
10437256
10439230
10443117
10447977
10458444
10461861
10463092
10464658
10466465
10471093
10471204
10472231
10477453
10478336
10479699
10483074
10484131
10484999
10485160
10492817
10493378
10502895
10505894
10506650
10511857
10514989
10515257
10515867
10517788
10519870
10523898
10525406
10530073
10530206
10533041
10536847
10540595
10543997
10544480
10545288
10547552
10550016
10551870
10554010
10556024
10557913
10558616
10559146
10560517
10561577
10563618
10566772
10568669
10570296
10577682
10579759
10580832
10580886
10582478
10585389
10586662
10590089
10590405
10595103
10595564
10596324
10597326
10602258
10605575
10606479
10610482
10617643
10621454
10622693
10622823
10624953
10631099
10631227
10633463
10635404
10637156
10639268
10646601
10648060
10648647
10652066
10652557
10655170
10665766
10673131
10673348
10674381
10675584
10676761
10678467
10679362
10682959
10686249
10686409
10687905
10688686
10688694
10689256
10692885
10696534
10700992
10702922
10709514
10709999
10712572
10718552
10722756
10728096
10728110
10735049
10738568
10740482
10740871
10749652
10749918
10752454
10754675
10755120
10762444
10766167
10768095
10769288
10770361
10774356
10776059
10776247
10776821
10778648
10782774
10783065
10786429
10788138
10790621
10793011
10800128
10800350
10800730
10801597
10803429
10803665
10804979
10805302
10814463
10815708
10820292
10822524
10823826
10824238
10824662
10844048
10845241
10847005
10858668
10863283
10871151
10872591
10876009
10878226
10897854
10901578
10901788
10903979
10915967
10917422
10917780
10918352
10922733
10929555
10938648
10944764
10948166
10948414
10948765
10954642
10963751
10963887
10967325
10969024
10971731
10973582
10974227
10978321
10981608
10984036
10985990
10987684
10988075
10990895
11001387
11003938
11004757
11005353
11010590
11011098
11015639
11016776
11022017
11023855
11026408
11028138
11028687
11035654
11044701
11048373
11050195
11051872
11054066
11054728
11056304
11063374
11075660
11081509
11083289
11087334
11088752
11090204
11096698
11096998
11097059
11099630
11102131
11118194
11127349
11129436
11136420
11139422
11139813
11147100
11147523
11151951
11159941
11164347
11170559
11176046
11177557
11180725
11194541
11198904
11199836
11204004
11206389
11206547
11209300
11213816
11226389
11228746
11230463
11233300
11237085
11237948
11240246
11244352
11249216
11254717
11255873
11264469
11264717
11268069
11269431
11274262
11286582
11289224
11292003
11293918
11295887
11295916
11296303
11300992
11301733
11305734
11307340
11309406
11310011
11314554
11315700
11316699
11322707
11324077
11326511
11333269
11335393
11340539
11346036
11346694
11352918
11354023
11355396
11355964
11357710
11359222
11364888
11367751
11367824
11371564
11371616
11375112
11376918
11379372
11381473
11382736
11382847
11383106
11384031
11387698
11391749
11392013
11392363
11397939
11409715
11411122
11411360
11412925
11416866
11417755
11418909
11420271
11421723
11427160
11427517
11430173
11431684
11432491
11448733
11456701
11464834
11467206
11478737
11482275
11488370
11492412
11498513
11500390
11500488
11503336
11508365
11513948
11513997
11518109
11521403
11521572
11534388
11535185
11535996
11541781
11542907
11543235
11547327
11547688
11547916
11548011
11550252
11554186
11578555
11580521
11581817
11586043
11594556
11594605
11594982
11596772
11601170
11603756
11605145
11606997
11617879
11618165
11631400
11634146
11637380
11638524
11643972
11644435
11650852
11660331
11663887
11679318
11680627
11685454
11686937
11687078
11689387
11690572
11693053
11694547
11698474
11704046
11708272
11708927
11710421
11712127
11712634
11725371
11727123
11729833
11732099
11739372
11741352
11750877
11752167
11753241
11756990
11757252
11759330
11764985
11767720
11772820
11773420
11774807
11775619
11780500
11780937
11782058
11784200
11790130
11792508
11797934
11798653
11799753
11802737
11806678
11807760
11809060
11809166
11809644
11819384
11819934
11820790
11824884
11827617
11827638
11834375
11840010
11841905
11847354
11854389
11854531
11858095
11858352
11861169
11861394
11865658
11872507
11873727
11880675
11881577
11881736
11886509
11886775
11887535
11893073
11893938
11895394
11897003
11897397
11902600
11906714
11909705
11918121
11918275
11927210
11927497
11927579
11928755
11929698
11940295
11949069
11949457
11951630
11958829
11964972
11965208
11976382
11976602
11982776
11990927
11994783
11996970
11996973
12002997
12008675
12013684
12017092
12019947
12029142
12030646
12040710
12045056
12048137
12049918
12053993
12055181
12056849
12058497
12062391
12068292
12068529
12080419
12084265
12085402
12099296
12105725
12106572
12108261
12112263
12116946
12119760
12121910
12122363
12124508
12125538
12128698
12129557
12133694
12135006
12137239
12137309
12142806
12144105
12145351
12156090
12156480
12157061
12161298
12161647
12162249
12165211
12165318
12166112
12168962
12172487
12178275
12179305
12181761
12186494
12186495
12187193
12189279
12191975
12194948
12204945
12206111
12208686
12209678
12210083
12212784
12214173
12226830
12230301
12232314
12239208
12240294
12240643
12241958
12243032
12245660
12246940
12249600
12252622
12263885
12265003
12265116
12267482
12271951
12272965
12278206
12281128
12281487
12286642
12289752
12290992
12293115
12295797
12296455
12297018
12303894
12304315
12307808
12314870
12319111
12319536
12321890
12323920
12325793
12330023
12331215
12332718
12333666
12334843
12343418
12346769
12365569
12366401
12369279
12370886
12375085
12376838
12379268
12379649
12384507
12388781
12394451
12394562
12410449
12417179
12421090
12422490
12424988
12425999
12432877
12437164
12439492
12441768
12448588
12449823
12450338
12453662
12460493
12460908
12466350
12467499
12470128
12473145
12477052
12482060
12484866
12487597
12489704
12489952
12493025
12503074
12504711
12505244
12506336
12506453
12506864
12509663
12512682
12514548
12520510
12523940
12524562
12525412
12527006
12530787
12532932
12534915
12537476
12538078
12538229
12538307
12541900
12545293
12547452
12551266
12554582
12555767
12558369
12558457
12560244
12568096
12568286
12568597
12570055
12571503
12572979
12573704
12576434
12577103
12581073
12586595
12587281
12593179
12594469
12595462
12595896
12596006
12599600
12601926
12604450
12606306
12610070
12611825
12612930
12614115
12614844
12614971
12625035
12626230
12633196
12634120
12635470
12635775
12642622
12642946
12644654
12645871
12647439
12650218
12650555
12655290
12660721
12665886
12673270
12677418
12682747
12686125
12691025
12691842
12692698
12693780
12701150
12703596
12703683
12706028
12707094
12707750
12710302
12712722
12715388
12717649
12718642
12723459
12728340
12732000
12732649
12735090
12738058
12739775
12741600
12742083
12746256
12748024
12751620
12752713
12753494
12753748
12759692
12765830
12765993
12768962
12770071
12773154
12778025
12779753
12785450
12785457
12786076
12787859
12788999
12789426
12791385
12797803
12798378
12800522
12803514
12807522
12808276
12812505
12813146
12814258
12818296
12819279
12819919
12822534
12824681
12826585
12826890
12827220
12828233
12834278
12837108
12838158
12840668
12841986
12843448
12846873
12848539
12849661
12851426
12859698
12860786
12864115
12866350
12866789
12867375
12869836
12873596
12876062
12876846
12880573
12884120
12890685
12892007
12892167
12894348
12899962
12901251
12901974
12904420
12906115
12906742
12906763
12912402
12914063
12917021
12919343
12920069
12924459
12925713
12929287
12930984
12931863
12934573
12935338
12937408
12939195
12940860
12942600
12944414
12944946
12946225
12949172
12949996
12951111
12951848
12952709
12956215
12967113
12973150
12973613
12978882
12979231
12980353
12983770
12985211
12985221
12986728
12990496
13004121
13004336
13005546
13008108
13010826
13011663
13019998
13020487
13020794
13028416
13028817
13031459
13031966
13033881
13036334
13037868
13048998
13049374
13053277
13054944
13056967
13059160
13060644
13062981
13072675
13074652
13075503
13078121
13088930
13093038
13094496
13102801
13108045
13108834
13113636
13114319
13114398
13116591
13118363
13133214
13135266
13137080
13137221
13137865
13138344
13144015
13144287
13146831
13148571
13149827
13150256
13150927
13151803
13153274
13153962
13161540
13162402
13168472
13171056
13171495
13174022
13175438
13177129
13179613
13179812
13180009
13180541
13183830
13184042
13189044
13190877
13190993
13192092
13193087
13197871
13198169
13205116
13207331
13209193
13212827
13213635
13214586
13217529
13222244
13224334
13226233
13227575
13228347
13230698
13231125
13231569
13232501
13233590
13234782
13237955
13239419
13248039
13250815
13253081
13257831
13258002
13259712
13259786
13270216
13276333
13276636
13280481
13282813
13290160
13290687
13291047
13291695
13291899
13298083
13302239
13303083
13310698
13311451
13312186
13313772
13320739
13334192
13339167
13339246
13342067
13342685
13343188
13343560
13344848
13345080
13345349
13345984
13346567
13349499
13351025
13351084
13353199
13358769
13360235
13362890
13364603
13367338
13369454
13374127
13375420
13376024
13376374
13377789
13383674
13384911
13390134
13390462
13390626
13392102
13392300
13394945
13396654
13400361
13403624
13409689
13415497
13416309
13421252
13421588
13422991
13424373
13426915
13430281
13431318
13433477
13434352
13437568
13437618
13440915
13445087
13445798
13449588
13454522
13456191
13457588
13460254
13462419
13462773
13464183
13477122
13480237
13481992
13484035
13484794
13485302
13485844
13486313
13486359
13486588
13492165
13496665
13500357
13503215
13503545
13506026
13510582
13510802
13513445
13513895
13514361
13515299
13515994
13516967
13529072
13532037
13532066
13536663
13540683
13546978
13549856
13552149
13553713
13554257
13556289
13560278
13566484
13568308
13569259
13570753
13572671
13572899
13577291
13577484
13580034
13588543
13590482
13593412
13603685
13607073
13611994
13614874
13623077
13623996
13628593
13629285
13630103
13631881
13631952
13631963
13633088
13633877
13634640
13635354
13635558
13636284
13637497
13639239
13640872
13643043
13643660
13648317
13649250
13652028
13652906
13654898
13655783
13656783
13658098
13660036
13660792
13660932
13661876
13668094
13669720
13676701
13677001
13677514
13677923
13682191
13684060
13684935
13688035
13688241
13688286
13692102
13692572
13700266
13702240
13703355
13710569
13710967
13712216
13714983
13715891
13723211
13725793
13726041
13727288
13731182
13734165
13734730
13734983
13735572
13736881
13742652
13743453
13749267
13758550
13762462
13769795
13770040
13775643
13777298
13781257
13781323
13785061
13790022
13795284
13795998
13797635
13798262
13798421
13801520
13806685
13807748
13811228
13815002
13815631
13815677
13819091
13823376
13824454
13829756
13831911
13833479
13834774
13835114
13839090
13843583
13843873
13844792
13850563
13851650
13851767
13856362
13858087
13859148
13860981
13862947
13871277
13876544
13877064
13878187
13881926
13887839
13888964
13891687
13903202
13911007
13913826
13918551
13919707
13919812
13921100
13922355
13923631
13925034
13925703
13931831
13932807
13932920
13933491
13934146
13934956
13944123
13946742
13948179
13956497
13966113
13972347
13974737
13974868
13975230
13978524
13979198
13979296
13979694
13979751
13990411
13993467
13994558
13997558
13998859
14000028
14002133
14002240
14004837
14005008
14005814
14006181
14006638
14009807
14021755
14025013
14029297
14031359
14041376
14041694
14048823
14050181
14050986
14051321
14054834
14058081
14060463
14061952
14063759
14064764
14066581
14068513
14069322
14075345
14076394
14076536
14078372
14078595
14079749
14082668
14083009
14083489
14085546
14086001
14087179
14088960
14089256
14093873
14095412
14098220
14103874
14109651
14109751
14113028
14115381
14118529
14118902
14121547
14121899
14125397
14126402
14127178
14130616
14130717
14134487
14135748
14137028
14140612
14140979
14142532
14147776
14149924
14150416
14150590
14151509
14152203
14152689
14155404
14157113
14157899
14157958
14160863
14164961
14171977
14175150
14177491
14178701
14180954
14181389
14182273
14183423
14185493
14190785
14191173
14193237
14195261
14200867
14207829
14209126
14214429
14215397
14217177
14218519
14223308
14226701
14228470
14230304
14230511
14241894
14245075
14251335
14252249
14253018
14254908
14255011
14255669
14256270
14258480
14260489
14271616
14272343
14274654
14275623
14275748
14281707
14283843
14284183
14289638
14289694
14292175
14300144
14300811
14300832
14305241
14305298
14305325
14307473
14311529
14317060
14317837
14322557
14324379
14326560
14330597
14331063
14332476
14333971
14334214
14336601
14341063
14341746
14342763
14347907
14350308
14354929
14358480
14360557
14364318
14366902
14368002
14368278
14378410
14385720
14388729
14392800
14392952
14397798
14406795
14406906
14419671
14422668
14423764
14424670
14428203
14430015
14430440
14430657
14431080
14432178
14432783
14440666
14441117
14441722
14442748
14443667
14446154
14446588
14447399
14448346
14448750
14451844
14454223
14458064
14461631
14466909
14471551
14472417
14476017
14477312
14478694
14480577
14483779
14488860
14495865
14513033
14513280
14515231
14519681
14520504
14520663
14521251
14538143
14539758
14542121
14543236
14550379
14556387
14560350
14568704
14570172
14583139
14585231
14586864
14588395
14594094
14600173
14603997
14604445
14614974
14615197
14622330
14622779
14626377
14634552
14635370
14636100
14636122
14639732
14640833
14641124
14652784
14654872
14655934
14656144
14656533
14657685
14663886
14671730
14674699
14684607
14690640
14692708
14694929
14699015
14719623
14722449
14722674
14726243
14726947
14728269
14731515
14741065
14751728
14754070
14754584
14756761
14758283
14763463
14765826
14766791
14767040
14775101
14776860
14777064
14778214
14779802
14780485
14787102
14787256
14794593
14795188
14796939
14803633
14804244
14804787
14804822
14810809
14812081
14818257
14819442
14828744
14829955
14834317
14834399
14835607
14837598
14842838
14847925
14850247
14853153
14854975
14859664
14859828
14861125
14864186
14864977
14868485
14876573
14877057
14888352
14890145
14892689
14893818
14895229
14900580
14900793
14903620
14909196
14909241
14909743
14918722
14919517
14920967
14931648
14933747
14934790
14939191
14941315
14947416
14947544
14949614
14950553
14952865
14954075
14963227
14963989
14964526
14965044
14967590
14967699
14988279
14992923
14993795
14993842
14994443
14995660
14998880
15002038
15003736
15005297
15006947
15007788
15010067
15010328
15016373
15017783
15017877
15019650
15023912
15025755
15027158
15035966
15036849
15056273
15058195
15060505
15062620
15063248
15063627
15064868
15065113
15066945
15068126
15075342
15075950
15077131
15079025
15081635
15085441
15088698
15092138
15096879
15098391
15102363
15108532
15111018
15113582
15115095
15122268
15126751
15127344
15131025
15134142
15135374
15136855
15139133
15144832
15149484
15157062
15163406
15167734
15170076
15170151
15172409
15173278
15177337
15180186
15182856
15202825
15205108
15205632
15206480
15207827
15213463
15213869
15228985
15235064
