507
535
1815
1849
1997
2013
2619
2888
2904
3219
4063
4111
4189
4470
4678
5155
5241
6118
6364
7586
7804
8446
10169
10364
10668
10736
12573
12684
13066
13100
14369
15069
15232
15416
15600
16545
16619
16746
17462
17529
17912
18028
18435
19192
19342
19602
19606
19632
19963
20054
20266
20464
20793
21541
21648
21923
22579
23039
23068
23239
23828
24481
25631
25697
26524
26957
28496
28672
29326
29731
30900
31005
31314
32677
33188
33361
33582
34788
35145
35170
35713
36491
36635
36734
37503
37589
37680
37694
38071
38679
39162
39997
40309
40645
40763
41482
42220
42995
43562
44164
44865
45520
46262
46275
46482
47124
47869
48449
48696
48736
49404
49495
49582
50170
51354
51829
52189
52876
53006
53830
54256
54326
55369
55768
56128
56470
57023
57762
58023
58230
58545
58598
59878
60491
60793
61543
61920
62184
63002
63420
64478
65026
65136
65207
65888
66970
67061
67927
69128
69774
70541
70937
72801
73000
73778
74891
75061
75630
75999
76198
76483
76576
77050
77257
77923
79467
80096
81605
81994
81997
82510
82515
83410
84587
85902
86327
86365
86369
86584
86778
88267
88681
89133
89507
90072
91089
91966
92216
92358
93054
93644
93955
94282
95320
95587
97314
97354
97597
97660
98668
99430
99717
102006
102278
102386
104583
104781
106196
106607
106789
107879
111100
114461
117137
117931
118309
119799
120376
120452
120716
120989
121733
122528
124554
124940
125009
125865
127030
128444
130041
131617
132022
132641
134813
135280
136835
136926
137364
138584
140994
142317
145340
146455
146515
146749
148930
154217
155076
155599
156204
157914
159960
161419
161926
163555
163632
164532
165027
165170
165736
167104
170810
171475
171980
172151
174064
175162
175379
177072
179331
180032
180135
180430
184032
184140
185794
188356
188788
188809
188994
189088
190193
190655
191546
191848
192248
192705
193010
193895
193927
196432
197696
199653
199983
201118
201498
202584
202929
204583
205940
207625
210426
210781
211547
212514
212953
212960
213184
213639
216646
217201
217912
219284
219466
220884
221952
222657
222711
222927
224304
225835
225974
226835
227863
228354
229045
229462
229484
229854
231692
232473
235328
235721
237428
238042
238936
240189
241251
242309
242407
244523
246551
249137
249861
250222
251156
251931
252974
253720
254818
255872
255960
258668
260360
260429
261361
261501
261504
263308
265835
269124
269409
271901
272840
274091
274989
275077
276106
277247
277857
278303
278556
279123
280532
281258
281431
281843
282147
284459
284734
284893
287132
287415
287635
287847
288678
289156
289626
290106
290870
290975
291529
292212
293078
296084
297078
297651
299478
301088
302588
303134
303811
304007
307820
308633
309143
309708
310597
311914
314113
314643
315184
316260
316460
316557
318094
318153
319494
320686
321675
321799
322404
322427
322550
322633
322639
322891
323139
324303
332303
333923
335526
335649
335717
337524
338330
340226
345259
345990
346583
347336
347928
348131
348583
348619
351327
351683
352796
354293
355474
356834
357977
360204
361325
361543
362342
363892
364062
364688
366668
369007
373968
377532
378969
379728
380093
382433
386894
388793
392502
394496
395019
401503
403019
403447
403853
411674
414418
414471
414836
415901
416608
421367
422775
422926
428303
429131
429319
431304
433104
435472
436041
437723
438992
441806
441812
442390
445431
447343
447652
447742
447861
448320
449165
450907
452047
452312
452684
453686
454131
454210
454364
454609
455757
456081
458279
460140
461078
461780
462918
463020
463495
464092
467056
467229
467384
468769
469552
470948
472760
473531
473743
473815
473939
474240
475154
475852
476518
478713
479097
479438
479925
480130
481038
481718
481927
482785
487141
487803
488673
488730
488795
489515
489961
490020
490227
491778
492288
492309
492313
492399
492707
492762
493643
494152
495765
497185
497316
498693
499331
502498
504817
505192
510389
510725
510979
511153
512621
513370
514173
514335
515813
517374
517875
518337
519241
521718
522595
522681
527047
529870
531511
532420
533999
535643
537402
540259
541809
542254
543967
544807
546870
550997
552410
553160
553866
554201
554733
554997
555563
556146
558313
559257
560635
561593
563454
566036
567832
568841
569083
569143
570010
570043
570671
571367
572222
572439
575798
576016
578235
578754
578868
579323
580216
581275
582631
584291
584452
586711
586790
588777
590078
591378
591832
591990
592754
592766
594305
594323
595311
596348
596495
596603
598019
598991
599132
600085
601014
601090
601972
603540
604711
606648
608935
609660
611069
611512
611705
613238
614150
615402
616097
616100
617263
617380
617577
619706
620048
620845
621323
621360
621515
622296
622560
624644
625088
627220
627769
628933
630244
632700
633174
633527
634172
634458
636447
636853
637611
638323
638696
639009
639360
639567
641434
642039
646044
648825
649727
651445
651917
652251
655077
657800
657890
658261
658308
658582
659030
659651
662431
662895
663087
666846
666960
668013
668374
668731
670438
672063
673673
673762
674520
675678
676325
678573
678875
679511
680615
681263
682396
682977
684446
684848
684931
686086
690347
690729
690782
691010
693305
694104
694118
694240
694302
694443
696067
696445
698302
698352
698953
699084
699096
700309
701924
703252
704380
704923
706566
707845
710680
712103
713395
713422
715426
716032
719656
720599
721002
721807
722053
722163
722793
723005
724136
724371
724541
725114
725324
727552
728215
729133
729804
730729
730896
731248
731608
732141
732738
733961
734684
735500
736262
737950
739006
742411
743384
744606
745632
748324
748535
750127
750320
750370
751677
752470
752497
752998
753101
754610
755141
755800
756065
759926
761258
762345
762434
763346
764025
764882
765357
766145
767993
770375
771892
772369
773642
773912
774405
774941
775464
778171
780801
781502
783189
785609
786183
787785
788663
789460
790540
794187
797658
798126
798282
801315
802029
803047
806107
806785
811636
811871
817841
818487
820329
824555
824811
825759
827902
829170
829482
832238
832957
833087
834365
834703
834994
836848
837565
838824
839242
841281
841912
845508
845737
846983
850309
853186
853374
856678
857684
862203
862945
866266
866331
866809
868622
868830
869191
871407
874319
876145
877687
880374
884712
885363
885460
886059
889183
891060
893703
894060
896061
898767
898876
899388
900913
902295
903170
903176
903947
904810
905170
906926
911176
911323
911583
912541
913474
914482
916306
916309
921451
924892
928411
929184
935166
936529
938274
938320
940818
941041
941494
943017
943736
943847
944500
944652
944794
944938
945620
947031
948779
949526
951341
951483
954928
955011
956496
958768
959178
959609
960523
960936
962429
962497
962676
962740
963212
963262
963645
965002
965569
965725
967665
973210
973768
973867
976227
976498
977482
978034
978408
979180
979193
979800
979961
980886
983574
984953
985023
985087
985861
986362
986897
987094
987875
988524
992678
994682
995940
996370
996699
997351
997856
998339
998537
1000067
1004185
1004365
1005705
1006597
1007656
1008919
1013082
1017918
1024063
1024342
1024871
1025290
1025574
1029110
1034755
1035658
1043575
1046208
1047670
1049837
1053199
1054483
1055399
1056311
1057207
1057864
1058086
1058784
1059165
1061297
1061360
1061831
1063125
1063203
1063296
1064150
1067307
1068389
1072473
1080736
1087642
1092357
1092740
1095925
1096293
1098513
1098656
1100370
1101404
1103748
1108445
1108960
1109011
1110564
1113490
1113587
1118524
1118782
1122478
1122716
1126216
1126723
1128471
1129214
1130883
1131116
1131243
1132873
1133306
1133332
1136036
1136565
1137506
1139960
1142919
1143870
1143932
1145358
1146590
1146882
1148528
1149898
1149938
1150448
1150498
1150515
1151275
1153463
1155008
1157791
1159476
1161766
1161954
1165871
1166701
1167172
1168387
1170148
1170204
1172185
1172688
1172790
1173337
1173593
1174174
1177564
1179111
1181130
1183157
1183974
1185647
1188413
1188605
1189271
1189590
1191279
1191361
1192349
1192417
1194838
1196445
1197056
1197632
1198544
1199598
1199794
1200811
1201036
1201878
1201945
1203099
1203500
1203939
1206286
1208663
1208907
1209016
1210934
1216436
1216572
1217426
1217923
1220867
1221782
1223800
1224480
1226269
1228154
1229039
1229290
1232231
1232489
1233646
1233673
1234804
1236038
1236457
1237751
1238015
1241685
1241809
1242343
1242487
1242678
1245243
1246921
1247184
1247803
1248171
1248844
1251166
1252453
1252921
1253021
1254085
1255957
1256832
1257539
1260713
1262744
1263051
1264210
1265860
1266571
1267704
1268215
1269265
1270301
1270522
1272285
1272593
1272659
1273318
1274129
1274414
1274427
1275845
1276800
1279940
1280165
1280901
1280983
1281246
1281600
1282079
1283214
1283887
1284914
1286239
1286524
1286998
1287537
1287602
1287774
1288685
1289457
1290059
1290326
1290844
1291516
1293218
1293894
1294235
1294669
1294800
1294889
1296728
1297938
1298000
1298003
1298571
1298585
1298883
1298987
1299824
1300402
1300759
1301114
1302946
1304805
1305231
1305817
1306500
1307099
1307303
1309309
1309483
1310810
1310851
1310922
1311071
1311452
1312669
1313657
1313891
1315231
1315256
1315277
1316664
1316967
1317410
1317591
1317626
1317710
1317730
1317992
1318285
1319213
1319568
1319891
1321094
1323204
1323521
1324940
1325197
1326109
1326158
1326879
1327116
1327891
1328608
1329367
1329899
1330166
1332409
1333340
1334044
1335547
1336002
1336547
1337143
1339209
1340254
1340339
1341186
1341841
1342936
1343612
1343800
1345717
1346095
1346479
1347044
1347627
1347707
1348376
1348941
1349287
1349482
1349664
1349849
1350669
1350720
1351261
1351656
1352243
1352291
1352613
1353857
1353956
1354059
1354082
1356263
1356885
1357048
1359770
1360144
1360455
1360544
1364034
1365487
1366580
1366913
1367409
1368866
1369375
1370093
1371524
1371955
1373585
1375644
1376183
1376902
1378920
1379105
1380400
1381428
1381574
1382004
1383570
1383970
1384181
1384885
1386289
1387141
1387429
1387934
1389335
1390400
1390728
1391929
1392077
1396336
1397796
1399527
1399743
1400243
1401410
1402318
1403147
1403371
1403930
1409571
1411857
1411885
1412321
1412668
1414915
1415002
1415489
1415605
1416606
1418333
1421577
1421777
1425014
1426519
1428809
1429556
1430913
1432296
1435326
1435995
1436307
1436493
1437115
1438071
1439432
1442120
1442149
1444651
1444706
1444795
1447336
1448957
1449855
1451420
1452270
1452657
1453242
1453793
1456878
1461603
1463298
1463482
1464778
1465793
1466635
1466727
1467076
1468529
1470199
1471158
1471237
1471880
1472944
1473178
1473336
1473657
1474408
1474832
1475590
1475982
1476180
1476333
1481623
1481980
1482327
1482695
1483917
1484293
1485276
1485741
1487757
1487803
1487894
1487932
1489198
1489933
1490247
1491391
1492361
1493730
1495847
1497882
1498155
1498396
1498892
1501683
1501844
1502707
1502946
1503238
1503349
1506698
1507638
1511454
1511523
1512425
1513091
1516180
1516912
1516920
1518306
1520022
1521407
1521680
1522670
1523370
1525008
1525527
1525974
1529045
1529219
1532848
1535969
1538249
1546845
1555398
1561563
1561643
1563189
1567530
1572716
1572771
1573008
1573201
1576660
1577672
1577839
1578043
1582977
1583032
1583422
1584345
1586480
1586886
1586916
1587017
1588581
1588668
1589455
1589615
1591264
1591855
1592617
1592903
1594190
1594777
1596840
1597347
1598174
1602787
1605731
1605896
1607716
1608416
1608687
1611019
1611071
1612341
1612657
1613123
1613207
1613501
1614001
1614415
1614855
1616423
1618287
1620819
1621001
1621126
1622500
1624021
1624232
1627278
1628180
1630308
1632554
1635233
1639248
1640254
1642636
1643747
1645193
1645470
1650364
1652457
1653869
1654118
1654896
1655730
1658297
1660677
1662287
1663110
1663891
1667795
1667899
1668524
1669147
1669313
1669477
1669662
1671215
1672994
1675810
1676672
1676726
1677332
1679276
1679368
1679707
1680483
1682638
1684350
1690211
1690756
1691292
1691847
1692320
1692726
1693169
1694314
1694665
1694953
1696863
1697558
1698024
1698607
1699322
1699371
1699798
1700850
1701347
1702089
1703077
1703637
1704136
1705334
1708128
1708319
1709364
1709729
1710886
1711539
1711687
1712714
1712835
1714082
1717110
1717229
1717751
1718162
1718291
1719518
1721065
1722004
1722828
1723331
1724849
1725144
1725668
1726712
1726765
1727664
1728838
1730157
1730921
1733687
1734364
1735182
1735515
1736214
1736239
1737040
1738289
1739147
1740345
1740923
1741827
1742475
1743000
1744517
1744674
1744876
1746603
1746922
1746998
1748471
1748699
1751397
1751787
1752055
1752109
1752188
1757253
1759476
1760962
1762693
1762720
1763813
1763915
1765001
1766136
1766475
1767422
1767726
1767812
1768446
1769225
1769795
1770736
1773814
1774040
1775901
1776047
1777936
1777970
1778184
1780030
1783343
1783623
1787367
1788686
1789634
1790057
1790074
1791369
1792087
1792460
1792483
1792898
1793137
1793524
1794607
1794716
1795989
1796007
1796746
1796865
1798657
1799456
1799468
1799480
1800231
1800643
1801588
1801929
1802419
1803175
1803985
1805419
1808046
1808655
1809364
1811586
1813432
1815354
1816181
1816399
1816827
1817092
1817426
1817687
1819262
1819449
1819623
1821327
1821539
1824417
1826916
1827192
1828699
1829529
1831686
1833557
1833700
1834162
1836101
1836722
1837028
1838088
1839073
1841122
1841574
1841647
1848769
1851481
1851804
1852304
1854770
1855748
1855788
1856260
1856370
1858514
1863033
1866495
1866752
1867690
1869593
1870827
1872762
1882162
1883730
1884211
1885659
1886430
1886857
1888618
1889818
1890650
1890877
1893378
1893655
1893717
1895874
1897348
1897790
1897970
1898011
1899996
1903162
1905002
1905046
1905570
1906427
1908383
1910031
1911633
1916208
1916905
1917445
1918210
1918300
1919643
1921144
1921175
1921469
1921845
1925096
1928328
1929021
1934728
1936285
1937132
1937162
1938195
1938369
1938612
1940114
1941218
1941335
1941643
1943744
1944524
1944683
1945255
1945394
1946009
1946100
1946770
1948084
1949119
1949877
1949934
1950114
1951948
1952219
1953123
1953700
1955461
1957007
1957077
1957680
1958456
1960791
1963117
1963287
1964639
1964802
1966080
1966784
1967042
1968444
1975641
1975792
1976842
1977405
1980036
1981144
1981894
1982163
1986260
1986771
1989746
1990659
1991328
1992135
1992352
1993599
2001815
2005001
2006626
2015112
2015731
2016867
2020605
2021628
2022541
2024113
2025004
2028449
2029318
2031937
2035033
2035771
2036028
2036848
2037979
2038437
2040028
2040662
2045038
2046155
2052139
2053004
2053084
2055487
2056472
2058359
2058880
2058896
2059423
2061223
2066890
2067717
2072300
2073616
2075645
2078009
2078456
2079460
2080837
2080898
2081189
2082185
2085596
2086630
2089251
2089254
2089301
2090020
2090070
2090733
2091618
2092034
2092542
2094020
2095580
2097321
2098945
2099277
2102882
2104298
2106929
2107622
2111554
2111853
2112087
2113271
2114139
2114587
2114682
2115744
2118483
2119631
2125286
2125742
2125793
2126013
2127935
2128864
2131708
2131881
2132152
2134325
2134882
2135187
2137427
2137831
2138115
2139562
2140868
2145834
2146552
2146883
2147531
2149083
2152338
2153170
2153236
2155554
2156164
2158103
2158453
2161059
2165056
2165946
2170403
2170918
2171723
2171867
2172265
2172938
2174529
2174554
2175074
2175616
2175942
2176029
2176417
2176596
2176749
2176822
2177413
2177430
2177898
2178017
2178689
2178695
2178710
2178818
2179562
2179689
2179723
2179866
2180046
2180890
2182206
2185088
2185122
2186353
2186635
2186840
2186964
2187085
2187497
2187978
2188710
2188877
2189319
2189326
2189611
2189739
2190099
2190697
2190878
2191099
2191107
2191431
2191511
2192259
2192798
2193021
2193068
2193519
2193534
2193583
2194010
2194151
2194185
2194366
2194670
2195723
2195942
2196124
2196765
2196839
2197289
2197315
2198049
2198435
2198581
2198610
2199264
2199388
2199404
2199433
2199779
2199958
2200180
2200338
2200625
2201028
2201139
2201265
2201672
2202050
2202171
2202687
2202964
2203019
2203192
2203620
2203684
2203781
2203875
2204117
2204133
2204203
2204499
2204595
2205147
2205975
2206081
2207746
2207753
2208034
2208055
2208383
2209828
2210821
2211321
2211500
2211796
2212530
2212600
2212975
2212976
2213279
2213463
2213820
2214479
2214566
2215472
2216429
2216717
2216738
2216999
2217038
2217371
2217641
2218146
2218234
2219080
2219556
2219762
2220085
2220118
2221248
2222054
2222655
2223419
2223653
2224948
2225036
2225593
2226114
2226125
2226303
2226561
2227063
2227330
2227452
2227559
2227794
2228825
2228909
2229178
2230148
2230154
2230200
2230846
2231782
2231950
2232325
2232814
2233568
2234079
2234409
2234471
2235316
2235553
2236067
2236888
2237434
2237649
2237776
2239592
2239772
2240693
2242171
2242340
2242939
2243209
2243259
2243501
2243575
2244749
2245038
2245388
2245404
2246123
2246838
2248215
2248498
2249154
2250529
2250737
2251744
2251988
2253584
2254159
2254364
2254929
2256113
2257001
2258955
2260174
2261792
2261806
2261946
2264242
2264822
2264838
2264855
2264935
2265845
2265879
2266260
2266973
2268030
2268507
2269142
2269703
2269944
2270159
2270605
2270960
2271521
2271920
2272189
2273127
2273995
2274601
2274675
2274857
2275829
2276494
2277828
2278077
2278194
2279415
2279657
2279825
2280482
2280728
2281324
2281647
2282969
2282978
2283373
2284521
2284611
2284921
2285455
2286857
2286959
2287189
2287638
2287866
2290397
2290830
2290937
2291261
2293599
2294072
2294308
2294676
2294884
2295071
2295163
2298153
2298332
2298935
2299124
2299290
2299795
2302451
2302528
2303181
2303252
2304331
2305401
2305742
2305780
2306127
2306625
2306833
2306947
2307450
2307632
2308357
2308501
2308782
2310272
2311383
2311451
2311942
2312148
2312759
2312847
2313720
2315901
2317969
2319475
2319544
2320432
2321037
2322004
2322065
2322111
2322230
2323730
2323745
2324602
2324678
2324857
2326565
2327260
2328007
2328032
2328687
2329294
2333190
2334086
2334496
2334836
2335207
2335759
2335888
2336638
2336759
2338612
2340099
2340496
2340596
2341159
2341322
2342295
2342472
2342633
2343160
2343733
2344136
2344554
2344846
2345676
2347246
2350497
2351571
2351977
2353293
2354635
2354797
2355071
2355299
2355580
2355742
2355906
2357053
2357080
2357988
2358456
2359329
2359514
2361111
2361242
2361708
2361721
2362099
2362231
2362472
2362637
2362944
2363723
2364372
2364445
2364550
2364581
2366553
2366558
2367060
2368530
2369375
2369423
2371226
2372483
2372637
2374531
2375011
2376241
2376670
2377615
2377776
2379347
2380514
2381030
2381974
2383160
2383872
2384279
2387521
2392197
2393061
2394009
2395828
2400386
2401277
2401612
2401822
2403208
2404083
2405364
2407195
2407293
2407473
2407658
2408049
2409654
2411698
2411758
2411945
2412587
2413127
2413153
2413844
2414801
2414819
2415283
2416875
2417561
2418269
2418717
2418874
2419201
2420912
2421098
2421863
2422850
2424504
2424762
2425365
2427553
2428116
2429447
2429892
2429909
2433355
2434082
2434344
2434747
2435990
2436973
2437677
2438030
2440613
2445162
2447085
2449670
2450629
2450699
2453023
2454709
2454867
2455879
2456277
2456963
2458449
2459495
2460816
2461240
2463534
2463959
2464769
2465309
2467569
2467586
2467808
2469702
2470803
2471687
2472197
2473913
2474387
2478208
2481659
2484946
2485583
2488646
2489092
2490337
2494596
2496856
2499507
2500348
2501327
2505133
2506192
2508057
2508378
2508494
2509864
2511156
2512198
2512561
2513393
2514662
2515255
2515409
2515712
2516087
2517387
2518476
2519075
2520464
2520617
2521157
2521346
2521544
2522415
2522815
2525380
2527317
2530286
2532282
2532793
2534923
2535832
2536106
2536902
2537260
2537464
2539702
2540821
2541469
2541478
2541489
2542400
2543723
2543756
2544316
2547414
2547727
2548031
2548304
2548670
2549835
2552342
2554603
2556278
2556681
2557942
2558565
2559650
2561161
2562958
2563664
2565370
2569310
2570926
2571836
2574982
2575360
2576580
2582280
2584789
2585941
2586651
2587592
2588229
2589351
2589405
2591995
2593556
2596199
2597878
2598837
2599779
2600119
2600401
2605951
2610935
2611792
2613778
2615941
2617857
2617866
2620146
2620192
2624031
2625349
2626362
2628366
2630935
2631413
2635076
2635514
2636018
2641400
2643148
2645690
2646045
2646391
2646701
2646838
2647944
2648044
2649628
2649776
2651336
2652166
2656596
2657034
2659148
2661417
2663409
2666473
2670825
2671965
2672049
2672803
2675031
2676536
2676851
2677088
2677581
2683110
2686512
2687401
2688260
2688357
2689717
2694579
2694624
2695114
2695284
2695297
2696289
2696725
2697576
2698469
2699533
2704583
2705824
2707737
2707839
2707846
2708927
2710092
2711351
2712129
2714367
2714848
2715313
2715744
2716203
2718071
2718160
2719227
2719311
2722400
2722706
2722935
2723335
2727420
2727466
2729567
2730599
2731727
2732623
2733154
2733827
2734036
2735002
2735523
2736401
2737087
2738499
2739478
2739700
2740528
2740872
2741726
2742219
2742309
2743885
2743927
2744952
2745317
2745780
2745833
2747790
2747811
2747886
2749172
2749494
2749999
2750134
2750142
2751737
2752039
2752300
2752424
2752819
2754511
2754559
2754783
2755046
2756237
2757173
2757505
2758000
2761214
2762067
2762672
2763367
2766126
2767625
2769448
2772399
2773002
2773161
2774493
2776202
2778081
2778555
2778648
2780377
2783564
2784496
2784528
2785547
2787654
2790054
2790680
2794063
2794538
2794578
2796898
2797606
2799573
2800683
2801567
2802721
2802797
2803281
2803968
2804088
2804565
2805472
2809648
2810140
2810873
2813628
2814324
2814927
2815491
2816202
2816268
2818021
2819133
2820019
2820105
2820414
2821735
2822351
2823408
2824095
2824650
2827790
2828433
2829437
2832056
2833152
2834937
2835743
2835824
2836362
2836544
2836610
2837189
2837916
2838200
2838923
2839365
2840661
2840845
2842138
2844200
2844685
2847639
2848148
2848544
2849300
2849355
2849587
2850219
2850812
2851114
2852866
2855752
2858127
2858413
2859568
2859887
2861370
2863940
2864078
2865285
2867059
2869692
2870211
2870641
2870998
2872550
2876070
2876216
2879395
2879529
2880388
2880904
2882181
2882433
2882456
2883775
2885502
2887274
2888250
2889583
2890658
2893027
2893284
2894301
2894483
2894555
2895401
2895775
2914685
2915201
2915329
2918372
2920827
2923533
2924087
2924103
2924531
2926430
2926812
2927956
2931960
2934905
2935178
2939079
2939272
2943609
2944645
2945329
2950296
2952160
2953045
2954034
2958667
2959576
2961316
2961381
2963336
2963605
2964017
2964237
2966735
2967456
2968529
2968994
2970090
2970362
2970672
2971769
2972058
2972412
2972776
2972852
2975063
2975437
2976439
2977766
2980034
2980122
2980467
2980986
2981339
2981754
2983015
2984857
2986526
2988816
2989611
2990595
2992477
2993245
2994000
2995054
2995636
2997324
3002101
3005543
3006301
3006418
3006932
3008794
3010058
3011145
3012911
3013134
3015291
3015962
3016031
3016291
3017238
3017242
3017703
3019567
3021004
3021173
3021493
3022302
3022899
3022905
3025618
3026845
3027770
3028368
3028540
3030669
3031420
3035316
3035721
3036304
3036823
3041373
3044126
3045701
3048697
3050065
3051747
3052865
3053042
3053275
3053556
3055825
3056561
3056987
3058441
3058708
3062401
3063565
3063689
3064380
3065765
3066565
3067051
3067412
3070884
3071495
3072472
3073216
3077573
3077590
3078450
3079263
3079288
3080205
3081965
3083231
3083830
3083833
3084259
3087766
3089908
3090547
3092652
3097132
3097605
3097916
3098769
3099781
3100519
3104773
3108538
3108595
3110337
3110572
3112701
3112966
3115378
3115411
3116026
3117836
3118349
3118662
3120589
3120839
3123281
3123763
3125445
3127597
3129613
3130553
3130967
3131022
3131073
3133663
3134205
3134658
3137092
3138307
3139078
3139079
3140128
3140376
3141086
3149462
3149540
3149857
3150516
3151025
3156575
3164474
3164956
3165523
3167552
3170293
3174973
3176321
3176619
3177896
3178944
3179563
3180434
3180930
3183997
3184691
3186492
3188022
3188217
3189063
3193201
3193737
3194996
3195667
3196539
3196977
3197571
3197804
3199623
3199730
3200500
3201771
3201838
3202744
3203487
3206474
3209081
3211379
3211491
3211535
3212196
3212585
3213611
3217727
3218127
3221300
3221985
3224176
3224489
3227828
3229433
3231685
3233080
3233163
3234015
3234331
3241873
3243254
3247627
3249305
3251394
3252248
3252888
3254442
3254573
3254732
3256322
3256329
3256408
3257107
3262311
3263270
3263764
3265500
3265561
3266065
3266903
3269436
3269984
3276209
3276424
3277398
3277667
3278141
3279153
3283448
3285124
3286412
3288080
3288315
3289778
3293807
3296609
3297110
3299592
3300821
3301230
3303262
3304631
3306546
3307290
3307982
3308262
3308606
3310023
3310990
3311591
3311929
3313522
3316111
3316160
3318323
3318544
3318689
3318750
3318854
3324346
3324590
3324907
3325464
3326354
3328370
3329053
3333825
3334700
3335049
3336910
3337678
3339968
3340552
3343995
3345892
3346362
3349102
3350305
3354119
3355068
3358974
3359701
3362368
3363447
3363780
3366574
3367141
3369780
3369916
3370681
3370917
3373872
3374054
3376243
3376261
3380369
3381789
3383547
3385226
3385344
3385413
3387095
3388969
3390624
3391864
3393092
3394077
3395635
3395883
3396242
3396590
3397418
3398764
3399853
3400297
3404363
3404406
3407163
3408781
3411481
3412141
3414990
3415939
3417107
3417308
3423993
3425446
3425729
3426116
3426659
3426680
3432619
3433702
3434778
3439356
3442366
3443160
3445810
3451555
3460323
3461110
3461923
3463086
3465250
3466555
3467219
3467633
3468999
3471438
3472362
3473096
3473302
3475294
3481569
3483539
3484360
3484891
3490554
3493707
3494696
3497069
3499409
3499418
3500819
3502017
3502823
3505952
3509638
3510467
3511577
3512194
3513646
3514215
3516598
3517192
3519000
3521471
3522587
3524641
3527761
3528016
3529996
3530095
3533255
3533904
3537944
3537971
3539018
3539414
3541880
3542533
3543222
3545725
3546571
3548264
3548588
3549874
3550143
3556139
3556525
3560435
3562376
3564808
3569499
3570202
3571914
3572223
3572563
3573037
3573286
3575666
3576884
3577136
3577702
3577956
3578466
3580167
3582286
3582580
3585367
3587498
3587920
3587949
3588112
3588416
3590259
3591199
3591506
3593186
3597519
3597843
3597868
3598736
3599126
3599343
3600132
3601119
3601212
3601715
3603427
3605015
3606147
3606771
3607038
3607093
3607392
3609089
3610838
3611076
3611081
3611355
3611799
3614498
3614547
3614555
3615512
3616940
3617375
3619495
3620563
3623479
3623677
3625374
3629362
3629510
3630203
3636654
3638358
3639047
3639375
3639562
3640444
3641836
3641929
3643792
3646686
3648877
3649426
3650946
3654151
3655898
3657089
3659151
3661448
3666565
3666657
3668568
3669191
3671532
3672286
3673152
3675193
3675214
3677310
3678120
3679234
3679559
3680314
3680568
3680575
3686784
3688726
3688792
3689239
3689583
3690204
3690438
3690690
3691452
3691529
3692302
3693132
3694074
3694957
3695021
3695296
3696059
3696900
3698245
3698785
3699863
3700347
3701590
3703081
3703299
3704278
3705731
3705987
3707858
3708463
3709937
3715209
3717325
3718105
3719116
3722197
3723514
3724242
3726019
3727110
3727743
3728943
3730454
3735050
3735761
3737598
3737903
3738415
3738800
3739981
3740645
3741950
3743225
3745268
3745943
3747046
3747836
3748269
3749610
3749826
3749971
3750735
3750971
3751255
3753832
3754819
3759370
3763354
3766622
3767701
3768023
3768252
3768697
3770097
3770880
3772710
3779501
3781305
3781797
3783058
3783084
3784179
3784625
3788548
3791492
3794064
3796703
3796757
3797518
3800920
3802249
3802907
3807321
3811244
3811698
3812791
3812811
3813491
3814241
3814521
3817255
3818684
3821273
3827174
3828546
3833276
3836827
3837567
3842229
3843681
3846597
3847574
3851709
3856485
3858949
3862174
3862302
3868386
3875548
3875726
3877714
3880588
3881349
3884742
3892919
3895183
3895938
3897116
3897813
3898373
3898405
3901239
3902660
3903526
3904551
3906274
3906773
3907078
3908795
3908896
3909278
3909841
3910051
3911243
3912248
3913230
3913959
3914204
3918802
3922258
3923825
3924411
3925028
3925471
3930560
3930747
3937184
3938018
3939137
3940920
3941552
3943964
3945271
3946099
3946751
3947188
3949273
3949525
3951173
3952091
3952245
3952425
3952566
3953028
3954365
3955165
3955507
3956388
3957393
3957426
3957619
3957726
3957762
3957944
3958260
3958296
3961635
3962169
3962551
3963187
3963236
3963285
3964622
3964669
3964719
3964961
3965466
3966290
3967697
3969105
3969783
3971383
3972155
3973511
3974023
3975650
3977639
3977853
3978475
3978487
3978950
3979299
3979745
3979778
3979948
3980423
3981244
3982084
3982746
3983237
3983359
3984513
3985443
3985591
3986172
3986487
3986823
3988024
3988239
3989355
3989933
3989972
3991460
3994143
3995009
3995480
3996318
3997220
3998184
3998398
3998449
3998875
3999890
4000163
4000353
4002525
4002996
4005419
4006268
4007912
4008684
4009361
4009747
4012375
4012413
4013090
4013254
4014583
4017167
4019439
4019766
4021136
4025581
4026269
4028152
4028814
4029475
4029778
4033532
4034227
4034413
4034462
4034585
4035493
4035606
4038769
4039445
4040002
4042855
4044078
4044433
4045346
4045469
4045570
4047197
4047347
4047737
4048866
4049055
4049148
4051058
4051775
4051793
4052473
4052808
4053231
4053472
4053913
4054115
4054700
4055934
4056911
4057757
4058430
4059296
4059416
4059639
4059830
4060542
4061310
4061854
4062027
4062701
4064603
4065670
4066181
4066923
4067925
4069883
4070072
4070283
4073130
4073144
4073612
4076289
4076577
4077607
4078030
4079124
4079181
4079995
4080284
4080301
4080380
4081737
4082100
4083713
4086925
4087684
4088588
4092067
4092760
4096345
4098178
4099064
4099536
4099628
4101638
4101695
4101860
4102191
4102476
4103038
4103188
4103991
4104483
4104740
4105686
4105799
4106300
4106675
4107289
4108383
4108578
4109358
4109360
4109797
4110139
4110685
4112956
4113830
4115391
4115863
4117292
4117725
4117876
4118027
4122246
4124928
4127989
4130437
4130916
4131138
4131471
4132516
4132834
4134837
4140273
4141352
4142212
4143446
4150716
4151256
4151390
4154779
4155747
4156445
4156662
4156948
4158337
4159014
4160795
4164281
4164748
4165221
4165518
4165611
4168156
4169816
4170032
4170282
4171474
4172000
4174305
4178513
4179287
4181367
4181764
4182394
4184992
4185798
4187133
4192567
4193378
4193909
4193954
4194303
4195585
4196734
4203584
4206017
4206695
4207542
4207963
4208561
4209196
4210068
4213772
4215926
4216140
4217719
4218263
4222469
4224277
4225224
4226113
4227449
4229669
4231271
4232061
4232123
4233068
4233124
4242393
4245048
4246167
4247972
4250887
4251474
4252297
4253670
4253934
4257651
4258298
4263745
4265977
4268179
4269659
4273547
4276157
4279242
4279470
4280830
4281365
4283258
4284993
4285014
4285917
4286404
4287261
4290691
4295196
4297260
4300212
4300367
4300409
4300742
4301040
4303102
4303138
4303233
4306670
4308029
4308614
4310350
4310382
4311084
4311939
4313432
4315855
4316898
4319595
4319855
4320672
4320742
4321031
4321260
4322137
4322502
4322562
4323718
4323994
4324735
4325141
4325273
4325814
4326904
4327952
4328433
4329427
4329720
4331170
4331249
4331443
4334850
4336705
4336874
4338753
4341848
4341853
4343150
4346330
4346965
4347636
4347863
4348126
4350073
4352636
4352644
4353324
4353947
4354126
4355358
4356218
4357371
4359432
4359660
4360498
4361304
4361828
4363431
4363749
4365134
4365519
4366297
4367610
4368026
4368447
4368924
4369699
4370633
4371026
4371076
4372798
4375325
4376959
4377505
4381544
4381654
4382933
4384554
4384846
4386535
4386760
4387672
4388060
4391162
4391674
4391904
4392102
4395042
4396224
4396551
4396586
4399082
4400582
4402923
4404119
4404495
4405466
4405498
4406616
4407417
4409171
4409850
4411196
4411588
4411940
4413069
4413812
4415126
4416129
4416399
4418086
4418195
4420066
4420606
4421257
4421583
4421994
4425042
4425940
4426213
4427506
4431390
4433104
4433867
4435655
4438113
4438286
4439016
4440384
4441019
4441970
4441988
4441992
4444619
4445945
4452824
4454047
4454798
4455590
4458831
4459392
4461507
4462788
4463017
4465822
4466012
4468393
4469379
4472076
4475385
4476202
4476288
4476394
4477252
4478002
4478992
4479275
4490543
4491613
4496058
4497605
4501944
4503494
4503910
4504406
4506505
4507275
4509658
4515088
4516581
4519495
4520371
4523876
4528816
4530407
4538904
4539401
4540912
4542300
4545748
4546637
4549439
4551978
4552463
4552529
4552934
4554670
4556422
4556549
4557411
4560382
4561391
4562478
4565901
4566207
4569182
4569805
4572367
4575902
4576512
4577212
4581764
4583163
4584278
4586858
4588498
4592878
4596721
4596957
4599109
4599250
4599471
4604168
4605153
4606438
4608522
4608533
4611577
4612109
4612685
4613357
4616916
4620813
4621317
4621699
4622191
4622649
4623790
4624337
4625441
4626125
4626960
4629721
4632243
4632447
4632770
4632804
4635337
4637673
4638069
4638255
4638441
4639827
4640853
4645531
4650411
4654515
4655207
4656699
4656946
4657713
4660132
4662423
4662921
4663112
4664382
4664632
4665368
4667982
4669127
4669246
4670279
4671132
4672711
4673655
4673662
4676185
4677641
4677924
4679554
4679824
4679923
4681232
4681280
4681419
4682330
4683744
4686104
4686717
4691734
4692348
4692754
4692843
4693767
4695759
4695862
4697927
4698973
4699795
4699855
4700346
4704817
4707218
4710705
4711952
4712267
4714208
4714847
4717449
4718144
4718277
4718740
4719290
4719457
4719550
4720624
4721848
4722279
4723486
4724263
4724491
4725297
4725874
4726008
4726667
4727040
4728603
4729256
4730175
4731743
4732950
4734215
4734447
4735083
4736068
4736156
4736355
4737638
4738041
4738154
4739165
4739325
4739475
4739928
4741832
4742034
4743024
4744792
4745279
4746357
4746470
4747434
4748161
4751115
4751756
4752070
4752963
4754019
4754185
4754667
4755339
4755664
4756305
4756659
4756893
4757125
4757438
4757833
4758331
4758781
4759121
4760097
4760125
4760336
4761496
4761540
4761779
4761875
4761981
4762406
4762557
4763809
4764150
4764163
4764336
4765112
4765237
4765541
4765668
4766778
4767342
4767578
4767626
4768586
4769000
4769084
4770123
4770251
4771892
4771911
4772024
4772710
4772757
4772931
4773155
4773670
4774405
4775263
4775299
4776806
4778029
4778358
4779102
4779211
4779408
4779637
4779987
4780614
4781660
4781763
4781913
4782031
4783971
4784859
4785070
4786162
4786706
4787531
4787688
4788185
4788457
4788828
4789107
4790116
4790476
4790711
4791237
4791340
4792182
4792607
4793468
4793512
4793990
4794598
4795140
4795187
4795523
4796807
4799942
4805218
4805829
4806554
4806623
4806803
4806905
4807086
4807939
4809820
4811280
4812038
4812306
4813679
4814832
4815601
4816868
4817667
4817758
4818002
4818428
4818528
4818632
4819534
4820030
4820078
4820335
4820891
4821111
4821445
4822072
4822654
4824784
4824936
4825850
4826056
4826776
4826948
4828612
4829887
4830606
4830932
4839274
4839577
4839804
4840588
4840747
4841593
4841762
4843231
4843272
4843754
4843994
4845339
4846097
4847982
4848139
4849280
4850694
4854298
4857973
4859153
4860509
4861987
4862077
4862626
4866378
4868611
4870257
4870443
4871871
4872122
4873665
4875982
4877740
4878471
4880798
4883562
4883968
4885095
4886974
4889388
4890125
4891259
4891344
4892868
4895644
4895810
4897327
4901776
4901793
4902597
4906736
4908215
4912054
4914453
4915418
4915567
4916138
4916159
4917423
4917596
4918128
4922763
4926003
4928177
4930025
4932119
4941442
4944384
4944929
4945183
4946051
4947692
4947815
4948022
4949859
4951330
4952610
4952777
4954676
4954893
4955955
4956049
4958695
4968534
4973059
4973310
4974103
4974740
4975049
4977267
4979435
4979586
4986194
4990023
4992194
4993429
4997178
5001583
5002214
5004790
5005763
5006537
5006988
5007327
5011420
5011751
5012450
5014803
5015276
5017360
5017604
5018577
5019801
5022062
5022907
5023698
5024870
5025105
5025171
5028162
5029052
5031307
5032304
5032923
5033579
5034219
5035143
5035438
5036005
5036851
5039102
5040985
5049297
5050219
5050505
5051580
5053296
5058345
5058672
5059825
5061610
5061762
5062782
5063502
5064967
5065396
5065445
5066939
5067833
5068843
5069283
5070515
5070972
5072568
5073495
5074224
5074371
5075069
5075086
5075260
5075417
5075949
5078680
5079336
5079537
5083850
5084316
5087379
5088750
5089939
5091585
5091704
5094518
5095942
5096883
5097203
5097348
5099763
5102667
5107406
5107667
5107705
5110224
5111619
5114101
5115827
5117748
5118375
5120246
5120680
5120868
5122458
5125861
5126960
5129618
5129759
5130892
5131480
5135399
5135626
5136264
5136790
5136809
5138519
5139121
5139917
5141409
5141581
5145172
5146074
5146585
5147707
5147957
5148657
5151011
5152779
5153273
5153301
5158195
5161103
5161747
5164474
5164824
5167120
5167238
5171421
5171584
5171886
5173923
5174353
5175057
5177183
5177245
5177307
5177326
5177580
5177708
5178213
5179377
5179705
5180265
5181065
5181816
5182135
5182620
5182976
5184515
5185351
5185464
5187769
5188493
5191584
5193389
5193474
5195134
5197401
5200413
5200473
5200581
5202545
5206014
5208587
5209640
5210927
5214109
5214382
5215491
5215868
5216791
5217032
5217065
5218514
5218571
5218968
5219335
5219431
5221640
5222070
5222147
5222472
5222750
5222765
5222979
5223246
5225077
5225545
5226257
5230313
5231234
5231349
5231412
5233688
5233977
5236664
5239333
5239545
5240687
5241556
5241913
5243701
5246215
5247941
5248596
5249333
5249973
5250296
5251835
5260100
5262725
5263385
5264429
5264441
5264651
5264838
5267065
5269297
5276443
5277711
5282446
5283000
5285186
5287387
5287883
5288502
5289536
5291493
5293462
5294061
5294244
5294349
5298272
5299499
5300329
5301163
5301454
5304374
5304847
5305809
5306204
5308205
5308447
5314911
5315290
5315387
5318149
5319505
5323283
5323299
5323815
5324264
5324824
5325360
5328600
5329003
5329106
5333410
5333578
5334174
5334418
5336543
5338011
5340056
5343732
5344934
5345483
5345590
5345655
5346151
5346709
5347130
5348652
5350144
5351156
5354665
5360114
5361312
5365109
5366410
5366790
5367592
5368031
5368054
5369389
5369462
5371889
5372455
5372665
5373374
5373769
5374155
5376084
5377984
5380286
5380319
5381104
5381747
5382087
5382185
5386361
5387219
5389860
5396669
5397004
5397710
5398227
5398726
5399934
5401623
5402370
5403702
5406330
5406719
5407556
5408280
5410159
5414404
5416080
5418089
5418824
5421298
5421545
5423138
5423863
5424521
5424915
5426222
5428458
5429545
5429712
5429736
5430415
5431331
5432337
5433352
5433531
5435695
5436361
5436897
5437090
5437309
5439299
5439306
5444526
5444618
5444985
5445494
5447146
5447211
5447787
5448534
5449219
5450132
5451414
5452261
5453686
5454126
5455812
5456850
5458762
5460015
5460955
5462815
5463559
5463901
5464115
5464851
5465868
5468884
5469894
5470559
5477294
5477694
5478083
5481539
5481998
5482571
5484007
5486138
5486581
5487654
5487881
5490830
5491376
5493619
5494633
5496155
5496224
5496589
5500678
5500842
5500976
5501473
5502556
5505845
5508582
5508686
5509047
5509119
5510605
5511440
5511818
5513379
5513473
5513597
5514177
5517659
5517783
5517897
5518730
5519517
5521488
5522957
5522973
5525409
5527446
5527592
5529624
5531560
5531908
5533732
5534295
5534680
5535704
5535895
5536747
5538469
5539909
5540168
5542228
5542244
5544414
5544595
5544844
5545749
5549011
5552579
5553750
5554065
5554855
5556821
5558165
5559737
5560464
5561293
5562362
5562890
5563234
5563654
5564626
5564965
5568128
5568285
5572466
5572537
5573036
5573757
5574513
5576439
5576717
5577320
5582677
5586608
5587525
5588092
5590438
5590767
5591329
5591330
5593774
5593895
5598622
5598797
5599759
5602264
5603936
5604664
5605498
5606475
5608927
5610718
5611373
5612492
5613301
5613537
5613682
5614231
5615759
5617384
5619802
5620154
5622779
5625578
5628262
5630556
5631094
5632895
5634373
5635630
5639298
5642040
5642557
5642840
5644063
5645851
5646659
5648549
5648855
5649485
5649505
5649783
5651263
5653085
5654126
5657287
5659263
5659951
5660066
5661525
5661667
5661841
5662269
5662347
5664003
5664132
5666752
5669298
5670559
5671145
5673004
5673783
5673869
5674590
5680727
5682032
5682244
5686310
5687813
5688578
5689307
5689447
5690975
5691206
5691447
5691517
5692843
5694047
5694691
5695745
5697862
5700939
5701752
5705819
5706085
5707037
5708901
5710070
5717317
5722447
5726641
5730596
5731203
5732074
5735257
5737241
5737549
5742929
5744551
5745048
5745188
5750866
5751335
5752690
5753097
5754613
5755499
5756761
5757099
5759092
5759746
5762262
5762479
5763185
5763428
5763640
5766457
5767933
5768248
5769202
5769254
5769355
5770821
5774144
5778115
5778254
5778573
5779043
5779273
5779722
5780186
5780746
5781329
5781769
5782070
5782229
5782996
5784117
5784895
5785518
5785847
5787197
5787219
5787696
5788040
5788043
5788103
5788110
5788631
5790025
5790171
5790326
5791279
5791361
5791716
5792030
5793042
5793170
5793540
5793892
5794577
5795791
5797298
5797535
5797598
5800129
5801525
5801572
5801948
5802039
5802915
5803597
5804798
5805682
5807664
5808515
5808589
5809525
5811586
5812127
5812294
5812894
5813307
5815387
5815543
5816818
5817013
5817772
5818555
5820115
5821249
5821771
5822127
5822492
5826363
5826582
5827000
5827126
5827698
5828173
5828865
5830906
5832278
5832968
5834710
5835427
5836242
5836550
5836598
5836706
5840289
5841092
5842147
5843928
5847074
5847843
5849761
5850674
5850965
5852795
5853242
5854025
5854112
5856625
5857187
5857248
5857363
5857647
5858209
5859284
5859568
5859979
5860866
5861957
5862522
5862873
5863390
5864621
5865601
5868145
5871442
5872475
5873993
5876099
5877377
5878330
5878487
5878707
5879023
5880582
5881867
5882304
5883613
5883763
5883839
5884080
5885238
5885842
5886343
5889810
5890134
5892334
5893995
5897602
5899536
5900361
5900479
5900617
5900996
5903262
5903611
5904658
5904931
5906295
5907588
5910485
5910681
5911608
5911712
5912524
5912969
5913843
5914253
5917496
5917595
5918732
5919880
5920002
5920231
5920931
5921068
5921289
5921696
5922354
5922837
5923519
5925082
5926592
5926929
5927430
5927512
5927750
5927881
5928378
5928678
5928744
5929434
5929884
5929937
5931361
5931384
5931879
5932161
5932959
5933207
5933453
5933492
5933841
5933972
5934163
5934167
5934529
5935037
5935176
5935576
5935881
5936288
5936615
5937027
5937443
5938171
5938658
5939881
5939919
5940493
5941058
5942216
5942428
5942686
5942969
5944028
5944661
5944766
5944967
5945109
5945913
5947489
5948137
5949014
5949819
5950467
5951030
5951270
5952650
5952987
5953430
5953679
5954676
5956654
5957362
5957439
5957702
5958985
5961506
5961952
5962059
5962177
5962397
5963685
5964057
5964924
5965482
5965732
5966518
5970568
5975491
5976126
5976713
5977437
5977805
5978006
5980743
5981973
5982515
5984542
5985760
5987653
5988810
5991527
5992550
6000797
6001256
6001555
6006597
6007425
6007782
6010486
6011836
6011912
6011980
6012568
6014216
6014864
6019829
6020340
6023014
6023303
6029901
6034698
6035657
6036796
6036855
6039639
6046955
6047059
6049497
6052881
6053474
6053537
6057765
6059071
6059343
6061118
6063998
6067997
6068224
6069825
6070521
6071425
6075020
6075739
6076818
6079694
6082508
6084349
6084513
6085994
6089056
6089696
6090277
6091756
6095596
6096218
6096538
6097147
6099534
6100165
6100832
6103016
6104830
6105492
6107454
6107528
6112191
6112214
6113170
6116442
6116539
6117737
6119592
6119752
6120247
6121186
6121329
6122921
6123877
6124813
6125976
6129758
6130178
6131931
6134079
6136201
6136796
6137795
6138273
6139104
6139329
6139381
6141086
6146637
6148553
6148809
6149875
6157728
6161144
6164855
6165114
6166113
6166930
6168438
6168881
6169049
6171650
6174458
6175535
6179406
6179675
6184489
6185904
6191125
6193849
6195287
6196725
6196921
6201415
6203909
6208124
6210536
6210850
6212233
6212298
6213750
6218149
6219218
6224584
6225823
6227747
6234787
6245047
6245376
6248158
6248502
6249290
6249375
6250352
6251569
6253072
6258042
6260489
6261454
6261930
6262051
6263764
6266601
6267053
6270086
6271186
6271283
6274721
6276550
6276863
6276887
6276896
6279158
6281422
6282626
6288101
6288237
6289339
6289691
6295399
6297440
6297528
6297625
6299011
6301312
6301952
6302504
6304329
6305991
6313893
6314257
6314316
6315004
6315207
6317802
6317850
6320724
6322274
6326075
6328134
6330521
6330798
6332704
6336685
6342917
6344734
6345911
6346237
6351100
6353356
6353473
6353766
6354140
6354189
6354851
6356601
6356721
6359133
6365922
6366001
6366591
6367289
6367848
6368498
6369648
6369894
6369898
6370791
6371388
6372273
6372950
6373980
6376411
6376780
6376805
6377237
6377630
6378372
6379487
6380641
6381294
6384869
6385463
6385604
6387273
6388841
6388985
6393131
6393210
6394794
6395477
6395685
6397014
6399099
6400919
6401312
6402176
6402788
6403429
6405789
6409390
6411407
6412006
6412048
6414684
6414769
6416420
6416820
6419247
6424890
6432026
6433177
6433739
6435692
6437876
6438503
6439617
6439643
6439838
6440337
6441336
6441463
6442012
6446083
6447063
6447514
6449334
6449722
6450938
6451045
6452427
6452435
6452708
6454531
6454651
6454693
6455370
6455574
6456033
6457691
6459399
6459810
6460523
6460888
6461370
6461957
6463606
6464063
6464467
6465976
6467163
6467369
6468618
6470366
6471105
6475277
6475720
6476158
6476411
6480628
6482386
6483626
6484968
6485134
6486174
6486321
6487064
6489910
6492996
6496489
6497653
6499166
6500085
6500432
6500901
6501049
6501563
6502038
6503351
6506082
6506157
6506949
6507597
6508425
6509544
6512288
6512307
6512497
6512997
6513914
6514659
6515768
6516448
6516779
6517621
6517741
6517962
6518762
6519518
6520351
6520717
6520839
6522863
6528309
6529011
6534429
6536907
6541428
6542504
6543762
6544326
6544742
6544789
6548935
6549781
6551041
6553791
6554149
6554221
6555085
6555539
6559782
6560085
6569882
6573588
6576189
6578910
6578942
6579981
6585099
6589614
6590234
6598398
6598451
6599424
6601457
6601677
6602607
6604530
6608316
6609741
6612652
6624538
6624725
6626253
6628095
6629375
6630484
6631096
6635485
6635834
6638487
6640912
6641849
6644986
6648985
6649696
6651535
6652662
6653211
6653305
6654479
6656865
6657777
6658607
6658997
6659252
6660404
6662656
6663265
6663352
6663750
6663877
6664805
6664847
6665366
6669107
6669835
6672806
6673077
6676418
6679019
6679348
6679702
6680162
6683374
6683721
6684558
6686433
6688867
6689022
6691693
6695225
6697867
6698530
6701941
6703553
6703866
6705277
6707810
6708232
6712376
6712728
6720549
6721056
6721195
6723998
6724528
6725043
6725599
6725617
6726325
6726336
6727298
6727650
6728657
6729987
6730405
6731705
6735108
6735173
6735403
6736392
6736710
6737025
6742407
6748357
6748410
6752169
6752606
6753129
6753251
6753779
6757723
6767526
6767665
6769765
6772816
6774431
6775967
6776759
6776817
6783106
6784832
6787280
6787487
6787980
6787990
6788223
6794889
6806260
6807620
6808594
6810203
6810739
6812824
6812882
6813813
6814901
6815461
6816938
6817505
6819708
6822146
6823124
6824250
6825619
6826338
6827235
6828640
6832560
6833220
6833228
6833917
6836205
6837420
6843110
6843849
6847588
6848228
6848512
6850200
6850244
6853586
6855114
6857890
6859410
6863335
6864605
6864946
6870615
6870991
6873325
6877783
6878854
6880411
6884202
6886342
6887025
6887199
6887220
6890795
6891956
6892906
6893470
6893540
6894216
6896263
6903240
6903719
6905182
6905825
6912559
6913368
6913672
6914690
6915097
6915821
6917016
6918183
6919228
6922241
6923962
6926851
6927637
6929189
6930678
6931179
6937755
6940634
6946344
6948629
6949607
6950225
6951559
6952699
6954279
6954688
6958252
6959054
6959965
6963589
6963807
6965628
6966067
6967120
6968952
6970918
6972253
6972629
6975796
6976381
6977239
6982759
6983833
6988142
6991830
6992782
6993129
6994246
6994592
6995870
6996452
6999791
7003418
7004035
7004234
7005287
7005646
7006688
7007469
7008177
7009097
7009685
7010938
7011060
7011376
7011469
7015500
7015725
7016673
7016676
7016839
7017024
7017079
7018319
7021504
7022347
7023170
7023174
7028116
7028693
7029436
7030710
7031231
7032216
7036864
7038295
7038893
7039664
7040770
7040813
7041041
7042094
7045048
7045443
7045563
7045840
7047131
7047470
7049696
7051339
7054188
7055780
7055828
7056113
7058986
7062797
7063636
7066180
7071863
7072640
7073189
7076170
7076615
7076684
7076867
7077292
7077323
7077624
7078136
7079012
7082723
7083388
7084489
7086270
7087428
7087692
7088052
7092421
7092453
7092514
7092820
7093882
7094994
7095694
7096011
7096194
7096243
7096919
7097397
7098645
7098720
7098789
7098928
7099230
7099469
7100792
7101262
7101515
7101622
7101858
7101888
7102462
7102705
7103271
7103506
7104248
7104380
7104417
7105297
7105430
7106199
7106248
7106998
7107047
7107100
7107224
7107730
7107850
7107896
7108036
7108713
7108932
7109213
7109328
7109511
7109574
7109752
7109906
7110934
7111418
7111481
7112446
7113097
7113409
7113562
7114973
7115121
7115646
7116057
7116152
7116316
7117085
7117562
7117632
7117852
7118131
7118580
7118972
7119044
7119692
7119952
7120173
7120192
7120732
7120924
7121139
7121192
7123276
7123349
7123404
7123499
7123832
7124339
7124371
7126235
7126481
7126569
7126976
7127873
7128343
7128535
7128723
7128919
7129173
7129739
7129996
7130480
7130483
7130766
7131012
7131205
7131358
7131839
7132340
7132644
7133402
7133506
7133609
7133768
7133833
7134507
7135144
7135204
7135288
7135394
7135888
7137027
7137040
7137742
7138730
7138736
7140321
7140998
7142056
7142144
7142618
7143203
7143641
7144909
7145042
7145917
7146875
7146912
7147264
7147818
7149075
7150409
7151427
7151812
7152232
7152333
7154707
7155173
7156117
7156666
7159209
7160006
7160189
7160510
7160606
7162093
7162127
7163210
7163949
7164107
7164152
7164438
7165823
7166003
7166311
7166544
7167426
7167767
7168000
7168023
7169649
7170416
7170450
7173944
7174435
7174617
7176100
7176186
7176451
7177168
7181547
7182405
7183762
7184327
7184916
7186755
7187452
7187994
7188059
7189157
7190472
7190997
7191020
7193310
7193525
7195036
7195539
7195580
7195675
7195810
7196173
7196349
7196915
7197954
7199453
7200293
7201160
7201188
7201203
7202299
7204922
7207303
7208377
7208623
7209004
7209917
7210207
7210360
7211291
7212771
7213499
7213910
7214524
7215531
7217457
7217872
7218859
7219340
7219966
7220198
7222311
7222374
7222904
7223411
7224368
7224758
7225020
7225071
7225351
7225441
7227603
7228137
7228162
7228426
7228630
7228756
7229530
7229594
7229767
7230151
7230756
7231245
7231501
7231576
7231814
7232449
7232903
7233298
7233534
7233899
7234426
7234449
7234819
7235692
7237378
7237421
7238013
7238354
7238745
7238828
7239273
7239384
7239793
7239854
7240004
7240009
7240084
7240275
7241819
7241970
7242197
7243853
7244857
7244899
7249495
7250487
7250772
7251219
7251986
7252263
7255000
7255096
7255561
7256743
7259071
7259935
7260346
7260486
7260639
7260654
7261047
7261377
7261975
7262796
7263224
7264002
7265105
7265850
7266729
7267509
7267963
7268940
7269830
7271909
7272676
7273472
7274136
7274201
7275866
7275903
7275958
7277122
7277605
7278232
7278975
7282170
7282775
7282799
7283461
7283830
7283833
7285808
7285894
7287872
7287939
7288827
7289422
7293180
7293373
7294393
7297220
7298320
7298898
7299334
7299527
7300483
7301329
7301995
7303653
7304226
7305563
7305811
7305931
7307353
7307988
7308754
7309093
7309512
7310019
7310161
7310909
7311826
7314309
7315253
7316800
7317843
7318586
7319177
7319644
7320101
7320612
7322140
7322250
7323987
7324137
7324807
7325134
7325753
7326152
7327328
7327914
7328210
7328688
7328821
7329497
7329528
7329736
7330527
7330605
7331228
7332279
7332657
7333086
7333256
7333417
7334598
7335043
7336480
7337857
7338902
7340093
7341591
7342557
7343957
7344665
7344895
7344923
7345619
7345664
7346482
7346561
7349454
7349496
7350527
7350754
7350827
7351134
7351168
7351365
7351563
7351576
7353111
7353804
7354322
7354367
7354567
7354938
7355051
7355156
7356834
7357440
7358872
7359423
7360389
7360909
7361434
7361944
7363655
7364306
7366245
7366592
7366646
7367303
7367432
7369079
7370072
7370285
7371546
7371576
7371973
7372372
7372603
7373832
7373916
7374838
7375365
7376302
7376673
7376908
7376921
7377985
7379881
7380800
7381197
7381409
7382356
7383425
7383550
7384709
7385589
7386215
7387361
7388147
7388624
7389319
7389842
7390177
7390965
7391277
7392131
7392436
7393814
7394157
7394483
7396036
7396431
7396765
7397908
7399606
7399643
7400221
7402389
7402613
7402841
7404647
7404913
7407254
7407655
7407782
7407879
7408840
7409972
7410064
7410155
7410628
7410805
7411192
7411219
7411315
7411677
7411827
7412256
7415954
7416507
7416923
7416956
7417762
7418035
7418058
7418195
7418258
7419228
7419425
7420021
7420343
7420476
7420838
7421906
7422057
7422096
7422929
7423334
7423630
7424126
7424172
7424269
7426138
7426622
7427442
7428824
7429536
7429828
7430291
7430584
7430602
7431438
7431818
7432481
7434049
7434217
7434774
7435253
7435814
7436682
7436927
7438322
7440199
7440207
7442719
7443462
7443890
7444317
7444326
7445274
7445546
7446960
7447569
7449372
7449545
7449946
7451216
7451832
7451969
7452443
7452500
7453204
7453703
7455435
7455576
7455956
7456708
7456961
7457535
7458239
7460076
7460493
7460621
7460894
7460959
7462245
7463355
7463621
7465232
7466356
7467136
7467463
7467475
7469453
7469637
7469725
7469745
7470123
7470197
7470443
7471080
7471449
7471977
7472359
7472385
7472792
7473798
7473808
7475793
7476499
7477578
7477911
7479380
7479480
7480527
7480579
7480894
7482003
7482372
7482542
7483925
7485564
7485666
7486397
7486753
7487270
7487354
7487405
7487978
7488768
7490135
7490153
7494346
7494884
7496340
7497403
7499921
7500167
7500296
7501679
7501898
7502241
7503325
7503813
7504063
7508874
7509253
7509271
7510401
7511365
7511530
7511554
7512759
7516334
7517636
7518533
7521220
7521947
7522248
7522381
7523601
7523847
7524321
7524729
7525844
7526526
7526769
7527345
7527401
7527947
7528114
7528332
7528480
7528933
7529829
7530268
7534282
7536115
7536420
7536445
7537075
7540358
7542512
7544125
7544327
7544910
7545291
7545902
7548992
7549206
7549818
7549931
7551021
7552564
7556255
7556642
7557473
7558406
7558639
7559206
7560949
7561125
7561172
7564642
7569503
7571783
7571805
7571888
7576077
7576411
7578412
7579270
7579403
7583916
7584053
7584843
7584846
7586007
7587317
7588532
7589178
7589307
7590686
7591697
7593497
7593875
7594517
7595193
7597361
7597722
7599049
7599461
7603756
7604885
7605441
7605700
7606323
7606836
7606898
7607046
7607264
7607414
7608387
7608758
7608796
7608837
7609793
7609877
7610913
7612665
7612813
7612882
7613013
7613331
7613574
7613599
7614206
7614407
7614601
7614767
7614882
7615254
7615436
7615487
7615623
7616027
7616210
7617082
7617104
7617228
7617842
7618429
7618515
7618888
7619013
7619534
7619994
7621121
7621210
7621954
7622054
7622646
7622962
7623243
7623531
7623653
7624147
7624169
7625202
7625319
7625749
7625920
7628434
7628500
7629242
7630435
7630911
7630936
7631625
7632298
7633743
7634925
7636298
7636322
7638108
7638982
7639196
7639661
7639864
7639890
7640525
7641135
7641222
7642318
7642659
7643147
7643630
7643759
7643850
7644244
7644293
7644407
7645729
7646594
7646988
7649445
7650414
7651358
7651563
7652077
7652280
7652872
7655344
7655741
7656010
7656205
7657489
7657941
7658035
7658060
7658588
7659295
7659394
7659562
7659644
7660175
7660254
7660430
7660729
7661214
7661230
7661537
7662307
7662409
7662475
7663232
7663841
7664431
7665493
7665990
7666498
7666673
7667208
7667244
7672066
7672297
7672996
7673358
7673596
7675443
7675522
7677002
7677592
7680549
7682506
7682851
7683082
7684253
7684386
7685295
7685393
7685864
7686502
7686885
7686984
7687069
7687227
7687600
7687779
7687809
7688969
7690000
7690419
7692549
7692609
7692617
7692895
7694178
7694457
7694753
7695337
7695807
7696399
7696889
7697560
7698458
7698530
7698963
7698992
7700802
7701064
7701102
7701203
7701476
7701577
7701853
7702201
7702278
7703001
7703234
7703840
7704127
7704344
7704698
7705650
7706326
7706650
7706920
7707353
7707421
7707548
7707691
7708673
7708681
7708914
7709241
7710049
7710094
7710405
7710908
7711505
7711911
7712277
7712324
7712599
7713332
7713636
7713750
7713877
7713989
7714076
7714647
7714712
7714914
7715397
7716516
7716672
7718012
7718032
7718940
7719176
7719397
7719751
7720202
7720994
7721290
7721377
7721381
7721596
7721953
7723433
7723567
7723734
7724113
7724327
7724455
7726891
7726918
7727010
7727194
7727462
7727712
7727831
7728791
7729222
7730351
7730705
7730824
7730994
7731369
7731564
7732069
7732646
7732660
7733276
7735439
7736519
7737885
7738779
7738868
7738999
7740056
7741040
7741168
7741386
7742010
7742458
7745005
7745010
7745740
7746093
7746239
7746684
7746850
7746892
7747833
7748686
7748742
7749088
7749192
7749712
7749844
7750068
7750709
7750942
7750971
7752084
7752247
7755047
7756977
7760006
7760291
7760639
7761289
7761315
7761417
7761738
7762483
7763454
7764160
7765039
7765603
7765674
7766159
7766587
7768159
7768535
7769333
7770188
7771382
7771554
7771700
7772111
7772453
7773352
7773554
7773750
7774237
7774431
7774444
7775560
7775721
7775728
7777435
7777727
7778409
7778598
7778698
7779139
7779187
7780670
7781138
7781515
7781732
7786075
7786445
7786469
7786787
7787447
7787990
7789120
7789830
7789901
7790394
7790710
7790771
7791256
7793198
7793316
7793452
7794042
7794059
7794619
7794759
7795127
7795249
7795360
7795508
7795519
7796120
7797085
7797239
7797434
7797911
7798449
7798462
7798638
7798805
7799204
7800634
7800655
7802521
7803379
7803505
7803800
7804833
7805078
7805305
7805920
7806544
7806630
7806812
7807153
7807273
7807370
7808005
7808050
7808338
7808389
7808493
7808576
7808740
7808924
7810200
7810617
7810658
7810682
7811150
7812305
7813755
7813866
7814399
7814686
7815076
7815671
7817168
7817363
7818815
7818896
7819420
7820071
7820936
7821425
7821722
7821811
7822098
7823331
7823456
7823602
7824904
7825102
7825637
7825787
7825992
7826080
7826416
7826505
7826823
7827627
7827630
7828108
7828130
7828739
7829683
7829815
7829943
7830311
7830523
7830562
7830563
7830624
7830676
7832160
7832361
7832541
7833260
7835924
7836567
7836825
7837272
7837691
7837961
7838022
7838151
7840355
7840854
7841083
7841125
7841313
7842038
7842349
7842965
7843597
7844422
7844751
7845247
7845352
7846889
7848223
7848770
7848806
7849120
7850809
7853338
7854068
7854288
7855060
7855105
7855373
7855388
7855844
7855950
7855977
7858353
7859176
7860519
7861266
7861349
7861370
7861612
7862086
7862103
7862537
7862658
7863053
7863343
7863429
7865227
7865638
7865979
7866218
7868322
7868597
7871432
7872124
7872591
7872609
7873669
7873861
7874103
7874899
7874914
7875611
7876740
7877750
7877889
7880850
7886404
7887426
7887685
7888152
7888573
7888773
7889506
7889629
7890089
7891420
7891543
7893842
7894151
7895105
7897333
7898976
7899539
7899796
7900684
7900840
7902923
7903051
7904558
7905724
7905830
7905994
7906073
7906168
7907470
7907569
7908029
7909954
7910280
7911103
7913799
7915182
7915675
7916336
7916517
7918633
7921494
7922308
7922846
7924652
7924870
7924899
7926266
7926360
7926690
7926854
7927155
7928249
7929874
7929958
7930978
7931618
7931742
7931771
7931814
7931893
7932409
7932572
7933116
7933193
7933586
7933868
7934075
7934815
7935231
7936145
7936585
7937175
7937473
7937637
7937722
7937968
7938032
7938588
7938959
7939030
7939439
7940036
7940430
7940503
7940604
7941426
7942188
7942411
7942610
7943562
7944068
7944160
7944701
7945066
7945182
7945364
7945613
7945846
7946536
7946793
7947467
7950211
7950489
7950655
7951002
7952859
7953043
7953509
7953789
7954893
7955505
7957085
7960542
7961405
7961744
7962333
7963113
7964787
7965249
7966185
7967141
7967826
7967843
7968412
7969307
7970304
7970455
7971066
7972993
7973008
7973012
7973711
7975923
7979996
7981731
7981840
7982431
7982732
7983921
7984443
7984528
7985085
7985473
7988482
7989576
7990565
7990746
7990930
7994270
7995417
7995674
7996642
7998406
7998979
7999203
8000367
8000440
8001212
8001480
8001987
8003674
8004134
8005658
8006042
8007525
8008518
8009094
8011324
8011657
8011795
8012073
8012098
8012599
8012911
8013605
8014171
8014701
8018322
8021957
8022230
8023018
8024304
8025120
8025511
8025671
8026526
8027777
8028144
8028239
8030100
8031144
8031998
8032327
8032689
8033046
8035571
8035632
8037092
8040315
8040929
8044511
8044656
8045422
8046915
8046967
8047082
8047801
8048119
8048478
8048606
8049165
8051324
8054540
8054878
8055660
8055835
8057285
8059097
8059179
8059223
8059894
8060576
8061384
8062242
8063522
8063680
8064761
8065786
8066380
8066828
8069748
8070821
8071817
8072194
8073495
8081308
8081376
8084725
8085840
8086405
8087081
8088884
8089618
8090223
8092341
8093474
8093768
8094106
8094251
8094819
8094924
8095567
8096275
8097666
8097857
8098735
8098882
8099326
8099515
8100624
8101477
8103319
8105536
8105841
8106095
8106581
8110462
8110641
8111842
8112188
8112217
8112366
8112575
8113446
8113853
8114211
8114539
8115387
8115597
8115651
8116748
8116808
8117773
8119904
8120936
8122507
8123845
8126040
8126123
8127433
8129133
8132861
8132906
8135283
8136640
8137517
8137545
8138145
8138969
8139001
8143224
8143724
8143942
8145818
8145908
8146480
8146660
8147713
8149927
8152458
8153103
8153633
8153650
8153809
8154625
8157945
8160696
8161073
8161199
8161316
8161454
8161854
8162027
8162120
8164336
8165199
8167392
8168171
8168281
8168502
8168646
8168676
8172352
8173381
8173641
8174050
8175821
8175957
8176335
8178281
8178508
8180005
8180419
8180428
8180850
8180869
8180952
8182420
8184279
8185078
8185567
8185872
8186261
8186372
8190067
8190201
8194861
8195792
8197637
8200636
8202369
8202707
8202809
8203651
8203956
8204520
8205039
8205175
8207191
8207219
8208198
8208446
8208932
8209781
8210196
8210614
8212341
8213399
8218359
8219017
8219324
8220059
8220349
8220905
8221771
8222501
8222726
8222764
8223142
8229559
8229583
8230596
8235879
8238148
8239350
8240492
8241019
8241939
8244881
8245420
8247191
8249230
8251836
8251914
8252659
8253334
8257076
8257674
8258658
8259173
8259537
8261660
8262171
8263904
8265555
8265584
8266034
8266606
8268010
8268031
8272085
8272223
8273434
8274728
8276475
8278572
8282978
8284159
8285295
8287952
8289860
8290116
8292593
8294254
8295181
8300084
8301871
8302466
8302532
8302823
8309565
8310115
8310814
8313420
8315183
8315604
8316084
8316679
8316783
8316930
8317713
8318199
8318988
8323506
8324081
8327414
8328262
8331887
8336820
8338409
8339354
8339591
8346481
8347407
8348628
8352358
8358171
8358348
8359491
8361317
8361865
8362562
8363998
8364113
8369846
8371108
8377700
8379604
8388069
8388692
8389337
8389727
8389888
8389953
8390076
8390753
8391416
8392682
8394006
8394563
8395478
8395862
8396354
8397557
8398651
8400663
8402180
8407662
8410436
8412308
8413837
8415404
8415769
8418167
8418468
8418523
8419011
8421027
8421360
8423166
8423256
8424054
8426837
8427803
8428014
8428525
8428640
8429042
8429774
8429949
8431894
8432638
8432926
8434946
8435418
8437809
8440445
8441153
8443638
8443952
8443972
8447606
8451404
8459277
8460255
8460832
8462195
8463949
8470844
8472220
8479400
8479785
8481040
8483106
8488941
8489148
8489200
8489685
8492333
8493529
8493687
8494722
8497450
8497948
8498467
8501386
8501733
8505286
8506599
8508288
8511268
8517526
8519809
8523206
8524815
8525960
8527700
8530608
8530715
8530866
8539085
8540720
8541013
8542738
8544495
8548724
8552629
8553802
8554674
8555854
8555980
8557324
8560895
8563466
8564125
8569647
8570915
8571044
8572850
8573662
8578242
8578780
8579157
8579323
8582033
8582406
8583923
8590710
8590861
8592110
8592523
8593627
8594720
8595052
8595433
8596000
8596858
8598347
8599517
8601249
8601543
8601990
8602680
8605066
8605120
8605561
8605646
8605735
8605870
8607027
8607305
8609918
8610495
8612103
8612721
8613073
8613391
8613942
8618052
8618238
8619288
8620128
8621988
8622537
8623074
8624010
8625407
8626573
8626719
8630810
8631070
8631690
8633041
8633297
8633508
8634000
8635805
8635826
8637044
8637392
8637794
8642917
8642957
8646537
8647307
8649847
8652131
8653428
8653557
8654896
8655131
8655493
8658016
8659955
8661112
8662304
8664054
8664523
8666323
8668867
8669287
8670491
8674398
8675453
8675496
8677653
8677711
8678495
8678901
8679785
8681464
8681567
8682003
8684490
8686485
8687321
8687530
8690369
8697879
8698220
8698687
8701217
8702301
8702610
8703009
8705007
8706399
8707574
8708259
8712344
8715945
8716251
8719221
8722639
8723111
8723507
8724649
8725439
8726078
8726591
8727205
8728066
8728202
8730697
8730812
8732530
8734098
8736308
8740678
8741776
8743631
8746665
8748351
8749444
8752823
8753157
8753310
8754975
8756132
8756198
8756603
8758043
8758107
8759514
8760354
8760637
8761214
8761789
8769013
8772670
8773746
8777115
8781348
8781366
8782326
8782689
8783401
8785636
8786777
8787738
8792389
8796032
8797657
8798139
8798781
8798943
8799753
8800617
8802434
8802964
8803155
8804782
8805403
8808004
8808477
8810776
8814453
8815079
8818458
8821107
8822391
8823582
8829552
8831872
8838687
8838994
8845566
8845919
8846766
8849952
8850112
8851638
8852860
8857905
8859552
8859803
8861070
8861487
8861699
8861948
8862121
8862425
8863236
8865349
8867209
8867225
8867789
8868177
8869532
8869903
8870104
8870223
8870825
8871215
8872196
8873010
8873388
8873578
8873721
8874813
8875373
8875665
8876967
8877096
8877862
8878010
8878401
8878470
8878649
8878965
8879246
8880164
8880388
8880506
8880769
8881649
8881957
8882190
8882883
8885197
8885465
8885942
8886200
8886262
8886334
8887165
8887227
8889656
8889885
8889912
8891675
8891856
8892427
8892649
8893449
8893791
8894579
8895722
8896892
8897235
8897459
8897477
8897628
8898260
8899022
8900778
8901549
8901785
8902192
8902282
8902404
8902553
8902942
8903070
8903117
8903881
8903913
8904544
8905527
8906064
8906187
8906628
8906915
8907919
8908035
8908123
8908482
8908589
8908671
8909407
8909604
8909781
8909798
8910131
8910255
8910723
8910813
8911283
8911349
8912314
8912596
8912858
8914141
8914261
8914951
8915122
8915797
8916535
8917989
8918779
8918922
8919103
8919455
8922295
8924094
8924432
8926253
8926520
8926765
8927467
8929071
8930283
8930721
8932268
8932542
8933775
8933942
8934268
8936914
8938041
8938534
8938716
8939726
8939941
8941034
8941365
8944258
8944805
8949707
8949894
8951166
8951424
8951516
8951779
8951843
8952733
8953527
8955004
8955030
8956600
8957107
8957963
8959370
8959865
8960514
8960954
8961671
8962572
8962874
8963436
8964402
8966592
8966605
8966855
8967261
8967280
8967430
8967534
8967906
8968252
8970221
8970712
8971140
8971642
8972592
8972835
8973216
8973656
8974681
8975018
8975034
8975051
8975155
8975188
8976858
8977966
8978067
8978452
8979092
8980803
8980896
8982311
8982387
8982925
8983171
8983240
8983352
8984413
8984823
8986790
8987655
8988030
8989226
8989527
8990513
8990647
8991016
8991301
8992918
8993303
8994800
8995371
8995436
8996072
8996116
8999021
8999800
9000343
9001653
9002470
9003935
9004492
9004598
9006821
9007361
9008880
9010835
9011967
9012546
9013221
9013249
9014416
9015001
9015794
9015957
9016891
9019169
9020361
9020664
9020809
9021191
9021272
9023937
9024946
9025357
9026489
9027330
9028590
9029950
9031229
9035701
9036467
9037776
9037809
9042377
9042825
9042987
9046524
9047358
9047510
9047711
9047917
9048019
9048349
9049696
9050046
9051210
9051289
9052138
9053930
9054211
9054396
9055333
9056401
9056621
9057903
9059305
9062761
9064335
9065227
9068095
9069363
9069699
9070327
9070901
9071396
9074034
9082275
9082627
9084067
9084103
9086292
9087903
9090114
9090134
9091506
9091792
9091896
9092731
9092975
9093492
9095955
9096647
9096747
9097038
9097741
9097877
9099628
9100670
9101331
9102628
9103253
9103762
9103967
9107195
9111172
9111203
9111345
9112000
9112749
9115092
9115475
9116398
9117644
9118077
9119567
9120051
9120504
9121371
9122246
9122438
9122651
9124694
9125021
9125321
9126546
9127159
9127252
9128926
9128955
9129133
9133539
9134700
9135756
9135987
9136272
9137319
9139127
9140811
9143655
9143893
9144049
9144058
9144123
9144212
9145613
9145738
9146633
9147937
9147975
9148551
9149078
9149775
9150561
9153387
9154132
9154263
9154835
9155909
9157456
9157678
9158783
9161419
9162923
9164891
9165538
9167082
9167156
9167242
9167425
9167612
9167747
9172567
9173524
9174173
9175902
9181155
9181852
9182429
9182655
9182849
9183829
9187689
9188648
9194431
9194570
9195793
9197757
9198845
9200497
9201008
9201285
9202078
9202158
9202987
9203401
9204765
9205266
9205787
9206628
9207723
9208503
9209908
9210184
9213095
9213495
9213559
9213899
9214871
9214938
9215610
9216334
9219496
9219788
9220854
9222280
9222309
9222982
9223004
9223363
9223425
9223753
9224376
9225876
9226683
9226817
9227305
9228771
9228839
9228974
9229251
9229547
9229572
9229664
9230730
9231139
9231276
9231317
9231810
9232352
9233234
9233262
9233403
9234202
9236742
9236967
9237533
9237581
9238351
9238597
9240430
9241630
9242045
9243296
9243851
9243968
9245052
9245379
9246026
9246117
9246289
9247670
9250399
9252567
9253021
9253045
9253301
9253523
9258876
9259397
9259477
9264582
9265093
9265618
9266050
9267167
9268683
9270140
9270694
9270744
9271493
9271746
9273711
9274633
9274709
9274716
9274962
9277568
9279425
9279990
9282330
9282363
9285162
9285405
9285612
9285737
9287965
9289193
9289424
9289639
9290477
9291161
9291372
9291407
9291873
9292231
9292370
9294510
9295129
9296140
9297477
9297960
9299237
9299707
9300468
9300648
9301622
9302018
9302689
9304463
9305227
9306492
9306856
9309064
9311564
9312294
9313222
9313583
9313945
9314337
9315207
9315558
9316317
9316711
9318809
9319240
9320008
9320304
9320433
9320554
9321157
9322662
9323142
9323763
9323797
9323993
9327100
9327170
9328160
9328721
9328896
9329851
9330070
9331148
9332857
9333910
9334919
9335033
9337604
9337920
9338229
9339473
9339536
9339615
9340983
9343716
9344474
9345102
9345273
9346061
9347339
9347488
9347548
9348552
9349016
9349295
9350704
9351010
9351329
9351429
9353312
9354235
9355814
9359140
9359181
9360837
9361799
9363722
9364458
9364767
9365174
9367125
9367588
9369803
9369869
9370139
9371472
9372231
9372511
9374599
9375204
9375808
9376485
9376794
9378504
9378825
9379633
9379739
9380029
9380391
9381879
9382507
9383121
9383862
9383912
9383945
9383959
9383977
9384931
9385127
9385308
9386527
9387084
9388267
9388538
9389656
9389864
9390148
9391258
9392584
9394706
9395762
9395889
9396922
9397445
9399121
9399819
9399844
9400343
9400496
9401311
9401643
9401742
9401958
9402009
9405471
9407599
9409605
9409793
9410353
9411682
9411839
9412240
9412743
9412961
9413410
9414599
9415034
9420249
9420264
9422540
9423742
9423859
9426057
9426163
9429752
9429849
9433113
9433764
9434998
9435524
9436609
9438022
9440070
9440303
9441190
9441355
9441424
9442464
9442614
9442962
9444378
9446323
9449768
9451148
9452303
9452749
9453034
9453668
9453679
9454005
9455419
9455541
9455970
9458757
9458990
9459536
9459786
9460701
9461619
9461632
9462593
9463898
9464572
9464577
9464847
9465981
9466613
9468798
9469259
9469435
9469445
9473610
9476263
9478879
9479397
9480185
9488864
9489698
9490174
9490955
9491937
9495201
9496780
9497918
9498968
9504732
9509458
9512777
9514116
9514836
9515373
9515382
9515690
9517544
9518190
9519185
9519659
9520549
9521984
9522220
9524055
9524362
9525190
9525655
9526668
9528646
9528951
9529451
9529798
9530554
9530748
9531457
9531458
9533581
9535199
9538094
9539468
9540385
9540957
9541326
9542136
9548822
9551736
9552809
9554949
9555298
9555617
9558782
9561233
9561585
9562197
9562537
9564706
9568526
9568785
9569181
9569802
9571587
9571625
9571877
9572822
9572976
9575890
9576015
9576422
9576479
9579218
9580198
9581715
9583560
9586160
9588035
9588659
9590889
9591883
9593053
9593477
9594199
9594841
9596528
9597540
9598194
9598522
9598910
9599476
9599490
9600117
9601933
9603629
9605524
9605530
9607743
9608779
9609290
9612865
9613786
9614385
9614769
9614909
9619228
9620363
9620734
9622288
9622973
9623147
9623451
9623959
9629399
9630688
9633618
9636686
9638127
9638153
9640392
9641764
9642061
9642335
9642934
9642975
9643485
9643955
9644042
9645077
9645187
9646199
9646896
9647340
9649285
9650186
9651119
9652274
9653187
9654578
9655131
9655520
9655664
9657300
9657544
9658195
9658477
9659043
9659953
9661319
9661331
9662539
9664003
9664206
9666916
9667833
9668707
9669206
9669921
9672481
9676046
9677625
9678149
9678219
9678976
9679460
9680168
9680780
9682510
9682690
9683809
9684415
9684830
9684949
9686148
9689457
9690088
9690898
9691134
9691430
9692016
9692490
9693478
9695067
9695808
9697826
9701500
9702554
9702789
9704799
9706601
9707907
9707938
9708006
9708178
9708428
9709213
9710036
9712998
9713657
9713915
9714171
9714696
9714859
9715065
9715236
9716389
9717336
9719708
9719914
9719924
9720282
9720790
9720972
9721293
9723929
9725076
9725098
9725627
9726978
9730809
9731049
9733518
9736383
9738590
9739688
9740475
9741507
9741609
9743073
9744007
9744723
9746351
9747561
9747772
9748089
9749822
9754181
9755451
9759051
9761102
9761547
9761828
9762809
9762940
9765123
