883
1467
3600
6002
7576
8107
8249
9156
9822
9866
10836
11278
11645
13325
14004
14200
15022
15959
16105
18386
18963
19291
19507
19526
21612
24012
25375
25786
25879
26271
26616
26819
26865
26942
28318
29335
30011
31241
33490
34644
39668
40055
40139
40330
42522
45178
45529
45898
47542
48057
49057
49335
51602
52117
52924
53022
54097
55721
56502
56687
58823
58964
60358
60507
61147
61703
61742
61943
62733
62968
63098
64371
65385
67501
69031
73943
74045
74524
75166
75550
76164
76365
77464
79118
79165
79973
80164
80223
82899
83090
84033
85662
85688
89402
89973
90463
90502
90734
91241
92443
94217
95828
96924
97060
97140
98702
99494
100031
101670
102471
102632
102801
103037
103105
103698
104389
105679
106022
106526
109019
111387
112571
114362
114506
115016
115238
118613
119924
120809
122499
122881
123817
124146
124810
125263
125489
126257
126665
129039
129705
130020
130576
131082
134671
135774
139054
140542
143604
144151
144774
147021
147309
147821
148907
149366
149609
151158
151515
151601
152778
153008
153603
154332
156978
157275
158790
159256
159502
160488
161915
162141
162955
163637
164142
164758
166578
169248
169613
169966
169980
170370
171031
171358
173006
173228
174587
176262
177139
178151
178639
179322
180133
180703
182650
185823
186453
193597
194058
195160
195417
195518
195989
198998
199712
200120
200197
201144
201954
202917
203114
203913
205500
207003
207134
207941
208253
208596
208605
208758
209628
213417
217079
217772
218644
219018
219586
222196
222654
223532
224586
224602
226054
226717
227556
227799
229372
230218
232123
232321
235096
236965
238050
238411
242651
243566
246880
247650
248484
251732
251907
253776
254904
255209
261450
262680
264028
265872
269918
270897
272758
273182
273937
275733
278512
279530
286337
288496
291959
292230
293030
293419
293741
295182
297050
297691
297880
298472
298568
299618
302887
304265
304865
304937
305774
307088
307218
307990
312708
312818
313994
315548
318263
319177
322332
322480
324254
324497
325342
326694
327887
331452
332986
335756
338458
338705
338735
339680
339769
340450
344863
345754
346319
346530
347880
349081
349231
350061
352058
352295
353002
356116
356228
356957
357267
358950
359957
360738
360752
360770
361256
361374
361555
361701
361911
362050
362150
363479
364237
365783
366009
367829
369375
370710
371472
372481
373625
374229
374261
374876
375664
376545
377038
378522
379150
379647
380933
380965
381396
381998
382951
383617
383919
384294
388527
391975
392092
392815
393076
395156
395903
395930
396960
397558
397876
397989
398534
399547
399643
400993
402252
402438
403092
404108
404439
404968
406467
407624
409175
409625
413094
413966
414382
415212
417180
418332
419121
419136
420260
420437
422864
423236
423504
425665
425673
426254
426926
427361
427662
427803
427831
427856
429837
429862
430693
430812
430826
433734
434938
435577
435943
435956
437418
437963
437967
438406
438556
439370
440291
440518
440825
441826
441885
442024
446868
447693
448407
449376
450431
450573
451508
452396
454603
454753
456020
456153
457692
459814
460078
461413
464901
466314
466418
467350
470376
470537
471244
471918
472403
473351
474021
474189
475837
476386
477023
477736
478572
479510
483498
483884
485715
485989
487054
489129
490073
490790
492019
492255
492319
492504
493110
493640
494339
495343
495555
496227
496799
500056
501029
501079
501548
501645
502712
503322
503704
506567
506630
507620
507749
509502
510706
512160
512327
513863
515015
515118
516426
517205
518905
519500
524131
524231
526082
526170
526665
527399
527760
529460
530085
530596
531459
531781
532352
534367
534772
537926
538981
539483
541464
543234
543462
544064
544206
546041
546734
546935
547730
548262
548297
549401
549461
550182
551425
552454
554646
557537
557578
558346
561699
562037
562521
562913
563783
565357
565716
566716
567181
567344
568970
569461
569816
570635
571020
571663
572621
573021
573176
573193
574301
574390
575251
577514
579656
580425
580546
581221
584233
586349
586568
588101
589286
589880
590233
591013
591099
591388
596420
597201
601069
601219
604918
608241
608661
615317
615844
617087
619454
620872
622259
622828
623296
626759
627983
629774
629973
630132
630221
630797
631930
633296
634404
635212
638221
638699
639209
643696
645325
645723
645730
647769
649983
650827
652696
654604
655664
656782
656866
659424
660080
660892
661663
661962
662286
662919
666103
666449
666879
667594
667801
669513
670197
670241
670300
670402
670642
671111
672699
674888
675314
675593
676171
676391
678649
679008
682591
684449
687273
687370
688154
688637
689246
691880
692144
693450
694694
696081
696937
697009
698005
698120
698221
698783
701881
702030
702896
704145
705767
707706
707719
708643
711908
712817
716986
719651
720053
720225
720797
722063
722828
723320
723581
724232
726038
727735
729473
732781
734845
735517
736347
737762
740661
745233
745412
746343
748544
749140
752412
752816
753673
755748
757031
758192
758865
758962
760442
761291
762382
764427
765083
765364
766081
766708
767061
776704
778735
779151
779913
782765
785616
786066
786656
789420
789460
791141
792215
796895
797962
798142
798995
800680
801534
802384
805690
806126
806656
811305
811740
812064
812147
812723
813179
813444
813469
814069
814471
814589
815214
816354
816685
816732
818334
818549
818779
821439
822406
822645
822671
822884
823135
823733
825321
828764
829186
829204
829817
830739
831966
833843
836324
837461
838077
838085
838422
838532
838560
839754
841093
841121
841338
841831
842338
842344
844121
844538
845239
846418
847749
849190
849308
850948
850978
851542
852013
853580
853666
856328
856475
858327
860857
862951
863063
863706
864860
865091
865162
865251
869233
869340
871124
871641
872761
873495
873586
874128
874743
875178
877101
877752
878508
880365
881507
881948
883181
885914
886002
886081
886094
886424
889769
890084
890989
891523
891680
895527
900503
901428
901613
903163
905300
906045
907052
907680
907821
908429
911015
911046
912414
913663
914491
915234
915704
916045
917434
918256
919058
920913
921396
921855
923071
923097
925787
928082
929982
930751
936710
938330
941024
941291
943171
946807
947971
947993
950346
951292
951891
955091
958688
958852
960121
961037
961244
962158
963045
963657
964040
964478
971051
971602
971684
972081
972122
972319
973850
975445
975766
976290
978310
978824
981926
986981
987094
988183
992704
995310
997873
999213
999352
1003705
1006080
1006195
1009801
1011202
1014076
1018816
1019119
1021425
1022751
1023544
1023771
1024666
1024923
1025626
1026520
1026665
1027241
1027787
1028238
1030615
1032251
1033437
1034391
1034921
1035871
1036281
1036865
1036908
1037378
1038083
1038730
1038769
1041349
1042204
1043982
1044537
1044629
1044648
1046714
1049144
1050990
1051574
1052337
1053179
1053882
1054769
1056303
1057576
1058124
1058793
1058945
1060011
1060441
1062490
1064123
1064490
1064743
1066815
1067316
1068248
1071094
1071962
1072359
1072738
1073932
1074796
1075021
1076671
1076687
1078185
1079229
1079902
1080165
1081942
1083537
1083783
1085318
1086056
1086634
1087718
1089233
1091828
1097381
1098731
1099704
1099885
1101178
1101288
1101976
1105450
1106427
1107361
1109242
1109895
1109986
1111444
1112400
1114084
1116863
1117769
1117941
1118646
1119455
1120307
1121225
1124743
1133658
1134303
1134749
1136327
1136429
1136664
1137666
1138324
1138563
1139516
1139659
1139759
1140918
1140975
1141840
1141853
1142058
1144693
1146994
1148174
1149393
1150274
1152600
1152789
1153221
1153372
1158544
1158641
1159942
1160280
1160646
1162768
1162830
1165088
1165266
1165278
1167062
1169403
1171123
1171451
1171962
1171975
1172308
1172389
1177969
1182594
1188079
1188249
1190194
1190884
1191596
1192054
1194629
1195584
1197428
1199134
1200216
1200692
1203556
1204746
1209044
1215395
1218290
1219431
1219537
1221446
1222470
1223500
1224508
1225507
1228144
1228737
1231478
1234779
1235790
1235935
1237294
1246938
1247345
1249011
1250958
1253209
1253748
1255328
1255757
1256999
1258704
1258887
1260925
1260967
1261000
1261065
1263816
1264030
1264554
1266764
1269702
1270364
1271081
1272383
1273960
1274256
1275150
1279543
1280338
1280442
1281217
1281266
1281621
1284307
1286227
1286616
1286962
1287320
1291797
1292179
1292484
1293336
1298622
1300243
1302204
1304197
1307265
1308486
1311087
1311523
1312199
1313430
1314195
1314856
1314979
1315039
1317720
1320894
1321034
1321674
1321781
1323154
1324442
1325522
1325734
1327359
1330581
1331055
1333134
1334202
1334895
1336656
1337278
1340393
1340524
1340669
1340964
1341339
1342469
1345318
1348657
1349578
1349935
1351662
1355367
1357866
1358916
1360055
1362578
1364172
1366932
1367657
1369058
1370586
1372458
1373370
1375211
1379101
1380368
1382309
1382493
1382659
1383839
1384135
1385031
1385713
1387199
1387831
1388647
1389336
1389504
1390931
1391091
1391452
1392583
1396162
1396593
1402676
1403596
1404673
1406559
1413298
1414844
1416869
1417410
1420458
1420781
1421280
1421679
1422463
1426611
1427081
1427573
1428273
1430181
1430850
1433910
1440970
1444624
1445097
1447456
1449703
1450108
1450159
1450175
1450251
1450918
1456435
1456989
1457281
1458070
1458583
1459959
1460658
1461412
1462199
1462309
1462782
1463598
1464653
1465765
1466656
1467102
1468223
1468570
1469447
1472775
1475178
1475527
1476028
1476297
1479129
1479354
1479424
1479633
1480072
1481602
1482835
1484224
1495575
1498129
1498323
1501699
1502012
1502497
1506287
1507022
1507071
1508707
1510909
1511411
1511646
1511935
1512635
1513267
1514448
1514659
1518335
1518425
1518510
1519034
1519196
1519958
1520482
1520547
1520787
1521259
1526271
1526985
1527920
1528018
1528671
1530143
1530209
1530861
1531304
1531957
1532994
1533152
1534664
1535316
1535977
1536305
1536554
1536762
1536865
1537783
1537943
1538778
1539219
1540394
1540453
1542322
1543178
1544011
1544196
1546901
1547427
1549234
1549786
1551887
1553305
1555210
1556026
1556861
1557144
1558130
1560229
1561156
1562067
1562586
1563623
1564377
1566537
1569627
1569653
1570132
1570210
1571892
1572143
1572406
1572642
1573030
1574855
1575325
1575535
1578877
1579310
1580610
1581968
1584737
1587676
1588046
1588068
1590107
1590121
1590890
1593622
1593893
1600184
1600352
1600542
1602393
1602569
1603631
1604070
1606194
1606919
1609504
1613301
1616890
1618014
1619933
1620165
1620197
1621479
1621552
1624777
1625126
1626153
1626900
1629127
1629163
1631175
1631790
1638670
1639062
1639724
1641302
1645740
1646919
1649012
1651295
1651904
1653150
1653280
1654398
1655382
1660327
1661112
1663062
1668797
1669918
1671952
1675201
1675988
1676927
1676975
1679648
1679821
1681057
1682339
1682576
1683239
1683408
1685577
1686046
1687308
1687690
1688070
1688452
1690177
1690549
1690583
1691260
1691296
1691350
1691777
1692021
1692189
1692283
1693031
1693577
1693723
1693872
1694214
1694805
1695380
1695722
1696236
1698547
1700122
1701492
1701835
1702177
1702271
1702685
1704445
1705470
1707850
1708137
1709290
1709551
1710990
1711606
1711653
1712278
1713377
1714834
1716528
1717055
1717378
1717615
1718153
1718291
1720170
1721224
1721704
1721886
1721967
1722403
1723061
1723145
1723624
1724174
1724255
1724972
1726760
1727503
1728820
1730047
1730287
1732801
1734259
1734357
1735199
1736933
1737430
1737605
1737901
1739518
1739623
1741130
1744681
1745010
1745752
1745835
1747034
1749523
1751156
1755195
1756942
1758158
1758847
1761588
1764000
1765657
1766230
1767415
1771084
1771201
1773049
1775363
1776403
1777097
1777202
1778322
1778350
1778434
1778492
1779956
1786350
1787203
1787728
1788035
1790514
1790640
1795483
1795497
1798318
1799440
1801440
1801642
1802782
1804724
1806053
1807302
1809012
1810531
1815640
1815783
1817674
1817819
1819007
1819501
1820279
1825357
1828375
1828474
1830921
1833596
1833608
1835089
1838277
1840380
1840949
1850320
1854870
1854960
1855666
1858461
1859744
1860217
1862014
1862472
1864265
1868006
1869134
1869742
1871878
1873055
1873661
1874541
1875810
1876052
1876094
1876518
1877090
1879079
1879859
1883834
1884213
1885458
1886115
1887244
1887364
1888837
1889169
1890318
1890746
1890771
1892729
1894356
1895182
1895955
1900888
1900986
1901110
1901595
1901779
1901786
1903716
1903907
1905466
1905501
1905933
1906142
1907277
1907563
1907757
1908357
1910089
1912073
1913284
1913678
1913898
1915448
1916300
1922789
1923832
1924061
1924155
1925515
1926577
1926789
1928967
1929156
1929457
1930927
1931851
1932136
1932346
1932828
1933230
1933620
1934700
1939128
1940388
1940649
1941053
1942061
1942140
1942159
1944040
1946604
1947790
1948109
1948118
1951886
1952621
1953004
1953479
1954654
1956622
1956709
1958354
1959356
1964982
1967207
1967763
1968393
1969133
1970388
1970995
1972824
1973190
1973442
1973760
1974730
1976133
1976559
1976748
1978423
1978556
1979594
1984005
1986265
1986386
1987617
1987618
1987711
1989757
1990289
1991327
1992639
1992844
1993057
1993462
1994179
1995289
1999058
1999530
1999670
2000131
2001159
2002559
2004325
2006366
2008493
2009563
2009761
2011585
2020976
2021406
2025192
2025318
2025951
2026671
2027675
2031724
2033048
2033310
2035083
2037310
2037764
2038623
2042953
2043440
2046719
2048286
2048901
2049286
2051803
2053062
2054832
2055204
2055384
2056817
2059087
2059622
2060847
2061578
2061914
2063384
2063795
2064298
2066252
2066553
2067612
2070393
2074072
2074733
2078603
2078758
2085667
2089917
2091470
2093118
2094717
2094864
2101090
2101975
2104403
2106469
2106719
2108197
2109661
2109820
2110157
2111834
2111900
2115623
2115629
2116749
2117696
2121242
2122240
2123681
2127921
2128241
2130203
2135161
2135171
2135327
2137209
2138068
2139587
2141828
2142769
2144378
2145178
2145662
2148606
2148709
2149024
2150644
2151718
2153188
2155991
2157509
2158657
2159435
2159653
2159952
2161305
2165455
2167447
2167515
2169577
2169809
2170149
2174000
2175463
2175863
2175988
2177496
2178568
2181778
2183112
2184920
2185363
2185683
2186317
2186726
2189226
2190172
2191578
2193940
2195393
2197847
2201342
2201622
2201713
2201841
2205542
2209669
2213505
2218757
2220271
2221835
2222897
2223869
2227502
2231524
2235462
2236222
2238261
2241226
2241322
2243430
2244899
2245590
2247243
2248425
2249793
2251271
2251410
2254060
2257864
2258002
2259060
2259139
2261147
2261486
2262439
2262902
2263400
2264243
2264522
2265910
2266066
2266569
2266816
2266868
2267835
2268058
2270452
2270623
2270786
2271729
2273695
2277955
2280247
2284711
2286494
2286805
2287164
2287476
2287610
2287830
2292821
2293500
2294173
2294580
2294806
2295704
2297346
2302435
2304232
2307635
2308736
2309606
2311162
2313949
2316426
2318705
2319803
2320413
2320930
2321433
2321948
2321964
2325179
2328587
2328999
2329272
2329808
2333047
2335853
2337349
2337544
2337935
2341754
2342826
2342939
2343628
2343782
2346522
2347623
2347981
2352053
2353538
2355785
2356928
2357458
2360002
2362822
2363336
2364025
2364346
2365740
2367179
2369602
2371106
2372259
2372653
2373696
2374938
2375037
2375955
2376815
2377674
2380792
2381354
2382543
2383570
2385317
2386004
2388419
2390381
2397378
2399180
2400683
2401680
2402267
2403117
2405002
2407463
2407688
2408793
2410280
2411217
2411525
2412669
2413286
2415673
2423391
2423554
2425586
2427280
2427649
2427655
2427711
2428404
2428680
2429827
2432720
2433484
2435308
2437437
2440890
2441930
2442723
2443799
2444002
2446452
2447157
2447502
2447845
2448996
2452747
2456141
2456179
2456197
2456405
2456837
2458291
2459235
2461111
2462949
2465098
2468105
2469998
2470671
2470949
2473515
2473536
2474064
2474510
2474680
2475143
2475459
2476069
2476128
2478798
2478823
2478841
2480132
2481920
2482561
2483013
2483921
2485219
2485747
2486266
2486539
2486620
2487914
2488612
2489932
2491468
2491529
2491686
2492181
2492606
2493138
2494256
2494617
2495746
2496260
2496351
2496574
2496625
2499015
2499135
2501418
2501530
2502849
2504248
2505376
2506118
2506236
2506416
2507048
2507433
2507828
2508269
2508681
2511634
2512215
2512694
2512875
2514507
2517174
2517301
2519324
2520753
2525059
2526257
2526409
2526429
2526501
2528822
2529422
2529498
2531644
2534316
2535373
2535610
2536065
2536197
2536672
2536851
2536853
2537296
2537694
2540237
2540364
2541253
2541302
2541801
2542891
2544222
2544544
2544560
2544583
2544957
2545162
2545365
2546092
2548540
2550290
2550351
2551231
2553407
2554353
2554947
2554974
2555155
2555619
2557482
2558599
2558946
2559226
2559375
2559858
2561566
2561989
2564748
2565594
2566433
2567003
2568596
2570524
2570840
2572802
2575806
2576472
2576530
2578162
2580738
2581639
2582335
2583919
2586162
2586401
2586583
2586651
2586731
2586751
2586894
2586948
2591232
2591912
2592673
2594397
2594421
2594831
2594973
2595428
2595463
2596659
2596686
2600873
2601369
2603524
2604081
2604093
2606130
2606679
2608251
2609411
2610621
2614755
2615250
2618240
2620565
2621180
2622967
2623326
2624572
2625596
2628083
2628557
2629641
2632116
2633096
2634394
2634513
2635089
2635221
2635670
2637149
2637388
2643882
2643888
2644440
2644968
2645794
2645797
2648719
2649629
2650150
2650729
2651199
2653055
2655100
2659092
2660302
2662200
2663544
2663855
2663951
2664313
2665198
2665883
2668180
2669649
2670470
2670521
2671447
2673720
2676360
2677263
2677371
2677992
2679409
2679569
2679737
2681284
2683480
2685936
2687316
2689072
2690871
2691874
2692874
2700690
2700867
2701009
2701531
2703999
2705002
2705866
2707463
2711278
2713695
2713976
2714137
2715242
2716677
2718464
2719597
2719761
2719763
2720365
2721825
2721978
2722586
2723918
2724444
2724711
2724900
2725362
2726209
2727367
2728633
2728965
2729898
2730075
2730523
2731853
2732040
2733691
2734216
2734504
2735446
2735508
2735621
2736726
2736826
2737452
2737551
2738765
2739082
2739261
2741997
2742694
2743091
2743102
2743849
2744099
2744415
2745243
2745388
2745752
2746324
2746383
2747236
2747449
2747639
2748068
2748111
2749349
2751777
2755011
2756316
2757118
2757518
2758033
2759213
2759459
2759685
2759907
2762481
2764752
2766467
2767517
2773809
2776420
2779317
2780708
2783060
2783409
2784002
2786044
2788179
2789462
2793489
2794834
2796978
2797240
2798437
2798915
2800574
2800671
2800730
2801688
2803034
2804057
2804665
2806393
2806662
2809908
2810085
2811095
2811754
2812427
2815389
2815925
2816144
2817915
2818343
2821220
2821246
2822965
2824361
2824440
2826260
2828280
2829124
2829333
2831023
2831297
2832979
2835260
2835547
2836693
2837393
2837796
2845362
2845860
2846896
2847900
2848254
2854892
2855480
2857309
2857813
2858311
2858981
2859013
2859057
2859099
2867826
2868145
2870541
2872210
2872667
2877174
2878933
2879829
2880094
2880951
2881072
2882636
2885473
2886580
2887058
2887084
2887621
2888596
2889276
2891581
2892222
2896401
2896712
2897282
2897841
2898464
2899039
2900239
2902176
2902303
2903447
2903477
2903627
2904441
2905325
2905489
2906818
2907276
2908487
2913184
2913790
2914601
2914770
2915451
2915881
2916580
2917466
2917903
2921536
2923164
2925288
2925297
2927372
2928900
2929691
2930558
2930815
2931082
2931094
2935643
2936121
2936885
2937902
2941307
2941654
2942399
2945646
2946281
2948201
2948422
2949822
2950255
2950950
2951269
2951460
2954685
2955178
2955675
2955883
2956588
2956901
2960424
2960912
2962011
2962627
2965479
2965952
2967750
2967771
2967831
2971696
2972291
2975893
2981881
2983263
2983436
2984800
2987318
2987359
2993492
2994566
2994960
2995103
2997808
2999198
2999249
2999614
3000999
3002316
3003683
3004181
3004833
3005219
3006190
3008023
3010550
3010689
3011927
3013026
3014265
3017064
3017469
3018826
3019232
3020348
3020516
3021393
3021911
3022170
3022483
3023053
3024221
3024592
3025768
3027537
3028135
3028392
3030346
3030491
3031377
3031922
3032214
3033256
3034487
3035378
3038135
3038610
3043454
3048383
3048764
3052337
3054339
3056942
3058675
3060194
3062289
3062630
3065745
3067694
3067897
3068732
3069474
3070956
3072512
3072743
3073022
3073299
3074478
3075657
3077250
3078677
3080125
3083301
3083679
3083961
3085683
3085901
3085918
3086150
3086582
3086884
3086921
3088548
3089070
3089127
3089445
3091044
3092786
3093226
3094287
3094421
3095839
3095851
3097080
3097089
3098335
3098789
3099499
3099637
3101188
3101367
3102359
3102380
3104079
3105067
3105194
3106267
3106512
3108692
3109074
3109999
3111222
3113839
3114531
3115221
3115873
3116010
3116077
3118542
3119297
3122614
3123010
3125297
3125945
3126682
3128641
3128913
3129187
3130167
3130218
3130961
3133462
3134050
3134390
3137284
3139263
3139803
3141035
3141122
3141619
3141960
3143801
3144046
3144108
3144321
3145458
3148852
3148856
3149334
3149640
3150268
3151784
3153176
3156023
3158278
3159593
3160477
3160615
3161020
3162786
3165070
3165448
3165614
3167461
3167719
3167791
3168472
3168643
3169482
3169723
3169772
3170912
3170962
3171570
3172021
3172453
3174627
3176327
3177951
3178067
3179122
3181662
3184076
3184541
3185765
3185940
3187755
3188013
3190587
3191666
3197229
3197638
3198075
3198079
3198549
3198599
3198881
3201729
3205945
3206429
3206825
3207525
3208976
3209959
3210711
3210748
3212436
3212683
3214101
3214563
3217571
3217921
3220923
3221068
3221777
3222933
3224541
3224881
3226148
3229549
3233347
3237735
3238277
3239712
3240647
3242057
3242239
3244325
3245294
3246411
3246520
3246724
3247436
3247706
3248850
3248952
3249872
3250382
3251593
3251728
3252061
3253524
3254307
3254781
3255147
3256327
3256455
3256484
3257105
3258817
3260700
3265673
3266381
3269327
3270032
3271112
3271158
3271367
3272946
3273415
3276168
3276592
3277231
3277351
3278531
3279532
3279756
3281039
3281374
3281576
3282149
3282464
3283760
3287274
3288210
3289794
3290964
3291824
3292860
3293168
3293290
3298134
3300820
3301323
3302411
3303369
3305130
3307050
3311372
3311642
3311858
3312359
3312538
3312886
3312996
3313098
3314671
3315559
3316286
3317001
3318614
3320884
3321122
3321936
3323681
3323819
3324111
3325972
3327849
3327908
3327996
3327997
3329163
3330139
3332984
3333272
3336738
3337783
3338847
3340258
3340613
3342439
3342796
3342898
3343620
3343926
3343962
3344503
3345271
3347083
3347494
3348551
3349159
3349666
3350241
3350937
3351751
3352881
3355571
3356162
3362988
3363730
3364047
3367363
3367731
3368803
3369257
3371664
3372263
3374146
3374845
3378281
3378717
3379664
3379747
3380930
3382448
3384636
3385145
3386435
3387787
3387883
3389128
3394343
3394945
3395396
3396101
3400199
3400308
3403526
3403979
3404571
3405969
3407029
3408472
3408822
3410338
3413639
3414957
3417807
3420803
3421397
3424270
3425100
3429053
3429986
3430398
3431705
3433547
3433749
3434781
3436623
3436808
3437163
3437982
3440956
3441303
3444645
3447339
3448826
3451135
3452584
3453040
3456057
3456737
3458022
3458334
3458832
3460255
3463291
3464006
3464273
3464892
3464935
3466031
3467105
3467246
3468961
3469630
3474608
3477324
3480001
3480046
3480259
3481824
3482218
3484510
3484515
3485911
3487163
3490325
3491822
3492747
3493232
3494227
3499698
3500799
3501039
3501859
3503374
3503765
3505079
3505629
3511170
3511931
3513259
3513302
3514667
3516927
3517825
3518610
3519615
3520549
3521889
3522780
3524244
3524984
3525055
3525508
3525914
3528950
3529078
3529290
3530415
3530785
3535720
3538566
3539873
3541494
3541725
3541779
3542241
3543433
3543954
3545994
3546557
3546625
3546679
3546865
3547172
3547468
3548120
3548262
3548763
3548956
3549773
3550268
3552188
3552382
3552400
3552516
3552672
3552694
3553090
3554603
3554742
3554981
3555497
3556228
3556689
3556745
3557973
3558351
3559134
3559266
3559736
3560085
3560162
3561018
3561358
3561654
3562190
3563588
3565627
3567425
3567888
3570120
3571679
3572280
3572379
3573712
3574283
3575150
3575538
3575928
3576609
3577309
3577535
3577681
3579850
3580852
3582013
3582480
3582490
3582519
3583159
3584117
3587050
3588488
3588905
3589093
3589670
3589682
3590859
3591067
3591095
3591529
3591680
3593039
3593615
3593693
3594277
3594967
3595498
3595628
3596026
3596284
3596359
3598327
3601250
3602427
3604623
3605523
3607970
3610702
3610979
3611164
3612203
3613626
3614239
3614311
3615484
3615896
3617984
3618565
3621665
3622836
3623424
3623467
3624989
3626005
3626424
3626761
3627842
3629434
3630624
3630742
3631178
3631811
3633943
3634092
3634385
3634386
3635900
3637825
3638026
3639611
3640148
3641839
3645186
3645700
3646095
3646559
3646685
3647154
3647563
3648175
3649407
3650092
3650594
3650718
3651957
3653225
3653760
3653973
3654101
3655069
3658942
3659215
3659306
3659506
3661574
3662963
3663728
3664402
3667466
3667841
3667843
3669830
3669945
3672174
3672585
3673823
3674143
3674194
3675408
3677976
3678431
3679109
3679463
3680703
3682313
3682335
3682462
3682751
3683870
3684339
3684698
3685150
3685453
3685619
3686266
3686443
3686839
3686896
3687784
3687800
3688184
3688261
3688834
3689435
3689934
3690427
3690637
3690673
3691188
3691957
3692025
3692056
3693514
3693825
3694141
3695462
3696759
3697190
3697798
3698113
3698320
3698499
3698829
3699366
3699745
3699858
3700612
3700873
3701862
3702347
3702352
3702488
3703397
3703459
3704128
3704133
3704263
3705025
3706392
3706764
3707088
3708583
3709084
3709255
3709772
3709903
3709976
3710799
3712997
3713422
3714104
3714219
3714821
3715174
3715264
3716079
3716080
3716569
3717920
3719926
3720645
3721169
3721512
3722174
3722495
3722854
3723998
3724166
3726074
3726336
3728036
3729067
3732762
3732940
3733101
3734547
3736955
3738940
3741003
3742092
3742998
3743332
3743674
3745066
3745751
3745874
3747828
3748071
3748883
3749246
3750589
3751636
3754469
3754474
3755564
3755590
3756636
3757407
3757610
3757833
3759157
3760501
3762377
3763190
3763939
3764535
3764810
3765582
3767621
3770313
3770418
3771641
3771973
3772527
3773554
3773795
3774302
3774397
3775838
3776260
3777894
3778646
3782383
3785076
3785644
3786167
3787994
3791349
3791893
3792602
3797029
3797672
3797834
3797944
3798489
3799660
3802732
3805892
3806056
3807617
3808539
3810888
3811994
3812083
3813581
3814068
3817761
3818759
3819101
3819772
3820161
3822472
3822722
3825293
3827884
3829823
3830030
3830763
3831385
3832318
3832858
3833666
3835110
3836340
3838478
3839302
3839448
3840427
3841416
3843243
3848762
3849402
3850692
3853011
3855070
3856378
3860346
3861085
3861164
3862181
3863728
3865836
3865930
3866261
3869762
3870444
3870904
3871190
3873162
3873602
3874451
3874826
3877051
3880335
3880968
3884307
3886234
3888420
3889125
3890202
3890244
3890270
3893308
3893909
3895220
3895897
3898078
3898121
3899636
3900572
3901151
3901475
3901873
3905884
3906527
3906568
3908436
3908699
3908834
3909112
3910658
3911359
3912040
3912984
3914138
3914636
3914924
3914935
3915179
3916965
3918614
3919596
3919955
3920486
3921078
3921481
3922168
3922510
3922562
3922734
3924483
3924602
3925834
3928920
3929298
3929867
3931282
3932486
3933808
3934680
3936052
3937767
3938745
3939439
3941717
3943960
3945369
3945457
3946605
3948384
3949217
3950681
3950737
3953963
3957028
3957335
3957378
3958599
3958652
3960218
3961011
3961068
3962780
3963669
3966143
3968411
3968822
3969736
3970872
3971501
3971530
3971984
3976132
3977731
3977983
3980554
3980613
3981495
3983723
3983899
3984540
3984674
3984715
3985845
3987427
3987554
3987651
3988394
3988403
3988631
3990298
3991124
3992936
3994162
3994218
3994928
3995041
3995737
3996511
3996533
3998969
3998984
4001643
4003446
4004669
4005407
4008051
4010324
4013164
4013848
4018548
4021489
4021900
4025693
4028186
4032570
4032683
4033071
4035527
4036600
4036647
4036927
4041176
4045376
4045840
4046490
4047810
4047959
4048653
4049116
4049261
4050003
4050494
4050732
4052095
4052704
4053108
4053198
4054198
4054537
4057335
4061807
4062481
4063758
4065336
4066189
4066202
4068136
4068628
4073168
4077172
4078656
4079094
4079377
4079789
4080627
4081124
4084356
4084639
4084809
4085644
4087025
4088289
4088596
4089212
4089865
4095134
4095625
4096147
4096561
4097565
4098234
4098471
4099399
4101321
4101637
4101844
4102480
4105187
4105775
4106426
4113159
4113620
4115084
4115297
4115479
4116385
4117172
4117178
4121240
4122659
4122870
4123244
4124435
4125831
4127550
4128581
4129533
4131639
4134535
4135554
4135692
4136654
4142920
4144032
4147815
4148303
4148611
4149156
4151525
4151758
4152458
4152906
4153744
4154083
4154162
4154937
4157477
4158076
4159370
4160786
4161203
4161450
4162792
4164566
4166081
4166346
4170863
4174287
4174446
4175557
4175844
4176829
4177013
4177134
4180426
4180457
4180783
4183021
4183773
4185027
4185092
4186847
4187361
4188610
4189253
4191056
4193516
4193528
4194769
4194844
4195480
4196065
4197737
4198123
4198145
4199491
4203572
4207488
4209401
4214033
4215622
4216190
4221005
4224399
4228040
4228695
4229954
4238551
4240712
4241304
4243027
4243213
4245807
4247881
4251548
4252763
4254542
4255389
4258054
4260137
4261280
4266932
4267781
4268970
4273007
4273866
4274155
4275422
4279624
4289977
4290367
4290936
4293967
4295099
4299999
4302130
4303311
4305071
4306507
4307942
4308393
4309781
4314184
4315068
4315130
4319830
4321140
4323248
4324989
4325191
4326188
4326221
4330416
4330734
4332680
4336106
4337370
4339757
4339936
4340005
4340339
4341696
4344124
4346910
4348162
4348593
4349081
4349191
4349573
4349659
4350020
4352743
4354159
4356489
4356622
4357427
4358371
4358372
4360162
4360213
4360244
4360645
4365640
4365963
4367807
4368117
4369182
4373265
4374649
4374745
4375308
4380665
4381425
4384711
4384966
4387532
4387565
4389703
4392054
4392185
4392516
4392633
4394305
4395683
4395792
4396568
4396720
4398297
4398393
4399916
4402205
4402402
4403105
4407004
4407754
4409409
4410480
4411394
4412328
4412491
4414070
4414374
4414850
4416093
4416196
4417318
4417651
4419047
4420160
4421776
4422250
4422791
4424567
4424976
4425268
4425737
4427695
4429754
4430476
4431551
4432381
4432390
4433417
4433593
4435160
4435625
4435900
4435961
4436493
4436778
4437992
4438696
4439559
4440307
4441960
4442771
4444712
4444722
4444844
4445068
4445525
4445828
4446548
4446612
4447172
4449877
4450152
4450196
4450332
4450390
4450497
4450563
4451396
4451473
4451729
4451884
4452000
4452195
4452347
4452442
4452857
4452900
4453035
4453333
4453702
4453742
4453952
4454224
4454293
4454594
4454998
4455018
4455213
4455728
4456055
4456079
4456113
4456229
4456318
4456807
4456840
4456936
4457044
4457569
4457793
4457972
4458438
4458635
4458690
4459040
4459042
4459333
4459918
4460253
4460698
4461098
4461259
4461348
4461896
4461934
4461964
4462228
4462748
4462785
4462902
4462959
4462993
4463044
4463396
4463700
4463859
4464584
4465831
4466137
4466564
4467226
4467255
4467445
4467534
4469331
4469533
4470145
4470454
4470734
4471072
4471725
4471793
4471884
4472810
4472825
4473013
4473402
4473660
4474069
4474421
4476274
4476398
4477218
4477880
4478363
4478461
4478498
4478855
4478857
4478983
4479555
4480526
4481475
4481581
4482267
4482804
4483742
4483880
4483973
4484082
4484260
4484483
4484683
4484887
4485247
4485572
4485837
4485908
4486565
4486894
4487040
4487171
4487429
4487607
4488519
4489230
4489372
4489755
4489864
4490230
4491069
4491358
4491917
4491942
4492021
4492086
4492436
4492560
4492785
4493054
4493265
4493282
4495427
4495788
4496445
4496477
4496546
4497024
4497485
4498032
4499282
4499688
4499871
4499917
4500615
4500628
4500777
4501257
4501333
4503395
4504020
4504077
4504557
4504987
4505308
4506968
4507142
4507964
4508220
4509053
4509187
4510032
4510831
4510877
4510997
4511016
4512240
4512356
4513232
4513444
4514482
4515458
4516724
4517794
4518254
4519924
4520687
4520811
4520886
4521350
4521593
4521709
4521773
4523218
4523676
4525382
4525465
4525766
4526800
4526949
4527189
4530602
4531959
4534768
4535781
4536013
4536900
4538732
4539334
4541336
4541606
4543141
4543566
4545981
4546114
4546484
4548861
4549683
4551322
4552503
4555341
4556008
4556024
4560549
4560951
4561463
4562337
4565985
4566564
4568368
4569750
4569868
4570366
4570379
4570956
4571046
4571112
4571503
4573347
4574902
4575101
4575159
4576740
4577028
4577092
4577208
4577372
4577516
4577770
4579490
4583509
4585346
4585494
4585988
4586253
4586572
4586889
4587934
4588433
4590201
4591783
4591790
4592351
4592598
4593413
4593708
4594649
4595049
4595762
4596014
4596030
4596418
4597611
4598434
4598757
4600440
4600493
4602069
4602237
4603393
4605991
4606461
4606711
4606785
4606983
4607525
4608060
4608326
4608463
4608601
4608940
4609095
4609511
4609695
4609740
4610150
4610355
4610492
4610585
4611542
4611584
4612362
4612823
4614244
4614863
4615748
4617061
4618054
4619205
4619472
4619602
4620335
4621594
4622045
4623722
4624868
4626887
4628978
4629642
4629689
4633007
4633217
4633285
4633300
4633370
4636086
4636830
4636857
4637308
4637344
4637439
4639863
4640108
4640601
4641398
4641740
4641868
4642811
4642939
4643081
4643130
4645177
4645677
4647524
4647754
4647928
4653387
4655897
4656897
4657096
4657522
4657621
4659708
4661158
4661908
4662575
4662810
4663203
4663375
4664109
4664642
4665747
4665833
4665853
4666507
4667247
4667672
4668212
4669209
4669596
4669979
4671861
4673723
4673822
4674162
4674163
4674517
4674920
4674978
4675310
4675833
4676102
4676186
4676282
4676873
4678205
4678407
4679042
4679198
4679544
4679731
4680018
4680200
4680549
4680810
4681548
4681892
4682932
4683569
4683648
4684766
4685224
4685317
4685522
4685982
4686444
4688535
4689796
4689953
4690034
4690532
4690847
4691030
4691126
4691375
4691406
4692575
4692885
4694103
4695134
4695352
4695365
4695876
4696165
4696317
4696490
4696815
4697296
4697399
4697886
4698556
4699014
4699411
4701188
4701454
4701645
4702362
4705445
4705739
4707624
4709674
4713309
4713664
4713988
4719382
4719923
4720577
4720794
4721977
4722389
4725701
4726533
4727729
4728011
4728678
4734670
4735777
4744229
4745021
4748733
4751246
4751523
4752339
4752799
4753189
4754754
4755170
4755332
4759438
4761843
4763356
4763971
4764485
4764624
4765477
4765602
4765974
4766026
4766194
4767288
4767573
4768239
4771021
4771408
4771418
4772870
4773918
4774501
4775366
4776062
4779753
4781212
4781745
4782292
4783226
4784787
4785158
4785527
4786158
4786861
4789404
4790732
4791342
4794115
4795544
4796225
4796293
4800127
4801130
4801919
4802269
4802877
4804150
4805731
4809204
4810831
4813084
4813152
4813179
4814899
4819812
4822415
4824041
4828516
4829660
4840336
4840822
4841269
4844643
4845439
4845518
4846650
4848279
4848380
4848410
4848661
4849397
4851767
4852778
4855970
4856353
4856621
4858982
4861082
4862454
4864846
4865203
4865871
4866351
4866878
4867201
4867260
4867836
4868933
4870389
4870835
4871006
4871845
4872073
4872562
4872874
4878926
4881537
4881956
4883604
4883956
4886087
4889891
4890990
4892499
4896978
4898249
4899559
4899620
4900476
4902555
4902934
4902975
4903542
4904411
4910098
4910750
4910791
4911432
4912130
4913117
4913926
4916702
4919554
4920475
4921164
4921461
4922134
4922284
4922310
4923242
4924142
4924893
4926750
4927452
4929349
4930780
4932803
4935103
4938566
4938643
4939093
4939441
4940670
4942020
4942260
4942460
4943136
4945281
4946341
4946852
4946971
4947276
4947978
4947995
4949585
4950603
4951528
4952745
4953251
4953951
4954326
4954630
4954931
4954958
4955432
4955539
4956339
4956376
4956418
4956771
4956891
4958550
4958655
4960105
4961077
4961375
4963056
4964239
4967155
4967165
4968145
4971129
4972615
4972999
4974689
4975451
4975630
4976646
4976824
4977579
4979112
4981842
4983057
4983353
4985405
4986333
4988539
4989296
4989859
4990035
4990037
4992025
4992609
4994397
4995536
4996246
4998123
4998459
4999382
4999995
5004474
5005110
5005671
5005975
5007791
5009271
5010234
5011691
5015665
5016169
5019868
5021792
5021938
5022278
5023842
5024978
5025956
5025996
5027360
5033139
5033214
5033392
5033968
5035568
5035722
5036015
5037706
5038238
5038264
5038385
5038387
5039049
5042222
5042285
5043857
5044848
5045892
5047598
5050020
5052325
5055070
5058832
5063154
5065015
5068304
5068870
5069506
5070972
5071921
5074996
5075041
5076242
5088120
5088630
5090583
5091345
5091931
5093628
5095835
5096738
5097804
5099668
5099940
5101178
5101703
5102413
5102729
5102790
5104029
5106453
5106755
5109671
5111899
5115336
5117354
5117949
5120414
5120891
5121012
5121349
5121741
5121926
5123596
5124293
5124580
5125497
5125550
5126358
5126836
5128172
5128325
5128795
5129515
5130210
5132013
5132255
5133700
5135124
5135729
5137202
5137560
5140245
5140398
5140418
5141138
5142251
5143256
5143803
5144304
5144456
5144519
5144946
5145230
5145401
5145931
5146253
5147540
5148210
5149049
5149456
5149594
5149721
5150077
5151214
5152592
5153465
5153652
5154055
5154800
5155035
5155170
5155184
5155217
5155501
5156023
5157096
5157292
5157982
5159981
5161587
5162671
5162691
5162741
5164613
5165120
5165588
5166613
5170259
5171279
5171301
5171955
5172512
5173441
5173961
5175831
5176539
5179476
5179712
5179751
5180576
5181082
5182525
5183039
5184000
5184376
5184578
5185190
5185197
5186331
5186366
5186368
5186719
5187657
5187959
5188213
5189064
5189839
5190017
5190228
5191594
5192017
5192239
5192420
5195635
5196623
5196760
5199326
5201774
5202041
5202537
5202616
5203691
5205473
5207607
5208736
5208840
5212105
5212953
5213615
5214446
5215834
5217255
5217649
5218246
5220135
5220626
5222972
5224264
5224456
5224882
5225943
5226967
5231027
5231268
5231774
5232386
5234122
5235623
5235995
5237693
5239247
5239761
5241188
5241842
5243284
5244728
5247023
5250175
5252868
5253608
5254925
5255244
5255494
5257468
5257728
5258217
5259577
5260512
5261001
5261545
5262681
5263569
5263669
5264533
5264841
5265026
5265577
5265888
5267734
5268872
5269608
5269911
5270880
5270921
5270938
5270990
5271170
5271552
5272931
5273020
5274622
5274816
5275384
5275960
5276528
5276567
5277043
5277233
5277714
5277770
5277942
5279005
5279986
5280161
5280323
5280324
5282254
5283316
5283832
5284910
5285345
5285609
5286393
5286762
5287937
5291759
5292545
5292587
5293210
5293413
5293476
5293601
5294298
5294533
5296031
5299422
5299899
5301418
5301849
5305810
5305887
5309454
5309599
5310990
5311259
5311966
5312045
5312558
5315561
5316528
5316807
5316839
5317738
5317794
5317997
5319229
5320189
5322819
5326128
5326516
5327007
5327324
5329444
5330372
5330715
5331133
5331323
5331841
5332263
5332528
5332581
5332643
5334012
5334086
5335768
5336606
5337614
5338575
5338692
5339431
5341955
5343021
5345021
5345168
5345201
5345857
5346107
5346327
5346800
5347580
5347829
5347898
5349176
5349743
5354852
5356447
5357410
5360494
5360768
5361392
5362008
5362305
5362709
5363052
5363768
5363956
5363981
5364036
5364827
5365408
5366671
5367304
5367309
5367351
5367570
5367999
5368422
5368491
5368647
5368817
5369040
5369209
5374727
5375230
5375645
5376962
5378086
5378285
5379483
5379495
5381251
5383059
5385305
5388387
5389209
5390622
5390958
5392139
5392768
5394450
5395018
5395460
5400768
5401415
5401709
5403295
5404682
5406491
5407373
5409704
5409876
5414149
5415162
5415781
5417668
5419197
5421002
5422347
5425053
5425316
5427145
5428412
5428710
5429360
5430156
5431128
5432695
5438117
5439520
5441935
5442095
5444664
5447394
5447581
5448769
5451843
5452276
5455253
5455663
5457735
5459732
5460475
5462285
5462845
5465546
5467132
5468944
5472090
5473167
5475770
5476614
5477389
5477872
5478239
5478826
5479006
5480078
5480084
5484172
5485019
5485075
5485769
5487329
5489151
5491646
5491693
5492226
5493943
5494123
5494365
5495408
5496521
5497784
5498048
5498861
5500469
5502979
5505608
5505685
5505841
5508509
5509020
5509663
5512579
5513712
5514478
5515721
5515811
5516106
5516902
5516982
5518270
5518354
5518383
5518960
5519220
5519389
5519960
5520037
5520754
5520767
5521791
5522691
5523338
5523903
5524086
5526589
5527772
5530237
5531299
5532179
5532367
5532595
5534457
5534984
5535018
5535164
5535850
5536811
5537541
5537757
5539313
5540360
5541179
5541951
5544246
5545069
5546063
5546962
5549105
5550908
5553288
5553672
5553870
5554126
5554249
5554592
5555614
5556048
5557094
5557371
5559948
5560790
5562942
5563596
5565939
5569290
5571958
5572564
5572729
5573177
5574284
5575934
5576758
5577285
5577603
5578229
5578481
5580787
5581776
5581894
5582209
5583041
5583044
5583076
5583200
5583622
5585457
5587579
5589746
5590892
5592113
5595600
5595887
5596988
5597156
5597737
5598689
5599157
5599651
5600163
5600459
5604538
5605339
5608753
5609078
5609369
5609928
5609963
5611041
5612536
5613401
5613579
5614101
5614454
5614578
5616345
5616481
5617802
5617942
5618962
5621620
5621956
5622203
5622485
5625307
5628904
5630301
5632544
5633469
5634440
5634542
5635307
5635781
5636780
5637672
5641153
5641215
5641410
5642094
5642126
5642783
5644384
5645622
5646057
5646761
5647007
5647465
5649467
5650308
5650780
5652138
5653647
5654850
5655325
5656794
5657000
5658939
5663152
5664869
5666721
5667487
5667720
5667854
5668353
5669374
5670708
5671840
5673028
5674517
5678010
5678955
5680662
5681127
5681807
5683044
5684654
5685114
5685328
5685676
5688666
5688873
5690627
5696232
5698559
5699244
5699817
5699936
5700028
5700198
5700265
5701978
5705589
5714083
5714395
5716594
5721681
5722937
5723228
5725338
5725486
5726768
5726975
5727546
5728004
5728797
5730255
5730770
5730973
5733302
5733896
5735813
5736260
5737081
5737124
5737276
5738304
5739465
5742437
5742628
5742751
5743112
5743507
5743684
5747001
5747733
5751321
5752641
5757039
5757129
5757990
5763562
5763908
5764448
5765948
5768114
5770028
5771003
5772443
5772866
5773541
5773853
5774222
5776937
5780652
5781221
5781759
5782485
5783385
5783585
5783775
5787155
5788166
5788687
5790694
5791081
5791334
5793775
5794018
5794211
5796070
5796108
5797524
5801297
5805437
5806826
5808862
5817457
5819100
5819699
5819900
5820488
5822464
5830748
5833397
5833836
5834709
5834951
5837501
5838673
5839800
5841383
5843370
5843497
5845289
5848394
5851342
5855414
5859621
5864448
5864531
5866172
5868283
5868658
5870823
5870974
5871708
5872443
5875273
5877216
5879752
5882048
5882930
5883320
5886642
5886659
5888412
5891055
5891823
5892141
5894026
5897891
5898149
5898594
5899791
5900961
5901574
5901750
5901858
5902189
5903262
5903730
5908247
5910934
5912234
5912352
5912691
5913662
5913820
5918071
5918467
5918673
5920737
5923307
5924517
5926554
5927913
5928891
5929317
5929376
5930695
5932025
5933379
5933910
5934316
5934490
5935831
5937065
5939837
5942276
5942988
5943421
5944262
5946801
5946891
5946896
5947072
5948788
5952700
5953742
5955679
5956972
5957972
5959893
5960708
5961391
5962196
5963121
5964850
