117
128
422
659
853
1248
1477
1533
1678
1737
1770
2179
2710
2721
2973
3465
3867
4121
4508
4562
5160
5909
6111
6126
6654
6736
9199
9316
9785
9878
9902
10609
11866
12680
13089
13611
13956
13961
14521
14671
14828
14877
15048
15065
15481
15704
15992
16172
16274
16359
16457
17688
18207
18468
18967
19073
19437
19508
19541
19585
19630
20823
21153
21965
22919
23064
23557
23583
24111
24174
25401
26126
26291
26365
26469
27056
27135
27704
27855
28273
28484
28573
28910
32070
32205
32258
32785
33067
33928
33948
34459
35144
35450
36099
37709
38599
39230
39453
42997
44302
45020
45237
45516
45707
46023
47416
47486
48366
49255
49830
51415
52095
52322
52892
54067
54390
55407
56194
56326
56441
57133
58155
58472
59029
59126
59634
60272
60400
61721
61768
62594
62730
64379
64675
67153
67862
68621
69002
69867
71114
71422
71729
71868
72549
73101
73508
73549
73581
74330
74691
74910
75491
77116
77424
77935
78872
79238
80517
81857
83910
83922
84136
84277
85108
85479
85816
86129
87276
87333
87725
89862
89912
90522
93922
93977
94202
94911
95731
97003
100016
100257
100808
101427
101739
101818
102016
102582
106336
107396
107404
108175
109352
109386
109525
111546
113509
113842
116200
119246
119297
120075
120635
120851
121438
121902
122380
122831
123745
125096
125104
126605
127058
127157
127387
127801
128738
129489
130194
132297
132612
133171
133435
133653
133909
134391
134757
136056
138271
140566
142219
143501
143820
145522
149779
150161
150496
152569
153759
154195
154479
154864
155086
156596
157278
158363
159929
160980
164970
165639
167607
168066
168392
168673
169643
169664
170695
171186
172240
172371
173144
173962
174462
176223
176276
178141
178354
178877
179058
179156
179462
179643
181823
182667
182834
183690
184678
185381
185615
186161
186827
189785
191511
192129
192227
195362
195767
196742
198125
198510
198983
199952
200310
201101
201536
202364
202411
202481
203042
203411
203481
203621
204006
204177
206043
206077
206543
207235
207417
210147
211101
212272
212696
212808
213900
216684
216762
217576
217614
218945
220498
221923
222108
224927
229139
229528
229537
229638
230867
232318
233231
233255
234482
235282
235817
236958
237301
237492
237948
238194
240660
240918
241021
244728
245403
246521
246904
248401
249462
250050
250374
250760
251112
251693
252366
253071
253926
254268
254548
256472
256806
256953
257374
257569
257830
257886
258282
258869
261018
261085
261178
261202
261840
261885
261948
263028
263431
263472
264589
266710
267725
270065
271172
273434
273759
274477
275385
276448
277381
277728
278249
279929
280021
280548
280873
281289
281375
281395
285089
285449
285875
286019
286062
286715
288029
288386
288666
288956
289676
290210
290701
292083
294292
294597
296177
296742
297754
306434
306718
307029
307073
307674
309410
309917
310308
311140
311229
311264
311865
313350
314647
316948
319648
319970
320735
321520
321741
325791
328657
328815
329690
330401
331124
334844
334927
339078
340258
340270
342403
343242
343684
344364
344455
348237
349260
350058
352775
354102
355280
356031
357549
361477
362142
367160
367216
368281
370085
372420
372479
373724
377630
377971
378488
379319
380399
381605
383413
385346
386423
387904
389612
391901
391928
393759
394327
394784
395858
397385
398008
398255
398694
398729
399214
399689
400516
400566
403188
403347
403436
403696
404844
405006
406883
411925
412258
412834
412956
414308
416335
417029
417240
418051
418378
420080
420363
420617
420989
421636
421832
421863
422074
422644
422822
422958
425262
425300
426617
427590
429945
430075
431930
431952
432200
433035
433415
433549
434457
435587
437829
438440
438453
439189
439281
441311
441333
442367
442620
442941
443200
444016
444874
445422
446929
447112
447118
450827
451736
451985
453991
457430
458529
458677
458890
459298
459931
460148
460355
460444
460558
461981
462581
462663
463121
463139
464041
464242
465194
465652
466161
466780
467003
467395
467577
468218
470785
471016
471386
471681
472137
475938
478746
479468
479966
479970
480310
480376
480703
480727
480835
480973
481092
481272
481289
481351
481392
481442
481546
481750
482182
482194
482262
482609
483492
483766
484036
484556
485774
486188
486314
486438
486752
487374
487814
487837
487898
488256
488542
488555
488833
490132
490424
491069
491462
491775
492393
492480
493884
493945
493962
494027
494061
495168
495575
495720
495883
496594
496786
496850
497723
497903
498429
498646
499147
499238
501266
501422
501531
502311
502382
502383
502627
502863
503200
503269
503399
503782
503829
505782
506344
506529
506626
507242
507291
508221
509358
509473
510010
510728
511561
511986
512354
512487
512493
513125
513981
514473
514837
515334
515536
515618
515975
516423
516698
517325
518186
518538
518644
518907
519468
520820
521339
521473
521879
522240
523894
524039
524429
525200
526806
527318
528329
528940
528964
529092
529330
529540
529880
530964
531114
531735
531956
532176
533662
535446
535573
535885
536237
536333
536950
537451
537929
537958
538569
540751
540957
541944
543140
543257
544013
545386
545427
547161
548184
548325
548475
549690
551126
551234
551662
553582
555953
556209
557302
557506
559251
559317
560090
560618
562854
562938
563403
566266
566418
567327
568353
568535
569036
571713
572314
572339
572587
574068
574090
574405
574801
575228
575478
578033
578339
579031
581024
581401
581547
585224
585265
585370
587784
587945
589314
590601
590757
591970
592075
592751
593638
594152
595554
599388
602572
606780
607897
609657
610497
613576
616824
621351
622528
627078
627348
627673
628799
629982
631220
631894
632020
632064
632605
632761
633844
634176
634942
635220
635724
640341
640723
642242
642322
642697
642842
643488
643785
644083
644305
646345
647720
647927
648394
648446
648564
648799
649034
649097
649739
650123
650342
650965
652557
653244
655630
655778
655791
658511
658751
659285
660425
660434
662203
662235
662295
662792
662932
663851
664713
665569
666123
669843
670022
670276
671153
671367
671552
671641
672620
673499
673548
673898
675129
676266
676320
677224
677253
677487
678502
678780
678846
679616
679800
680129
680912
681971
682327
682698
683964
684511
684751
685161
685835
686171
687875
688074
688949
690073
690103
691502
691613
691655
691989
692508
692807
694625
694871
696010
696533
696647
697245
697639
698181
698194
698535
698627
698735
698750
699275
699540
701722
701745
702858
703853
704457
704738
706244
706489
707590
708371
708728
708885
710006
710300
710710
711605
713979
714466
715326
715899
716547
717882
717961
719122
719522
720215
721022
722255
724404
727691
728230
728663
728737
728770
731100
731331
731427
731697
731723
732147
732424
735054
735864
736301
736336
738627
741769
742190
744756
745177
745509
745581
745586
745739
746160
747112
747165
748257
749329
751790
751853
756663
756877
757178
757334
758022
758519
759794
760575
760664
760733
760854
764017
764526
764703
766047
766584
767799
767875
767928
768116
768613
768775
769076
769481
771836
771881
772029
773318
773972
774297
774448
774864
775293
775375
776690
778883
779596
779788
781019
783296
784975
785138
786134
787003
788747
789537
790380
790458
791750
795593
795870
796270
797502
797860
798841
799281
800138
801541
801780
803378
803508
806295
806601
808647
809203
810793
811150
811914
812025
812440
812653
812691
814352
814765
815688
817011
817729
817775
817852
818357
818386
818922
818950
819507
819793
819970
820000
820027
822765
823674
823836
825163
827081
827286
828014
828735
829870
830246
830620
831119
831411
831648
831772
831866
832863
832940
833317
833509
833682
833848
833865
834142
834350
834598
834923
835868
836228
836434
836504
836864
837448
837815
837898
837918
838294
838754
839358
839510
840446
840669
841424
842798
843525
843564
843911
844986
844998
848464
849407
849471
849807
850040
850383
850671
850891
851603
852843
853851
855187
855288
856065
856393
857882
858381
859314
859828
860132
861216
864164
864495
865352
868307
868480
868634
868719
869162
869865
870606
871420
871571
873348
873928
874251
874356
875247
876636
877544
880182
880948
880971
881366
881529
884019
884111
885399
887866
887877
889365
889830
890895
891693
892732
893102
894360
895831
896762
896986
898949
899031
899570
899605
903272
906167
907040
907151
907588
907643
909550
910076
910904
912422
914111
915109
915632
916302
917250
917416
918500
919126
919188
919506
919806
920804
921150
922151
922288
922823
924169
924320
925223
925453
926668
927433
928664
928893
930812
930893
931498
931565
931567
933388
934541
934670
935849
935882
935932
936260
936521
936554
936747
936843
937323
937783
938238
938582
938916
939376
939613
939644
940564
940684
941199
941337
941773
941927
942490
942868
943049
943069
943921
944368
944708
945776
945814
945847
946233
947103
948033
948310
948366
948669
949839
949892
950037
950117
950578
950598
950603
951172
951255
952202
952367
952540
952886
953031
953662
954186
954316
954368
954425
954731
954875
955209
955220
955284
955870
956459
956562
956582
957521
957862
958242
958356
958834
958851
959051
959498
959688
959726
961628
962112
962438
962819
963104
963340
963439
963496
966525
967203
967290
967432
967717
968171
968523
969503
969776
969868
970178
972607
972711
972856
972857
973466
973585
973595
974166
974484
975516
976525
978495
978505
979174
979698
981633
983130
983479
986012
986676
986967
986986
987110
987377
988117
988532
988957
989306
989317
989439
989814
989835
990256
990393
991204
991612
992094
992398
992465
992915
993043
993156
993358
993790
993809
994467
994546
994598
995132
995506
995543
995649
996052
996348
996613
996651
996915
997071
997508
997570
997725
998342
998393
998560
998616
998807
999010
999049
999336
999375
999596
999894
999928
999950
1000149
1000356
1000539
1000727
1000742
1001369
1001533
1002000
1002127
1002187
1002233
1002347
1002771
1002827
1003164
1003711
1003715
1004605
1004652
1005088
1005201
1005497
1005896
1006125
1006392
1007214
1007450
1007664
1007902
1008464
1008651
1009058
1009437
1009976
1010112
1010445
1010469
1010496
1010635
1010751
1011032
1011116
1011328
1011395
1011576
1012177
1012438
1012493
1012671
1013064
1013118
1013204
1013473
1013523
1013818
1014288
1014651
1014846
1015123
1015145
1015509
1015676
1015719
1015784
1015834
1016488
1017346
1017381
1017620
1018454
1018994
1019213
1019655
1019689
1019691
1020023
1020255
1020839
1020853
1021122
1021620
1021765
1022128
1022464
1022777
1022866
1022944
1023252
1023274
1023290
1023439
1023743
1024392
1024517
1025297
1025450
1025570
1025818
1025956
1026986
1027734
1027790
1028343
1028457
1028557
1028772
1029010
1029337
1029772
1029950
1030069
1030325
1030351
1030806
1030808
1031176
1031871
1031909
1032224
1032511
1032663
1032716
1032911
1032947
1033028
1033076
1033361
1033610
1033890
1034135
1034844
1035058
1035069
1035385
1035390
1035620
1035674
1035771
1035836
1036018
1036240
1036406
1037135
1037227
1037441
1037763
1038012
1039362
1039383
1040729
1040774
1041066
1042032
1042090
1042142
1042244
1042375
1042643
1042856
1043540
1043572
1043829
1044263
1044291
1044777
1045587
1045653
1045657
1045890
1046121
1046533
1046789
1046794
1047745
1047947
1048192
1048299
1048458
1048775
1048815
1049187
1049366
1050174
1050445
1050730
1051175
1051638
1051758
1052111
1052475
1052484
1052587
1052786
1053387
1055315
1055472
1055474
1056179
1056713
1057005
1057212
1057776
1057988
1058351
1058692
1059367
1059388
1060027
1060260
1060702
1060737
1061606
1062254
1062855
1063386
1063460
1065484
1065487
1065566
1065829
1066386
1068033
1068069
1068644
1068991
1069265
1070292
1071930
1072500
1072739
1072740
1073163
1073761
1073872
1074625
1074652
1075370
1075527
1075579
1077336
1077371
1077542
1077753
1077951
1079070
1079563
1079794
1080278
1080416
1080793
1080977
1080979
1082190
1082626
1082898
1083000
1083407
1083983
1084028
1084317
1084970
1085809
1086077
1086170
1086899
1086913
1087081
1087533
1087816
1088198
1088312
1089996
1090502
1090534
1094084
1095270
1096234
1097391
1097990
1098290
1098595
1099288
1100021
1100588
1100880
1101141
1101143
1101824
1102534
1104977
1105795
1106591
1107178
1107521
1107926
1108752
1109294
1110214
1110282
1111500
1112000
1112577
1114047
1114542
1116939
1117862
1117931
1118005
1118449
1118931
1119397
1121524
1122205
1122732
1123252
1123739
1124204
1124762
1124905
1125492
1125670
1126149
1126381
1128449
1128609
1129164
1130373
1131905
1132240
1134354
1134702
1135052
1136715
1136816
1136888
1138061
1138418
1138453
1138738
1139056
1139597
1139943
1140250
1140637
1140935
1143167
1146011
1146163
1147821
1148802
1149124
1149665
1150266
1150283
1150329
1150445
1150501
1150754
1150860
1151293
1151499
1151910
1151934
1152481
1152505
1152513
1152839
1153328
1155181
1156343
1156918
1156938
1158691
1159061
1159857
1161087
1161161
1161216
1162598
1162815
1163357
1163983
1165165
1165658
1166427
1167653
1168138
1168828
1169227
1169873
1170480
1171435
1171857
1172091
1173885
1174254
1174487
1174569
1174750
1177066
1177756
1177902
1178442
1178686
1179158
1179259
1183439
1183585
1183705
1184040
1185202
1185312
1185619
1186253
1187087
1188198
1188201
1188235
1188874
1191155
1193672
1193909
1194193
1194500
1194736
1195225
1195521
1196029
1196515
1196788
1198609
1199011
1199530
1200197
1200697
1200859
1201205
1201246
1201287
1202107
1202874
1203428
1203451
1204145
1204676
1204917
1205217
1205766
1206940
1207676
1207960
1208768
1209970
1210385
1210974
1211177
1211409
1211846
1211895
1213291
1213889
1215537
1215805
1217166
1217187
1217929
1218591
1218965
1219784
1219838
1220299
1220419
1220578
1221378
1221569
1222386
1222978
1224543
1225850
1226780
1226792
1227365
1227601
1228077
1228096
1228229
1228508
1229011
1229095
1229208
1230922
1231926
1232177
1234418
1234720
1235044
1235344
1235886
1237418
1237635
1237651
1239532
1239744
1240272
1241440
1242673
1243406
1244198
1245889
1245961
1246064
1246978
1247677
1248784
1248834
1250097
1250420
1250807
1251502
1252310
1252475
1253591
1254039
1255338
1255533
1257525
1257966
1258180
1258331
1259779
1260164
1260582
1260752
1261666
1261957
1263004
1263854
1263887
1263916
1264360
1264603
1264614
1265705
1265720
1266300
1270075
1270159
1270173
1270495
1271513
1271929
1272575
1273296
1274104
1274791
1276687
1276697
1276725
1278506
1279250
1281454
1281949
1283353
1285568
1286002
1286092
1286795
1287229
1287641
1287663
1288845
1289613
1289764
1290394
1290760
1290841
1291293
1292345
1292834
1293656
1294178
1294334
1294757
1295046
1295578
1295817
1296149
1296473
1296611
1296647
1296722
1296795
1296825
1296959
1297633
1298234
1298801
1299246
1299875
1299987
1300161
1300427
1300485
1300753
1301173
1301650
1301761
1302205
1302685
1302880
1303000
1303681
1303936
1304002
1304080
1304654
1304839
1305752
1306351
1306465
1306991
1307345
1307749
1307935
1308538
1308686
1309046
1309080
1309147
1309228
1309365
1309443
1309583
1309992
1310399
1310467
1310920
1311091
1311160
1311257
1311580
1311895
1312226
1312420
1312939
1313264
1313335
1313506
1314622
1314694
1314924
1314972
1314984
1315146
1315407
1315438
1315518
1315720
1316159
1316454
1316521
1317683
1317845
1318503
1318610
1319337
1319895
1320093
1320846
1323535
1325683
1326096
1326707
1327324
1327760
1327919
1328054
1328262
1328802
1328976
1332309
1332828
1332871
1334462
1334585
1335426
1335501
1336597
1336739
1337728
1338224
1338897
1339476
1340126
1340512
1341652
1342206
1343074
1343337
1343630
1344655
1345715
1346020
1346559
1347537
1348344
1349125
1349679
1350747
1350796
1351632
1352414
1352626
1352984
1353693
1353891
1353992
1354406
1357559
1358730
1359171
1359435
1359896
1360686
1360839
1360924
1360988
1361070
1361475
1362881
1363132
1363442
1363858
1366003
1366297
1369811
1371022
1371377
1371886
1372447
1376637
1379118
1379472
1379498
1382086
1382280
1383797
1384645
1385266
1385887
1387002
1387815
1390029
1390556
1390662
1391118
1395410
1395696
1396977
1398249
1399317
1400629
1404998
1405814
1411735
1412202
1414484
1415142
1415412
1418604
1419000
1419480
1420043
1420687
1421682
1422085
1423632
1425392
1426063
1426072
1426475
1426728
1427779
1429541
1430814
1431866
1432404
1432571
1432954
1433770
1433854
1434537
1434568
1434621
1434993
1435529
1436192
1437119
1437419
1437539
1439637
1439774
1440059
1440710
1441195
1441808
1442063
1442689
1448322
1448817
1449232
1449358
1450623
1451100
1451487
1451765
1451894
1451927
1451955
1452007
1452466
1453163
1453597
1453818
1454746
1456174
1461491
1461838
1463806
1463861
1467642
1468092
1468431
1469405
1472450
1473157
1473844
1476081
1477308
1478203
1479529
1480909
1481471
1481726
1482861
1484381
1484575
1485292
1485544
1486026
1486455
1487980
1487990
1489296
1491770
1492135
1493272
1493641
1493658
1493671
1493681
1493777
1494363
1496193
1496320
1496554
1498947
1500340
1502243
1502250
1502400
1502981
1504309
1504576
1504843
1504928
1504937
1505189
1505333
1506408
1506508
1507130
1507420
1507453
1507525
1508289
1508865
1509100
1509721
1510138
1510442
1510812
1511254
1511403
1512187
1512671
1513147
1514410
1514674
1515074
1515339
1515396
1515416
1515584
1515771
1516098
1516271
1516390
1516486
1517038
1517080
1517224
1517820
1518049
1519163
1519429
1519525
1519958
1520005
1520039
1520528
1521129
1524261
1526123
1526433
1526771
1527283
1527599
1527809
1527924
1527964
1528074
1529391
1529974
1530121
1530221
1530941
1531318
1531913
1532028
1532144
1535802
1538425
1538697
1539396
1539418
1539623
1540547
1540800
1541908
1541943
1542064
1543209
1543275
1544001
1545003
1545979
1546466
1546962
1549211
1549374
1549748
1549772
1550004
1550096
1550365
1552014
1552093
1554521
1556759
1557379
1558529
1558815
1558852
1559035
1559789
1560103
1560748
1561742
1562568
1563669
1563719
1564818
1565552
1566448
1567014
1567143
1568385
1570132
1570135
1573165
1573618
1575029
1575190
1575617
1576231
1577282
1580364
1580680
1580690
1580977
1582097
1582382
1586376
1586559
1588109
1589246
1589838
1590652
1592493
1592799
1599322
1599414
1599575
1599948
1601441
1601580
1601829
1602141
1604029
1604069
1605380
1606881
1608452
1608481
1610650
1610994
1611305
1611325
1614419
1614930
1615948
1619095
1619774
1622936
1623124
1623814
1625533
1632416
1633150
1634212
1635146
1636017
1636460
1639865
1640393
1640902
1641428
1643146
1644216
1644253
1644413
1644416
1648170
1649393
1649401
1649568
1650711
1651607
1651764
1653809
1658955
1660190
1664448
1666239
1666354
1666774
1667867
1669110
1672321
1672659
1672758
1674748
1674967
1675276
1675549
1678404
1678778
1679176
1680493
1680816
1680888
1680969
1682066
1682142
1683777
1684653
1686541
1687792
1687876
1688629
1689513
1689578
1689891
1690370
1691357
1691576
1691761
1692343
1693428
1695949
1696272
1697952
1698585
1700657
1701802
1702077
1702657
1706785
1706827
1709495
1709597
1710863
1711432
1714286
1714653
1716469
1723012
1724637
1726852
1727113
1730030
1730589
1731042
1731258
1731901
1732148
1732562
1732842
1732848
1733685
1733693
1734187
1734273
1734282
1734400
1734496
1736603
1737467
1738977
1740331
1743201
1743645
1745204
1746017
1747975
1749083
1750286
1750893
1751110
1752508
1753659
1754304
1755672
1755752
1757636
1761062
1767264
1768287
1768538
1768748
1769413
1769858
1771642
1772469
1773023
1773646
1776073
1776511
1777181
1781096
1782671
1782687
1782817
1783898
1784287
1784702
1787438
1788659
1791955
1793096
1794098
1794494
1794799
1795037
1795774
1796437
1796505
1797681
1798236
1798555
1799158
1801560
1802140
1803146
1803722
1806030
1806483
1807518
1807954
1808655
1811789
1813736
1814050
1814984
1815104
1818108
1818868
1819969
1820415
1821783
1822243
1822422
1825507
1828480
1828484
1829007
1830670
1830695
1832031
1833126
1834313
1834552
1834980
1835010
1835815
1836637
1837080
1841557
1841906
1842286
1843680
1844262
1844625
1845272
1845950
1846314
1846492
1846543
1846855
1846892
1846955
1847031
1847266
1847425
1847529
1848113
1850077
1850163
1850376
1853109
1855021
1856266
1857939
1858347
1858397
1862615
1862921
1863288
1863967
1867945
1868486
1869374
1870069
1870394
1872598
1873761
1875872
1876314
1876370
1878957
1880040
1884956
1887009
1889636
1890615
1892712
1894008
1895212
1895466
1895886
1896381
1897237
1897574
1898067
1898989
1899955
1899972
1902517
1903053
1903131
1904686
1904853
1905191
1905716
1905733
1906109
1906574
1907612
1908533
1908888
1909576
1909986
1910686
1910733
1911759
1915690
1916078
1916673
1916752
1918483
1920404
1921668
1922060
1922478
1923123
1923293
1923429
1925909
1926197
1926350
1926836
1927390
1927588
1927815
1932130
1932606
1933962
1935232
1937272
1937670
1938005
1939281
1939708
1941332
1941631
1942683
1943606
1944319
1945620
1947815
1948118
1949379
1949802
1950871
1951060
1951315
1952143
1952869
1954767
1956759
1958038
1958553
1959305
1960093
1960917
1961381
1961852
1962491
1962593
1962736
1964110
1965343
1967740
1968886
1970342
1971989
1973480
1975495
1976345
1978055
1978967
1979418
1979664
1980959
1983590
1984133
1984734
1985626
1987036
1988255
1988259
1988751
1989187
1989722
1990337
1991823
1992738
1993038
1995576
1995707
1996030
1996314
1997820
1998056
1998368
1998832
1998980
2000297
2000389
2001960
2002495
2003196
2003813
2004430
2005312
2005841
2007029
2008168
2008207
2008208
2008974
2010053
2010164
2011436
2012820
2013411
2013500
2013568
2013940
2017116
2017439
2017586
2018976
2019293
2019711
2019910
2021495
2021575
2024033
2024144
2027264
2028725
2028770
2029752
2030397
2031651
2032125
2033077
2034292
2034414
2034820
2034991
2035050
2036184
2036688
2037079
2037251
2038209
2039232
2039958
2041253
2042504
2042778
2042838
2042878
2043112
2043636
2043723
2044689
2044868
2047734
2048714
2049324
2050579
2050754
2051762
2052325
2053220
2053761
2055483
2056002
2056313
2056899
2056971
2057104
2058427
2061696
2061978
2062180
2063008
2063783
2065515
2065595
2065640
2065864
2065933
2066447
2068900
2071325
2071943
2073215
2073396
2074215
2074622
2076922
2077929
2080114
2081286
2081980
2083949
2085579
2086437
2086925
2088856
2090652
2091610
2095701
2096034
2098597
2099353
2100202
2102362
2103083
2103179
2103815
2104843
2105197
2108137
2108548
2109050
2110279
2111169
2112031
2113022
2113099
2115271
2117562
2118231
2118715
2118755
2119281
2121753
2121775
2124010
2130488
2131492
2132500
2136932
2137705
2140441
2141398
2142830
2144529
2145715
2145938
2146870
2147690
2148418
2148439
2149642
2150007
2150176
2150370
2151222
2152396
2152648
2152931
2153356
2153530
2155891
2156263
2157241
2157404
2157506
2158500
2161142
2162110
2163947
2164563
2164622
2165045
2165346
2165780
2166902
2168087
2168627
2168936
2171207
2171946
2172366
2173786
2174384
2176348
2176745
2177049
2179270
2179622
2180171
2180791
2181486
2182646
2182713
2183799
2184057
2185619
2186396
2187648
2187748
2189091
2189127
2189620
2189660
2189743
2190844
2191417
2191740
2191985
2192113
2192126
2192269
2195335
2196524
2196794
2197296
2198648
2200614
2200920
2202229
2202561
2202772
2203502
2203530
2203632
2204913
2205120
2205277
2207231
2208540
2211931
2212747
2213177
2214653
2216257
2216971
2217441
2217500
2217884
2217975
2218803
2219025
2219338
2219528
2220331
2222218
2223668
2224911
2225707
2226770
2227987
2228661
2229093
2230773
2233156
2235088
2235264
2237939
2238163
2239809
2240372
2241710
2244129
2245649
2245828
2246768
2247635
2250690
2250972
2251131
2252200
2252851
2252966
2253535
2253727
2255661
2257376
2258319
2261674
2263570
2266440
2266657
2267081
2267159
2267771
2270353
2270637
2270880
2274042
2278588
2278693
2280301
2280596
2281186
2281486
2281932
2288158
2289449
2290468
2290759
2291348
2291586
2293483
2294981
2295182
2295806
2296143
2296263
2296416
2297154
2297319
2297598
2298807
2298826
2298896
2299106
2299127
2299384
2300195
2300309
2302061
2302616
2302957
2303977
2304104
2305064
2306009
2307173
2307211
2307266
2308302
2308769
2309357
2309956
2311222
2312060
2312984
2313072
2313523
2314027
2315685
2316924
2316999
2318566
2318837
2319059
2319737
2320505
2320806
2321412
2322068
2323134
2323139
2323823
2324048
2325756
2327480
2327867
2327915
2328928
2329692
2330185
2330560
2331622
2331681
2332435
2332565
2332863
2333332
2333659
2333690
2334124
2334544
2334842
2335869
2337197
2339945
2340294
2341313
2341491
2342083
2342776
2343134
2343569
2343574
2344056
2344201
2345443
2346008
2346804
2346979
2347599
2348224
2349465
2349525
2351072
2351610
2351764
2353023
2353694
2354175
2354226
2354278
2355540
2356043
2356252
2356446
2359457
2359543
2359858
2360673
2360995
2361282
2361333
2361383
2361620
2362705
2363906
2363927
2364012
2364292
2364736
2366778
2368480
2368513
2368766
2369135
2370120
2371294
2371300
2371587
2373753
2376402
2377513
2379749
2380127
2380453
2380984
2381011
2382186
2382196
2382965
2383021
2385408
2387538
2390272
2390769
2391290
2392213
2393812
2395147
2396171
2396217
2398901
2399677
2400113
2402298
2402369
2402536
2403530
2403790
2403802
2405179
2405307
2405318
2405912
2406245
2406582
2406936
2407553
2407731
2407831
2408222
2408324
2408435
2408671
2409497
2409836
2410014
2412202
2413586
2413974
2415718
2416048
2416491
2417260
2418172
2424157
2424294
2424823
2426413
2431320
2436286
2436478
2437617
2437709
2438742
2440711
2441535
2443511
2444589
2445001
2445640
2446901
2447315
2447815
2450411
2452492
2453452
2454809
2455019
2457280
2458582
2459452
2460002
2461198
2461443
2462229
2462618
2462678
2462882
2462897
2466548
2467131
2467135
2467690
2469146
2469558
2469739
2470993
2471685
2473193
2473213
2473513
2473622
2474085
2477564
2478963
2479419
2480244
2480778
2481770
2482065
2482278
2482844
2484847
2485680
2485773
2486891
2488258
2488358
2490327
2490867
2491276
2491773
2492564
2492900
2492970
2492990
2493786
2495517
2495983
2497433
2499569
2500006
2501108
2501296
2507194
2510736
2510749
2510794
2511151
2511455
2512536
2512559
2514117
2514585
2515654
2516421
2517248
2517290
2517376
2519148
2519902
2520490
2522123
2523309
2524533
2525171
2525280
2525661
2525711
2526430
2526595
2528007
2528212
2528365
2528464
2529044
2529589
2529627
2529902
2531107
2532353
2532506
2532789
2533221
2534125
2534517
2535001
2537283
2537712
2540715
2540975
2541096
2541930
2542034
2542084
2542626
2543460
2543753
2543863
2545507
2545832
2547367
2548245
2548412
2548652
2549953
2551155
2551302
2553200
2554706
2556230
2558501
2563333
2563584
2564096
2565890
2566039
2566502
2566604
2566732
2566975
2567171
2567385
2567473
2569375
2570005
2572593
2573020
2575809
2576103
2576671
2578148
2578312
2578365
2578416
2580080
2581470
2582998
2583469
2585071
2585116
2586571
2588809
2590118
2590234
2591310
2592094
2592771
2597174
2597446
2598043
2598328
2598945
2599287
2602944
2603053
2603875
2606687
2609291
2611255
2614004
2615264
2615721
2616534
2617421
2618341
2618653
2620144
2620238
2620480
2622777
2623614
2624635
2625147
2625328
2625507
2626244
2629910
2630158
2630334
2632848
2633292
2635413
2636376
2636524
2637114
2639832
2640724
2641242
2641538
2641957
2642744
2645225
2645926
2647794
2649909
2650308
2650814
2651150
2654850
2655846
2656907
2657449
2658233
2659077
2659636
2659753
2660508
2661261
2661466
2662129
2662922
2664347
2666696
2667528
2669595
2670171
2672259
2673873
2674766
2674856
2675297
2683444
2684315
2684980
2687095
2687809
2687954
2689625
2691860
2692615
2693452
2694341
2694343
2695173
2696518
2697095
2697125
2697145
2699430
2700205
2701548
2701882
2702253
2704190
2705541
2708167
2709460
2711023
2713481
2715052
2717436
2719185
2720025
2720218
2721934
2723200
2724624
2725844
2726315
2726820
2728271
2728976
2729680
2729815
2731424
2732909
2733508
2734941
2735271
2738847
2741001
2742232
2742267
2742937
2743539
2744958
2747641
2749575
2749811
2751053
2752443
2753853
2754129
2754390
2755550
2756684
2757398
2758355
2761752
2761836
2763022
2763684
2765700
2766198
2767746
2768550
2770071
2771432
2773127
2774896
2775188
2777043
2778847
2779464
2780497
2781051
2782686
2783090
2783130
2783329
2784017
2784501
2785935
2787782
2789390
2789420
2789509
2791368
2791724
2792921
2796292
2798761
2799504
2800137
2800183
2800356
2800614
2800749
2801135
2801181
2801747
2802155
2802983
2803235
2803654
2803717
2803777
2804242
2804334
2804989
2805129
2805550
2805999
2806295
2806568
2807542
2807823
2808066
2808408
2808686
2809089
2809505
2809759
2810047
2810281
2810658
2810669
2810868
2811099
2811180
2811547
2811683
2811956
2812348
2812405
2812799
2813471
2813477
2813482
2813641
2814168
2814508
2814513
2814741
2814872
2814979
2815265
2815799
2815840
2815889
2815967
2816039
2816073
2816647
2816752
2816871
2817018
2817255
2817491
2817653
2817749
2817898
2818431
2819579
2819610
2820690
2821014
2821150
2821433
2821767
2821936
2822628
2822730
2822956
2823855
2824039
2825046
2825076
2825098
2825956
2826839
2827230
2828215
2828714
2828865
2828929
2829108
2830556
2830802
2831303
2832230
2832369
2832591
2833287
2833474
2833858
2834000
2834839
2835455
2835582
2835767
2837567
2837767
2837947
2838108
2838161
2838858
2840263
2840544
2840858
2840885
2840904
2841001
2841993
2842222
2842314
2844289
2844352
2844524
2844666
2845025
2845188
2845514
2845899
2846372
2847147
2847266
2847875
2848276
2848373
2848458
2849730
2851860
2852067
2852995
2854052
2854368
2854558
2854777
2856330
2856397
2857087
2861911
2863844
2867791
2869479
2869710
2870690
2870741
2871296
2871729
2873457
2874095
2877199
2883521
2883539
2885063
2888626
2889194
2889375
2890252
2890480
2892878
2893018
2893606
2896627
2897882
2898090
2899503
2900222
2901532
2901909
2903826
2904035
2904383
2905780
2906210
2907108
2907718
2909039
2909194
2910149
2910259
2911024
2911146
2911404
2913655
2914602
2914606
2914655
2915249
2915990
2916698
2916847
2917420
2917869
2917916
2917995
2918281
2918294
2920690
2922525
2923372
2924286
2924773
2924932
2925377
2925670
2926336
2927542
2928316
2929239
2931015
2932683
2934202
2934690
2935659
2936900
2938795
2939688
2942400
2944035
2944118
2944140
2944958
2948151
2953225
2954331
2954767
2955262
2955311
2955607
2956289
2956360
2956786
2957348
2957419
2957578
2957725
2958357
2959013
2959227
2959304
2959392
2959649
2960656
2960758
2961161
2961505
2961698
2961788
2961845
2962015
2962365
2964422
2966130
2966449
2966717
2966787
2967043
2967131
2968145
2968162
2968775
2968922
2969914
2970463
2970956
2970959
2971203
2972195
2972413
2973432
2974257
2974590
2975265
2976772
2977517
2977907
2978142
2979075
2980403
2980572
2981159
2981294
2981955
2982348
2983675
2984606
2984641
2984809
2985474
2985627
2986058
2986309
2986555
2987340
2987448
2988171
2988226
2988612
2988928
2989146
2990145
2990495
2990886
2991958
2992037
2992173
2993293
2993712
2994339
2994526
2995464
2995513
2995567
2996332
2996617
2997239
2997901
2997935
2998207
2998744
2999764
3000656
3000993
3001352
3002780
3003186
3003304
3003381
3003599
3003901
3004686
3004924
3005224
3006296
3006371
3006796
3007496
3009610
3010120
3010607
3010988
3012900
3013214
3014001
3014462
3014558
3014920
3015322
3015680
3016925
3017077
3017188
3017737
3019886
3021594
3022245
3022461
3023996
3024776
3027694
3030200
3030610
3030854
3032966
3034334
3034900
3035875
3036471
3036951
3037822
3037937
3042380
3045396
3046032
3047309
3047596
3048314
3048978
3050357
3054349
3056333
3056805
3057865
3058658
3058693
3060551
3060556
3061330
3063176
3064168
3064538
3069727
3071799
3072013
3074590
3074742
3075094
3075175
3075299
3075535
3077000
3078580
3078883
3081230
3083543
3083691
3084020
3084329
3084547
3084591
3084596
3084816
3085076
3087018
3087346
3087716
3087805
3088284
3088832
3088856
3089302
3089372
3089445
3091032
3092623
3093125
3093788
3093950
3094514
3094663
3095415
3095993
3096176
3096745
3096853
3097585
3097885
3097946
3099312
3099786
3099965
3100391
3100623
3100787
3100831
3102343
3102697
3103320
3103868
3104635
3105920
3106605
3107078
3109531
3110454
3111750
3111890
3112025
3113947
3115623
3116193
3117011
3117915
3119979
3121152
3122334
3122563
3123358
3123874
3124324
3125624
3126016
3126654
3127279
3127324
3127600
3128109
3128230
3128428
3129989
3130001
3130328
3130765
3130845
3130859
3131038
3131446
3131747
3134393
3134793
3135193
3136694
3137263
3137667
3138879
3139370
3139772
3141639
3141755
3142689
3142925
3143211
3144950
3145471
3147579
3147934
3149071
3149895
3151936
3152323
3158052
3158533
3158756
3160504
3160840
3161102
3161917
3164855
3165288
3165394
3169496
3169513
3170015
3171362
3171926
3172408
3172409
3174220
3175707
3176311
3176339
3177443
3177447
3178037
3180493
3182427
3183735
3185020
3185531
3186725
3186976
3186983
3188421
3188738
3191047
3191358
3192322
3193399
3193473
3194508
3194572
3194864
3194993
3195381
3195609
3195737
3195950
3196880
3197490
3199782
3201510
3201898
3202939
3203700
3204669
3205109
3205324
3208124
3208600
3211138
3212166
3213320
3213914
3214226
3216349
3216400
3217248
3218672
3219269
3220069
3221412
3221632
3222002
3222905
3223354
3223360
3224951
3225134
3225364
3226208
3228387
3229551
3230010
3231159
3231292
3232360
3232708
3232794
3233003
3233685
3233964
3234726
3235111
3235665
3236414
3238911
3240124
3240234
3240841
3241317
3241355
3242571
3243896
3244231
3245415
3245550
3245910
3246921
3247738
3248468
3254849
3254900
3255459
3255560
3255805
3256161
3256306
3257184
3259050
3261637
3261885
3261947
3262997
3264145
3264709
3265028
3265295
3265737
3265836
3266416
3266417
3267735
3267865
3269465
3270837
3270851
3270962
3271453
3271916
3272033
3275111
3276177
3277399
3277501
3278197
3278652
3278657
3280249
3280526
3280953
3283671
3284027
3284663
3285133
3287059
3287710
3288038
3289017
3289137
3289652
3290355
3290617
3290922
3290948
3291774
3291780
3292798
3292872
3293267
3294045
3294859
3294900
3295982
3296059
3296538
3296792
3297785
3297819
3298111
3298236
3299347
3299509
3299529
3299536
3300234
3300280
3300357
3301529
3301588
3301809
3302020
3302144
3302655
3303620
3304124
3304285
3304689
3305011
3305546
3305643
3305755
3306178
3306615
3306828
3307515
3307685
3308091
3308150
3308347
3308402
3310206
3310382
3310664
3311404
3311907
3312542
3313092
3313249
3313623
3313684
3314602
3315431
3315478
3317599
3317874
3317965
3317983
3318576
3318680
3319224
3319358
3319566
3319600
3319822
3319869
3319948
3323944
3324006
3324014
3324719
3324807
3325574
3325766
3325886
3326067
3326615
3326919
3327535
3328003
3330044
3330745
3331177
3331576
3336051
3338515
3339174
3339552
3340743
3343854
3344343
3345856
3346071
3349040
3351029
3352784
3353981
3356824
3356853
3357147
3357515
3357689
3358756
3358814
3359200
3359586
3359895
3360915
3361981
3362263
3365496
3365516
3365529
3370973
3372114
3372481
3375931
3379492
3379719
3380459
3381306
3381395
3381565
3382117
3383545
3383960
3384178
3384463
3385678
3387606
3387945
3388778
3391173
3392368
3395149
3395289
3396678
3399071
3399369
3399802
3401031
3401363
3402415
3402515
3402711
3402907
3403408
3404149
3407771
3411080
3413351
3414593
3414714
3414814
3415132
3415916
3416198
3417025
3420768
3421634
3422547
3425345
3425939
3427285
3428522
3428811
3429503
3430065
3430753
3430873
3430987
3432516
3432806
3432850
3433157
3433184
3433247
3433720
3434197
3434335
3434647
3435113
3435625
3436330
3437170
3437487
3437523
3438163
3438779
3439361
3439584
3440442
3440605
3441623
3442280
3442546
3442727
3443391
3443448
3443963
3444089
3444202
3445623
3445754
3446112
3446644
3447359
3447954
3448002
3448499
3448644
3448878
3448958
3449513
3450279
3450342
3450584
3450746
3450887
3451296
3452862
3453062
3453367
3454435
3454493
3454801
3455002
3455042
3455087
3455984
3456860
3457234
3457469
3457894
3458156
3459091
3459358
3460016
3460186
3460714
3460717
3460763
3461035
3461099
3462400
3462510
3462744
3462838
3463361
3463718
3464022
3464095
3464462
3465383
3465928
3466247
3466583
3466677
3467322
3468701
3468715
3469551
3471205
3471408
3471828
3472288
3473726
3474207
3474348
3474843
3474955
3475065
3475112
3475339
3475586
3475888
3475921
3476197
3476727
3477349
3477453
3477481
3477892
3478859
3478867
3479300
3479476
3480177
3480307
3480644
3481021
3482003
3482258
3482471
3482622
3482882
3482920
3483307
3483474
3483853
3484002
3484276
3484738
3485773
3486085
3486494
3486575
3487606
3488427
3488846
3489569
3490072
3490337
3490431
3490779
3492091
3492799
3493890
3494041
3494111
3495208
3495766
3498829
3499046
3499235
3499395
3499559
3499669
3499744
3499873
3499895
3500072
3500254
3501653
3501996
3502463
3502537
3503207
3503694
3504162
3504682
3505443
3505685
3506431
3507389
3508134
3509321
3510660
3511929
3512211
3512436
3512557
3512624
3514409
3515821
3518808
3518814
3518845
3522238
3523073
3523319
3523420
3523946
3526150
3526763
3527143
3527432
3528747
3528941
3528969
3530111
3531499
3532252
3533260
3533534
3533739
3534236
3534756
3534825
3535729
3535931
3536388
3537975
3538099
3539357
3539406
3539597
3541323
3542242
3542877
3544872
3545082
3545320
3545888
3546606
3548166
3548189
3549470
3549750
3549854
3550091
3551474
3551872
3552731
3553328
3553366
3556614
3556704
3558664
3560049
3560808
3560822
3561456
3561640
3563541
3564856
3565090
3566204
3566799
3567381
3569027
3569164
3569259
3569967
3570219
3570852
3570960
3571428
3572082
3572624
3573223
3573685
3573904
3574796
3575390
3575639
3575660
3576355
3576365
3577069
3577151
3577179
3578062
3578231
3578276
3578311
3578428
3580418
3580691
3580848
3580878
3581215
3581387
3581774
3582304
3582631
3583410
3583484
3583614
3584024
3584166
3584521
3584800
3584913
3585329
3585549
3585835
3585957
3586618
3586951
3586972
3587174
3587957
3587975
3588358
3589536
3589943
3589954
3590080
3590121
3590259
3590604
3590838
3590982
3591469
3591527
3591586
3591762
3592835
3593559
3593578
3593693
3593706
3593743
3594893
3595393
3595648
3595857
3596600
3597932
3598019
3598348
3598458
3598928
3599846
3600172
3601214
3601331
3601810
3602812
3603437
3603626
3603860
3604123
3604428
3605114
3606259
3606754
3607317
3607374
3607749
3608192
3608417
3609644
3609693
3610293
3610592
3613508
3613660
3613990
3614279
3614375
3614389
3614905
3615967
3617185
3617598
3617693
3618056
3618424
3618535
3619724
3619852
3620338
3620516
3620864
3621300
3621720
3621864
3624033
3624192
3624235
3624364
3625035
3625985
3626064
3626207
3626333
3627552
3627778
3628173
3628314
3628559
3629551
3629673
3629723
3629728
3629835
3630123
3630337
3631311
3631418
3631957
3631965
3632005
3632185
3632973
3634019
3634401
3635033
3635330
3635556
3636246
3636955
3637514
3637807
3639072
3639413
3640702
3641329
3643125
3643365
3645053
3646748
3647227
3647751
3648669
3649189
3649928
3650006
3650868
3651831
3654480
3655379
3655846
3657079
3657232
3657608
3659170
3659538
3659688
3661470
3661811
3661850
3661877
3662606
3662774
3665205
3665815
3666095
3666347
3667625
3668261
3669783
3670299
3673340
3674799
3675033
3675290
3676875
3677041
3678136
3678575
3680240
3681298
3683368
3683929
3686337
3690291
3690932
3691838
3694781
3694839
3695390
3695705
3695728
3695819
3697562
3698752
3699532
3702153
3703493
3704907
3713216
3714569
3714796
3717242
3717308
3718008
3718955
3719955
3720383
3721473
3723978
3724014
3724329
3724713
3725157
3725756
3728096
3728220
3729341
3729797
3729911
3732145
3733368
3733783
3735263
3735526
3742688
3743080
3743144
3743230
3746097
3749756
3751771
3756337
3756848
3758698
3762358
3762472
3763187
3763423
3763618
3769024
3769448
3769767
3769870
3770161
3770355
3770776
3771758
3772549
3774936
3777654
3778555
3779243
3781100
3783291
3785271
3785989
3786801
3787697
3788658
3789094
3789777
3792474
3793683
3794975
3796792
3797594
3798655
3798714
3800914
3801691
3802364
3803067
3804687
3805026
3805438
3805645
3805766
3805803
3806322
3806343
3807023
3808401
3808568
3808863
3809985
3810903
3811120
3812219
3814144
3814899
3817765
3819214
3821716
3822489
3823587
3825156
3826042
3826063
3827240
3829569
3830833
3832105
3832407
3832428
3832692
3833511
3834191
3837745
3840005
3842602
3843478
3844441
3846201
3846211
3848732
3848822
3852438
3853037
3854001
3854327
3854392
3855523
3856927
3857881
3858104
3858646
3859708
3859942
3861242
3861744
3862395
3864312
3864965
3865423
3865832
3866147
3869996
3870290
3870440
3871846
3873851
3875590
3876737
3878574
3878633
3880188
3881485
3882204
3884592
3885503
3887388
3889471
3889828
3890592
3890610
3890616
3890800
3890990
3891724
3893370
3893986
3894037
3894729
3895147
3896031
3896124
3896779
3901422
3903063
3903803
3904487
3904972
3906577
3906671
3907385
3907651
3908431
3909449
3909827
3909933
3910383
3910535
3911248
3911740
3912841
3913182
3913253
3913377
3913693
3914729
3915628
3917604
3918139
3918245
3919694
3919796
3919837
3919993
3921628
3921920
3922528
3923586
3924085
3924278
3925847
3926007
3926280
3927476
3928623
3930755
3931959
3932483
3933101
3933141
3933678
3933828
3933972
3934090
3934365
3934869
3936297
3936344
3936657
3936820
3937032
3937088
3937270
3937386
3938525
3939142
3939480
3940181
3940265
3940605
3940699
3941028
3941173
3941454
3941857
3942312
3942367
3942877
3943207
3943527
3943797
3943907
3944068
3944245
3944442
3944492
3944735
3944793
3944985
3945026
3945151
3945792
3946386
3947294
3947593
3947899
3947983
3948137
3948371
3949664
3949690
3949937
3950093
3950271
3950407
3950533
3950536
3950898
3950988
3952471
3952749
3953501
3954338
3955100
3955372
3955656
3955784
3956347
3957298
3957492
3957587
3958270
3958523
3958559
3958766
3959611
3960613
3961233
3961357
3961928
3961968
3962680
3962747
3963763
3964119
3964594
3964936
3965504
3965606
3965816
3965857
3965981
3966002
3966530
3967083
3968684
3970643
3972425
3973368
3974848
3975529
3976294
3976358
3976515
3977109
3977884
3978277
3978685
3980227
3980259
3980479
3980793
3981173
3981577
3981783
3983431
3986932
3987081
3987087
3987865
3988551
3988667
3989370
3989380
3989456
3990187
3990684
3990812
3991606
3991802
3992722
3992884
3994012
3994097
3995087
3995666
3996610
3996785
3997215
3999182
3999358
3999408
3999748
4000395
4001377
4001742
4001833
4001920
4001978
4002228
4002949
4003558
4003582
4003686
4003706
4004097
4004860
4005678
4006550
4008068
4008632
4009156
4010061
4010192
4010314
4011180
4011546
4011879
4012259
4012312
4012438
4013035
4013567
4014118
4014849
4014975
4015004
4015145
4015253
4015885
4016090
4016438
4016638
4017967
4018296
4019315
4019625
4019769
4019934
4020685
4020881
4021206
4021217
4021257
4021814
4021825
4022026
4022031
4022242
4022425
4022514
4022908
4023313
4023449
4023880
4023901
4024589
4025735
4026345
4026497
4027194
4028316
4028322
4028380
4028638
4028768
4028777
4029099
4029340
4029406
4029726
4029837
4029928
4030089
4030277
4030279
4031970
4032421
