221
1332
2676
3001
3178
3297
5619
6857
6990
7290
7446
7507
8935
9289
10018
10397
10469
10545
10793
11014
11186
11213
11237
11798
11901
12763
14150
14170
15840
16093
17150
17254
18136
18262
19148
19412
19654
21551
22245
23141
23282
23504
23524
24013
26298
26657
27487
30015
32600
34329
34735
34895
35423
36344
39290
40022
40320
40764
40881
42840
43920
44738
44843
46072
47518
47640
48774
48948
50058
50504
50798
52215
55590
55787
57913
58352
58860
60216
60776
61179
61924
62542
63223
63484
63896
65328
68152
68356
68538
70733
71725
73405
74666
75051
75494
77285
78035
80454
81611
82156
85779
86172
86925
86949
87007
87044
88331
88525
88595
88871
89243
89465
89537
89634
90123
93148
93307
94165
94779
97407
97688
97881
99834
101057
101919
102613
103788
104717
105319
105383
105402
105598
106498
107919
108304
109064
109443
111529
111799
112020
113087
113173
113764
113911
114411
114941
114961
116610
116926
117827
117927
118108
118867
118975
118987
119987
120383
120703
121575
123164
123167
125849
126158
126917
129520
129582
130798
131205
131410
136362
138556
141098
141127
142426
144587
147326
147789
148218
148912
150159
150188
150528
154151
154776
155843
157534
159054
159473
160424
160688
162915
162964
165226
165531
165604
167480
169014
170434
170677
171324
172739
177148
177211
183985
184196
185772
186034
186446
187279
187919
189865
190512
191840
192005
192991
193223
193883
194609
194999
195225
195276
196650
197316
197574
198992
199114
199250
199418
199899
200517
200965
202014
205060
205374
205519
206652
206681
207153
208605
210082
210472
212180
212607
213210
213989
214252
214488
215901
215991
216117
216513
216943
217361
217619
218596
218800
220236
220466
221071
221510
222203
223194
223558
224171
225043
227825
228908
229798
230803
231112
231808
231853
232586
233774
233996
234306
235174
237556
238021
238902
239911
240012
240175
240253
240871
241622
242484
243168
244190
245835
247969
248378
248500
248535
249117
249125
249392
249829
249987
250511
251120
253183
253751
254940
255011
255601
256454
258014
258544
258769
258821
259625
259735
259830
261016
262302
263024
264023
268366
269024
269721
269843
269884
272917
276738
283451
283538
284556
286234
286917
287249
289528
291257
294207
300901
302316
303689
305034
305231
306597
306676
308265
311052
314327
314526
316085
317706
321439
322065
323214
323483
324083
325925
326066
326429
326913
328563
329560
330198
332277
332594
332601
333528
333823
335780
336250
336496
336934
337666
338573
338742
339436
339836
341180
343066
343764
343786
343849
344595
345394
347486
348037
349771
350500
352729
352772
353947
354039
354892
355581
355821
358302
359348
360359
360367
361366
363987
364482
364837
367565
368641
368865
368956
369261
371468
373543
374852
374916
375916
377024
377343
377893
378083
378452
379051
379240
379623
379837
380259
381415
386329
386914
388480
388642
391549
392743
394955
397736
400794
403578
408352
409419
410208
410890
411304
411517
411689
411745
411957
415069
415367
415705
417592
419055
419559
420196
422047
424513
425219
425374
425919
428465
428608
435650
436035
437640
438945
439178
439885
441818
446657
446715
446972
447489
448986
449690
450497
452512
452686
452737
453754
453763
453886
455485
456421
456447
456458
457164
457313
457591
458068
458122
458146
461738
462758
463557
464612
465126
465695
465977
465985
466570
467206
467977
469021
469687
471559
473572
473594
473642
477183
478246
480000
480778
481576
482057
483655
485613
485973
487712
487749
487793
490125
491044
491939
492257
493422
494151
494921
495809
495971
496386
496639
498965
499015
499035
499139
499889
499962
500493
501024
501283
501573
502158
503317
503824
504109
504491
505551
506246
506414
506772
507632
509102
510055
510128
513107
514257
515891
517767
517923
519345
519641
520061
520783
520872
521025
522269
522359
523099
523360
523680
523730
524951
525206
525240
527113
527895
527990
528047
530471
530830
531098
532870
533179
534072
534693
535244
535664
536039
536090
536408
536861
537550
537766
538062
539085
540438
540663
540837
541424
541880
542751
542981
544137
544741
545725
548025
548431
548791
552096
552824
552846
552947
553655
553684
554529
554999
558128
560652
568483
568494
568858
568923
570440
573456
573979
574465
574911
574920
574965
575691
575991
578866
579367
580800
581908
582354
582823
584509
585191
585338
586908
586951
587650
590836
591817
592122
592622
592758
594134
594943
594969
595272
595286
595612
595909
596354
597279
597358
598355
598655
599037
601587
601874
602022
604153
604833
604868
606766
606776
606785
607471
607479
607902
608095
608690
609228
609557
610764
611078
611585
611995
612509
612834
613395
613790
614326
614332
614422
614430
614988
615013
615466
615520
616081
616783
618523
618884
618909
618952
619365
619903
620350
620441
620534
620535
621312
622227
622279
623251
623368
624081
624603
624638
625588
625792
626693
627388
627526
629180
629598
629717
630099
630470
630877
631443
632070
632122
632608
633434
633699
633733
634410
634884
635365
635687
636340
636569
637396
637517
637985
638090
638424
638633
639676
639851
640384
640667
640865
640873
641251
642472
643079
643788
643908
644563
644645
645458
645925
647065
647432
649426
650057
651520
652637
654470
655263
656186
656304
656918
657019
657353
657729
657896
659565
660974
661556
661561
663244
663412
664049
664472
664818
664926
666538
668922
668983
668986
670668
671014
672456
672468
673539
677008
677658
677663
677984
678049
678822
679958
681113
681757
683969
685542
685620
686269
687297
687633
687660
687905
688540
689433
689553
689636
690015
690713
691747
693528
693958
695322
696768
697299
697806
700739
703179
703350
705302
705303
705725
708472
709834
709900
710149
710820
711545
711602
714784
715900
715913
716638
716985
718551
718558
719015
719124
720898
721209
721261
722090
722471
722500
723440
723524
723658
723834
724810
724960
725155
728034
729958
730719
730848
731779
731999
732387
733037
733241
734703
735778
736260
737034
738514
741600
741648
741932
742667
742841
743093
743991
744670
745162
745168
746423
748439
748703
749036
749456
751204
751359
754646
754647
756571
756901
757927
758130
758429
758434
758571
758726
759301
759736
761288
763044
763161
764196
765037
765815
765865
765999
766976
768678
769176
769668
769827
771054
771479
772669
773390
774791
775339
777207
778103
778513
779758
780505
781021
781974
782346
783038
783390
783683
786922
790315
791840
793581
799166
801840
801918
802100
802597
802684
804251
807519
808182
808595
811244
811566
811612
813436
813960
815290
815293
816480
819071
819370
820136
820180
820198
821208
821737
822009
825533
827018
827156
827526
828620
829628
831478
831723
834308
835499
835851
838992
840029
842774
843208
845593
845598
846579
846670
848094
850110
850377
851181
852252
854435
854459
854479
855101
855149
855183
855299
855486
855506
856871
859323
860778
861141
861459
863539
864264
864379
866901
867374
868112
868208
869018
869931
871022
871561
872370
872876
873269
873740
875086
876475
876682
876914
876952
877417
877931
878194
878848
879433
880506
880676
881708
882368
882567
883227
885592
889125
889687
889817
890764
891703
892198
892319
893326
895064
896984
900455
901058
901323
901345
901929
902046
902697
905892
906309
906748
906951
907408
908428
908671
908781
908992
911628
913727
914613
915775
916439
917801
918264
918667
920467
920625
923850
924872
926880
928264
929353
929493
930317
930344
930719
931786
932478
933427
938276
938317
938587
940541
941232
941317
941699
943327
944848
945805
946271
947353
947777
948868
950144
951558
952489
952585
954508
955301
955497
955537
957344
957904
958230
958856
959230
961223
961576
962448
964356
964499
964958
966514
966877
967367
968306
968875
969536
969656
969778
969814
970048
972825
975458
976203
977355
977948
980359
981264
981316
981764
982611
982672
983782
983910
984758
985202
986829
988660
988875
990298
990629
993068
993585
993754
994350
994389
994472
994852
995467
995640
996419
998235
998453
1000225
1001488
1004776
1006954
1007136
1007441
1008363
1008409
1008657
1008748
1009315
1009758
1009922
1010316
1011160
1011558
1011946
1012367
1012683
1013032
1013112
1013411
1013655
1015477
1015858
1016760
1017588
1017892
1018847
1020708
1021727
1022002
1022258
1022349
1022804
1023302
1023483
1023556
1024974
1025064
1025106
1025626
1026808
1026821
1028931
1030480
1030795
1032408
1032574
1033747
1033866
1034088
1035528
1036128
1036916
1037071
1037400
1037724
1038251
1038457
1039016
1039228
1039624
1039837
1041063
1043186
1044151
1044252
1044558
1045301
1045762
1047511
1051200
1053608
1053934
1054655
1055696
1057815
1058942
1060874
1062234
1062625
1064490
1065202
1066456
1069662
1070476
1073238
1075571
1076730
1079580
1079677
1081185
1081590
1082067
1082226
1082520
1082838
1084335
1084554
1084868
1085144
1086278
1087245
1087842
1089404
1091095
1091513
1091744
1091950
1092263
1093713
1094345
1094728
1094787
1095406
1097076
1099263
1099824
1100505
1101032
1101949
1102930
1103453
1103460
1103492
1104087
1105152
1105338
1105658
1105939
1106180
1107465
1108370
1108750
1109997
1110184
1110895
1111157
1113209
1117535
1118326
1118574
1118671
1118901
1120341
1122237
1123121
1124093
1124445
1124892
1124960
1125766
1126951
1128109
1128714
1129470
1129691
1130940
1131340
1133600
1133725
1133995
1134706
1135978
1136852
1136908
1137604
1139130
1140372
1141608
1141670
1141762
1142488
1142573
1142678
1143189
1143426
1144190
1144495
1144602
1144884
1145114
1145731
1146284
1146762
1147415
1147691
1148093
1148865
1148934
1148990
1149286
1149370
1149977
1150312
1151329
1151346
1151384
1152774
1153468
1153858
1153981
1154287
1154874
1154973
1155201
1155301
1156340
1158055
1159029
1159192
1160322
1161046
1161545
1161628
1161788
1163364
1164111
1165036
1166149
1167166
1167403
1168715
1168769
1169326
1169442
1169658
1169680
1169917
1170595
1171050
1171415
1173344
1173473
1174705
1175246
1176910
1177782
1178117
1180056
1180684
1180795
1180818
1181115
1181220
1181477
1181631
1181806
1182785
1183715
1183883
1185092
1186266
1186492
1186547
1186996
1187017
1187296
1188346
1191567
1192025
1192693
1194156
1198135
1198182
1198503
1198560
1199996
1201444
1202356
1202422
1202456
1203353
1203626
1204271
1206006
1206190
1206425
1206534
1206667
1206825
1207047
1207681
1209211
1210045
1210878
1212814
1212831
1213025
1213942
1214288
1215217
1216141
1217512
1217987
1218336
1218790
1219125
1220037
1220169
1221622
1227444
1228763
1232543
1233013
1233802
1235865
1236673
1237196
1237631
1237804
1240402
1240593
1242076
1244838
1245013
1246188
1246701
1247369
1247897
1249025
1249605
1250082
1250652
1256115
1256505
1257444
1259688
1260829
1261563
1261651
1262316
1264794
1265378
1267195
1267668
1268143
1268257
1268365
1269950
1270698
1273103
1273600
1274897
1277311
1278731
1279088
1279359
1279632
1279963
1281340
1281676
1284900
1284904
1284965
1285552
1286674
1287272
1289127
1291272
1293042
1293314
1294142
1294243
1294709
1298397
1299881
1300616
1302425
1303490
1304169
1309476
1313937
1314042
1314443
1315448
1318580
1320453
1320564
1321498
1321783
1322458
1322573
1323755
1325015
1325173
1326077
1326150
1328007
1328780
1331429
1332650
1333374
1333578
1334325
1334643
1334900
1335027
1335916
1336230
1336663
1336908
1337283
1337474
1338000
1338553
1338818
1339148
1339696
1340095
1340402
1340575
1342123
1343362
1343482
1343983
1345226
1345371
1345931
1346014
1346684
1347487
1351444
1352341
1354420
1355909
1356018
1359439
1361043
1362794
1364353
1366359
1367244
1367556
1371872
1372134
1374763
1377048
1380188
1381449
1385416
1388983
1390338
1392691
1393190
1395729
1396069
1397099
1397162
1398065
1398905
1401069
1403848
1405071
1407955
1408141
1409415
1414009
1418275
1418312
1421546
1422123
1422164
1424566
1425878
1426538
1427150
1427321
1428572
1432083
1432566
1432844
1433791
1433963
1434926
1437705
1438708
1439069
1439673
1440068
1440895
1441448
1442078
1442117
1442365
1442933
1443147
1443676
1443929
1444386
1444641
1450966
1452795
1454752
1457211
1457533
1457865
1459727
1461599
1461852
1461872
1465124
1465790
1468175
1470371
1470732
1472100
1472746
1472798
1472912
1473554
1473710
1475248
1477736
1482827
1483125
1490119
1494571
1495225
1496933
1497025
1497031
1499741
1500292
1501623
1502829
1504295
1507047
1510017
1510108
1510741
1512492
1515189
1518840
1523897
1525022
1525932
1526401
1526572
1527504
1528513
1537073
1537315
1542965
1544807
1547605
1548334
1549562
1550279
1550919
1550934
1552537
1552598
1552918
1554955
1556180
1557206
1557796
1558893
1558919
1559672
1561623
1562242
1562412
1562529
1562839
1563031
1564667
1566942
1567345
1567789
1568492
1569596
1570225
1570245
1570474
1571860
1571931
1572915
1575269
1575708
1576302
1577950
1578168
1578673
1579193
1579293
1579492
1580932
1581113
1582743
1583744
1584059
1584119
1584713
1586247
1586283
1587153
1587810
1588706
1588874
1589060
1590013
1591247
1591371
1591734
1592744
1595460
1596263
1599885
1601323
1601609
1602011
1602426
1602892
1603641
1603850
1603940
1604357
1605090
1605146
1605222
1605513
1606931
1606999
1607670
1609314
1609625
1609821
1610499
1611209
1611245
1611666
1612265
1612458
1612506
1613944
1614667
1614978
1615461
1615464
1616199
1616262
1616472
1616862
1616882
1617253
1617818
1617908
1617950
1618042
1618155
1618997
1619332
1619901
1619978
1620151
1620191
1620408
1621840
1622401
1623225
1623482
1623689
1623867
1623931
1624277
1624476
1624932
1625038
1626218
1627387
1629751
1631030
1632354
1632590
1632732
1633762
1635410
1635565
1635718
1636143
1636501
1636559
1636692
1637350
1637385
1638353
1638823
1639550
1639922
1640380
1642242
1642585
1642815
1643078
1643787
1643920
1644328
1645174
1645198
1646029
1646396
1646916
1647044
1647173
1648159
1648240
1648732
1648881
1649224
1649354
1649587
1649613
1649986
1650271
1651075
1651190
1651300
1651645
1651723
1651829
1651977
1652185
1652952
1653221
1653598
1654005
1654253
1654707
1654925
1654963
1655033
1655350
1655582
1656300
1656495
1657151
1657383
1657637
1658117
1658988
1659191
1659382
1659472
1660595
1660868
1661103
1661232
1661387
1663003
1664811
1665017
1665035
1665216
1665707
1670293
1670536
1671032
1672654
1672663
1672692
1673030
1673219
1674751
1675399
1675620
1676318
1676627
1677569
1677921
1678160
1678880
1679857
1679952
1680155
1682212
1682472
1682962
1684522
1685259
1685307
1686295
1687282
1687683
1688459
1688733
1689141
1690485
1692009
1692542
1692721
1693178
1693455
1696536
1696586
1697558
1700337
1701456
1701560
1702057
1702280
1702497
1703075
1707307
1709289
1713874
1714504
1716502
1717096
1718816
1721946
1722524
1727052
1727685
1727693
1730360
1731431
1734631
1735570
1741857
1742453
1742547
1742639
1747260
1748573
1749434
1749724
1750548
1751336
1751356
1752348
1752396
1752873
1755220
1755938
1756072
1758530
1758738
1759246
1760412
1765325
1766281
1767898
1770271
1770351
1770609
1772483
1772601
1775723
1777033
1777728
1778173
1778750
1782695
1785583
1789067
1789126
1790460
1791233
1791852
1792319
1792485
1793858
1799570
1799956
1800984
1803834
1805410
1805595
1806074
1806402
1806674
1807458
1807574
1809510
1811966
1812208
1812945
1813872
1813966
1815294
1816845
1817965
1818446
1820295
1820494
1820648
1820741
1821379
1823715
1824893
1831145
1831576
1833674
1833867
1834161
1835673
1835772
1839087
1840384
1842666
1842829
1843518
1843785
1844318
1844347
1844735
1846808
1848128
1849265
1851511
1851876
1851914
1853777
1854697
1856910
1858370
1858990
1859086
1859768
1861394
1865443
1870375
1872627
1873628
1874940
1875203
1875456
1875479
1875637
1876995
1878092
1878482
1884181
1885856
1886549
1888754
1890517
1890673
1891914
1892059
1894896
1900449
1901522
1902567
1903477
1904844
1907071
1908043
1911130
1911358
1912566
1915402
1915508
1918624
1919618
1920616
1920684
1926845
1927127
1927553
1929394
1929785
1931013
1932218
1933584
1933972
1942876
1943535
1947287
1950087
1951300
1953195
1960237
1962646
1963245
1963662
1965266
1965928
1966677
1967260
1968588
1969932
1970168
1972051
1972115
1972296
1972463
1973107
1973546
1974246
1974353
1974619
1975425
1975885
1976213
1976792
1977168
1977830
1979272
1980084
1980967
1981077
1982843
1983653
1983883
1985953
1987450
1987659
1988508
1991154
1991158
1992316
1993623
1994715
1995288
1997761
2008250
2009995
2016168
2017738
2018248
2020593
2020864
2024054
2027276
2036779
2037439
2037645
2038850
2041323
2043925
2048314
2052005
2052355
2057208
2064710
2068648
2068989
2070500
2071584
2075188
2076526
2078475
2080452
2080980
2084027
2085018
2085514
2089393
2090154
2091687
2091799
2098236
2101028
2105602
2106180
2106739
2106939
2107037
2109362
2112054
2113202
2113754
2114231
2116989
2117411
2117648
2119079
2120358
2120395
2120572
2120630
2121222
2123680
2128048
2131130
2131339
2131603
2131825
2132072
2135637
2141187
2142502
2142867
2143322
2144944
2146149
2147259
2148613
2150385
2150997
2151774
2152753
2154201
2155313
2157934
2158749
2159980
2160327
2160384
2162305
2162918
2163380
2164370
2164995
2165025
2168358
2168372
2171580
2173452
2174689
2175063
2176772
2183891
2186356
2186370
2186599
2187976
2190759
2191287
2192498
2194662
2195193
2195399
2196098
2198338
2199045
2200122
2200990
2201012
2201108
2202004
2202826
2205024
2209224
2210900
2210909
2211032
2211263
2212438
2212639
2212648
2214457
2214922
2215912
2218202
2218385
2218600
2219296
2220072
2221417
2221423
2221773
2222585
2223265
2223484
2223603
2224163
2226287
2227114
2227581
2228565
2231437
2231660
2232539
2233489
2235901
2240785
2244009
2244882
2245454
2245726
2246660
2247988
2248330
2250910
2253559
2253776
2256142
2257134
2258389
2262336
2262614
2265901
2270857
2271397
2271559
2271812
2272468
2274187
2276114
2280616
2281230
2282833
2283160
2284031
2284728
2285035
2285569
2286089
2286147
2287468
2287476
2287570
2289745
2292183
2292240
2294250
2295217
2295641
2296018
2296086
2300816
2306882
2306977
2309620
2310397
2311232
2312186
2313881
2319333
2320305
2321650
2324049
2327583
2327622
2330067
2330099
2330778
2331626
2333112
2335488
2337866
2337946
2343546
2344562
2344939
2345018
2346509
2346602
2346873
2347167
2348215
2351101
2352670
2352989
2353392
2354262
2356813
2359784
2360750
2361695
2363104
2363191
2363789
2363984
2364502
2365798
2366598
2368137
2368282
2368498
2368656
2369828
2371083
2371490
2371692
2371744
2372016
2372168
2372269
2372736
2373050
2373123
2373217
2373345
2373478
2374017
2374882
2374925
2375236
2376042
2376618
2376799
2376987
2377423
2377459
2377722
2378950
2380088
2380634
2380679
2381204
2381548
2381723
2381864
2382521
2382555
2383007
2383130
2383475
2383603
2384989
2385445
2385521
2385657
2386449
2387030
2387993
2388354
2389412
2391917
2392729
2392736
2393240
2393569
2394534
2394737
2395089
2395423
2396273
2397135
2397398
2397773
2398092
2398431
2398828
2398984
2399929
2400972
2402249
2402326
2402837
2403655
2404542
2405661
2406717
2406800
2406906
2407900
2408645
2408991
2409815
2412473
2412591
2414438
2414842
2415876
2417369
2417722
2418143
2418164
2418182
2418292
2418820
2419507
2419882
2420151
2421011
2421278
2421308
2422991
2423139
2424350
2424523
2426222
2429894
2430333
2435814
2435824
2436798
2437546
2437760
2437776
2442576
2446262
2448636
2448970
2449975
2450355
2450667
2451293
2452250
2453723
2454185
2454955
2456551
2456776
2458154
2458637
2458759
2460291
2460294
2460356
2466911
2467479
2468258
2468297
2468303
2469175
2470101
2470781
2471463
2472549
2473795
2474579
2475225
2476516
2478580
2479434
2481245
2482233
2483431
2484035
2488513
2489505
2490294
2490420
2491299
2491688
2493475
2494427
2495490
2495921
2500704
2501989
2502898
2503304
2504204
2505727
2508998
2509604
2510055
2511515
2517252
2518530
2518882
2519509
2520001
2522100
2523045
2523425
2524369
2524774
2525099
2525244
2526482
2529073
2529496
2529735
2530519
2530863
2535755
2536004
2536301
2536617
2536791
2537206
2537537
2538550
2538695
2539492
2539831
2541016
2541189
2543152
2543478
2545165
2547318
2550408
2550725
2550998
2551050
2551514
2551957
2551986
2552836
2553894
2554182
2555199
2556166
2557132
2557455
2557885
2558034
2558267
2559558
2559741
2565772
2567688
2568338
2571638
2571926
2572161
2572274
2573202
2577608
2577978
2578360
2582980
2583029
2583078
2588273
2588824
2590831
2590972
2592036
2592509
2595323
2598042
2598252
2598738
2601016
2601568
2604975
2606382
2606983
2609292
2610058
2610461
2611538
2614081
2617128
2617576
2618296
2620687
2620927
2621755
2622720
2627871
2631260
2632727
2632932
2633236
2635070
2635684
2636883
2639518
2639911
2640602
2643385
2643866
2644450
2644969
2645113
2646926
2648375
2648820
2648946
2649742
2650228
2652154
2653809
2653847
2653923
2654571
2655726
2655833
2657079
2657156
2659367
2659479
2659896
2665715
2666902
2669674
2671946
2672170
2673063
2673786
2674326
2674480
2674639
2675635
2676725
2677818
2680360
2680685
2682723
2684297
2684425
2684535
2685451
2685790
2687616
2688585
2688652
2688977
2689387
2693604
2693610
2694296
2695242
2695508
2696355
2696602
2697335
2697379
2698639
2699222
2700429
2700733
2700903
2700977
2704827
2705861
2706735
2708567
2715388
2715571
2716744
2720604
2721915
2722876
2723210
2724076
2725488
2725761
2730870
2732869
2733614
2734098
2737572
2737610
2738181
2738305
2740963
2741721
2741776
2744139
2744258
2745276
2745560
2747806
2747899
2749070
2749466
2753553
2759255
2759305
2761703
2762045
2764488
2764769
2765295
2765638
2765862
2766086
2767622
2767678
2767874
2769358
2769655
2770606
2771619
2772423
2773295
2775765
2776638
2777047
2778066
2778725
2780448
2780578
2782820
2783196
2785278
2786344
2786567
2787962
2789345
2789827
2790252
2794730
2795939
2796274
2797011
2800820
2801151
2802792
2804074
2808958
2808977
2810185
2811149
2811258
2811966
2812190
2813486
2814885
2817633
2818121
2819460
2819617
2819685
2821452
2822468
2825217
2825276
2825303
2826256
2826382
2826459
2826976
2827422
2828250
2828738
2828893
2831046
2831147
2831797
2832002
2832043
2832870
2833451
2834355
2837264
2837284
2839015
2839195
2839425
2839774
2840399
2841363
2841406
2841899
2842154
2842231
2842337
2844490
2845729
2848344
2853641
2853756
2855012
2855956
2857556
2857632
2858100
2861512
2865322
2867907
2869689
2871584
2873565
2874382
2874802
2875378
2876542
2878074
2879008
2879015
2879501
2879644
2880093
2880598
2882046
2883878
2884183
2884571
2888252
2891642
2895218
2895292
2895628
2897187
2898987
2899663
2899922
2901542
2901939
2902540
2902687
2903462
2903587
2903640
2903920
2905020
2908478
2908570
2908979
2909271
2910453
2911116
2911232
2912066
2912892
2912946
2913630
2913868
2914201
2914705
2917887
2918677
2919269
2919389
2919813
2919887
2920137
2920454
2923123
2923206
2923396
2924544
2924613
2924728
2924944
2925327
2926451
2926737
2926812
2926850
2928068
2928594
2928888
2931612
2932163
2932343
2933269
2933796
2934836
2935126
2935594
2937243
2937465
2937783
2938364
2938424
2938562
2939124
2939636
2940066
2940558
2941504
2941654
2942963
2943962
2944961
2945852
2946334
2947024
2947699
2948336
2948464
2949872
2950108
2950547
2951340
2952010
2952638
2953015
2953437
2954660
2955262
2955596
2956402
2957818
2957875
2958257
2959170
2959606
2960227
2960749
2962379
2963035
2969074
2973238
2973490
2975921
2977956
2979180
2979961
2985208
2986335
2988658
2989522
2989674
2992248
2992856
2993742
2993840
2998012
2998717
3001813
3002076
3003001
3003983
3004694
3005157
3009870
3010875
3015755
3016161
3016182
3016956
3018654
3019054
3019672
3020010
3020638
3021597
3023465
3024106
3024927
3024934
3024970
3025060
3025150
3025648
3026196
3026489
3027259
3028669
3029398
3029804
3030087
3030248
3033364
3035343
3035531
3035853
3035876
3036592
3037826
3038261
3039031
3042436
3044320
3044386
3045478
3045708
3045868
3046226
3046774
3046866
3047066
3047116
3048479
3048637
3049529
3050346
3050957
3051398
3051561
3051562
3052211
3052901
3052902
3052941
3053764
3053888
3054597
3054974
3055212
3057764
3057880
3058055
3058607
3060162
3060903
3061617
3062408
3062536
3062622
3063065
3063640
3064510
3064947
3065744
3066481
3068190
3069449
3070088
3070526
3070680
3070759
3070996
3073150
3073439
3073963
3075390
3076917
3078782
3079459
3080112
3081090
3081296
3081455
3082207
3083598
3083684
3085060
3085515
3085690
3086007
3087981
3088172
3088291
3089340
3090996
3094741
3095752
3096079
3096720
3097255
3100094
3101078
3102521
3103119
3105128
3106387
3106444
3108672
3111497
3112965
3113088
3114164
3120443
3122308
3123036
3124060
3130826
3132685
3134656
3134817
3135556
3135868
3136157
3141075
3142192
3143447
3147122
3147458
3147739
3148761
3150928
3151779
3151926
3151960
3152502
3155129
3156849
3159433
3162146
3163259
3165502
3165646
3165814
3165991
3170744
3171631
3171993
3172804
3173644
3174109
3175674
3176770
3177619
3178758
3178808
3178954
3179762
3179854
3180111
3181404
3181477
3183884
3185147
3185859
3187963
3188179
3188899
3189629
3190802
3191078
3191191
3191301
3191553
3192717
3193158
3193947
3193987
3194406
3194651
3196025
3196584
3197148
3197268
3197636
3198213
3198886
3198907
3199394
3200398
3200546
3200773
3201830
3201966
3202518
3203092
3204555
3204939
3205070
3206216
3206241
3206384
3207279
3207603
3207849
3208523
3208991
3209491
3210459
3210522
3210751
3210759
3210799
3211634
3212174
3212543
3212974
3213865
3214156
3214203
3214408
3215625
3217396
3217688
3217941
3218243
3219134
3220077
3220908
3221217
3221849
3221999
3223779
3224473
3227008
3228432
3228786
3229278
3230187
3230953
3231189
3232216
3238590
3238596
3240020
3242091
3242528
3243007
3243795
3244405
3244446
3244572
3245010
3245302
3245604
3246253
3248203
3248633
3248675
3249110
3249544
3251263
3251758
3255048
3255124
3255576
3256351
3257014
3257295
3258397
3258627
3258690
3259026
3262359
3262364
3262632
3263285
3263352
3264885
3265178
3265856
3265921
3266081
3266344
3267007
3267096
3267413
3267808
3267877
3267918
3268206
3268242
3269612
3270828
3272842
3272900
3273168
3274461
3275074
3275708
3275770
3276123
3277086
3278024
3278446
3279055
3279181
3279688
3280031
3282606
3283369
3283639
3284754
3286513
3286703
3287173
3287217
3287800
3288994
3289353
3289679
3289747
3291196
3291535
3292232
3294310
3294683
3295832
3296453
3297959
3303608
3307957
3307976
3308003
3308645
3309283
3309707
3310485
3311326
3312795
3313935
3314926
3315023
3316545
3317714
3318666
3318768
3319029
3320497
3323921
3325406
3325468
3325865
3326233
3326278
3326312
3326352
3326540
3327222
3328220
3328368
3329013
3331484
3331755
3332713
3333442
3333975
3334499
3335764
3336164
3337509
3338562
3340782
3341104
3341795
3344603
3346056
3346339
3346605
3346607
3346670
3347750
3348674
3348886
3349781
3350158
3350568
3350902
3352354
3356140
3357667
3358124
3358130
3361244
3361619
3364976
3366091
3366108
3366799
3366851
3366944
3367353
3367705
3368206
3368729
3368761
3370413
3371824
3373935
3375639
3375867
3377172
3377774
3378582
3379750
3380695
3381730
3382930
3383967
3384027
3385323
3390222
3391791
3392975
3393780
3394084
3395831
3396173
3398649
3398651
3403601
3404758
3405645
3406351
3406449
3407287
3408591
3410400
3410809
3412208
3413067
3415277
3415817
3416481
3417849
3420027
3420891
3422703
3423999
3425359
3425408
3427498
3429004
3429850
3430595
3432292
3432843
3432959
3433060
3434814
3434886
3436083
3436284
3436968
3437614
3438112
3438545
3438750
3439602
3441348
3442071
3442320
3443002
3443638
3444541
3445832
3446980
3449169
3450013
3456090
3457415
3457608
3458628
3459146
3459263
3460327
3461928
3461946
3462433
3462520
3462701
3462844
3463348
3464380
3465300
3465484
3466658
3469968
3470012
3470128
3471709
3473814
3477526
3477661
3478402
3479070
3481133
3482733
3483664
3484222
3485096
3487326
3488934
3490373
3491216
3492268
3492347
3492772
3493695
3495718
3496509
3496702
3497311
3498047
3499920
3500645
3502132
3502349
3502991
3503109
3503282
3503338
3506585
3506703
3506709
3506844
3507134
3509668
3510758
3512297
3513086
3513580
3513850
3514048
3514105
3514459
3515761
3516864
3524417
3525859
3528566
3529500
3530060
3530473
3531780
3533126
3533131
3534933
3535101
3535514
3536354
3536468
3537015
3539184
3541063
3541405
3542404
3545883
3546000
3546187
3548643
3549177
3550391
3551110
3551689
3552022
3552794
3554752
3555415
3560327
3560921
3561125
3561434
3562435
3563204
3564616
3564956
3566995
3568463
3568559
3569034
3569610
3570593
3571315
3571540
3573051
3574610
3575141
3577279
3577722
3580168
3582942
3583364
3584873
3588082
3588577
3589625
3590122
3590539
3590888
3592026
3592376
3592847
3593188
3594912
3597315
3597964
3598651
3602429
3602896
3604361
3604585
3606142
3606831
3609684
3609914
3610784
3614810
3619762
3621573
3621901
3621956
3622701
3626365
3626917
3626972
3627020
3627119
3627953
3628015
3628030
3628225
3629499
3629881
3630019
3630200
3630558
3630752
3630943
3631437
3631680
3632146
3632328
3632762
3634320
3634410
3634804
3635589
3635730
3635839
3636950
3637286
3637455
3637750
3638001
3638117
3638565
3638583
3639343
3639840
3639858
3639899
3639965
3640136
3640348
3640437
3640765
3641015
3641264
3641293
3641309
3641362
3641644
3641821
3642272
3642276
3642383
3642645
3642755
3643769
3643895
3643934
3644476
3644768
3645254
3645278
3645374
3645423
3645511
3645625
3645662
3645698
3645741
3645807
3646031
3646051
3646165
3646334
3646710
3646962
3647175
3647387
3648114
3648259
3649370
3649457
3649528
3649535
3649616
3649957
3650087
3650540
3650812
3651107
3651321
3651756
3652425
3652525
3653316
3653600
3653668
3653903
3653991
3654038
3654103
3654109
3654119
3654179
3654469
3654550
3654972
3654992
3655212
3655399
3655711
3655784
3656600
3656807
3656917
3657265
3657773
3657873
3658099
3658218
3658363
3658544
3658745
3658862
3659076
3659641
3659758
3659839
3659963
3659969
3660198
3660249
3660954
3661064
3661078
3661201
3661437
3661481
3661619
3661625
3661903
3662211
3662314
3662458
3662546
3662652
3662671
3662696
3662956
3663220
3663244
3663321
3663627
3663917
3663991
3664137
3664159
3664252
3664406
3664507
3664648
3664685
3665039
3665047
3665092
3665342
3665435
3665455
3665569
3665585
3665827
3665946
3666095
3666686
3666989
3667182
3667267
3667632
3667835
3667839
3667989
3668094
3668337
3668581
3669002
3669064
3669151
3669207
3669573
3669719
3670094
3670268
3670294
3670597
3670746
3670893
3670970
3671557
3671689
3673084
3673671
3673806
3674308
3674366
3674485
3674946
3675824
3675904
3676455
3676574
3676590
3677317
3677506
3677566
3677788
3677836
3678190
3679218
3679231
3679265
3679510
3680071
3680334
3680497
3680558
3680744
3680766
3681176
3681265
3681415
3681651
3682413
3682524
3682628
3683094
3683675
3683792
3684138
3684168
3684346
3684379
3685106
3685208
3685215
3685312
3685371
3685580
3685635
3685909
3686005
3686099
3686261
3686393
3686396
3686581
3686604
3686764
3686902
3687332
3687587
3688237
3688930
3689097
3689114
3689472
3689506
3689634
3689712
3689811
3689847
3690335
3690417
3690484
3690843
3690970
3691080
3691293
3691328
3692307
3692507
3692635
3692709
3692777
3692884
3692886
3693111
3693137
3693291
3693433
3693654
3693761
3693776
3693892
3694016
3694311
3694357
3695007
3695040
3695374
3695721
3696250
3696794
3696818
3697278
3697318
3697368
3697386
3697393
3697826
3697878
3698104
3698166
3698193
3698622
3698777
3698967
3699120
3699199
3699353
3699686
3699802
3699887
3699977
3700240
3701047
3701065
3701080
3701148
3701648
3701773
3701928
3702015
3702063
3702167
3702412
3702646
3702685
3702942
3703221
3703595
3703780
3703825
3703851
3703974
3704152
3704922
3704992
3705212
3705393
3705834
3705898
3706187
3706361
3706392
3706527
3706905
3706964
3707124
3707186
3707510
3707563
3707717
3708620
3708638
3708671
3708813
3709508
3709638
3709705
3709852
3709878
3710261
3710402
3710609
3710654
3710714
3710753
3710886
3711092
3711213
3711295
3711430
3711503
3711568
3711690
3711946
3712359
3712382
3712906
3713000
3713010
3713227
3713253
3714018
3714058
3714082
3714487
3714570
3714636
3714655
3714699
3714849
3715527
3715774
3716095
3716147
3716303
3716724
3716887
3716899
3717264
3717586
3718911
3718950
3719119
3719388
3719604
3719750
3719992
3720019
3720650
3720929
3721266
3721776
3722070
3722072
3722459
3722710
3722801
3722961
3723271
3724026
3724502
3724815
3725445
3725589
3725779
3725952
3727138
3727587
3727829
3728074
3728694
3728926
3729064
3729137
3729167
3729567
3729796
3729889
3729976
3730137
3730651
3731278
3731485
3732130
3732522
3732612
3732614
3733237
3733367
3733581
3733628
3734494
3734523
3734714
3735028
3735120
3735211
3735343
3735712
3735835
3736442
3736542
3736913
3737048
3737343
3737458
3737533
3737562
3737643
3738244
3738365
3738558
3738752
3739098
3739514
3740130
3740262
3740347
3740509
3740676
3740970
3741908
3741952
3742492
3742699
3742766
3743042
3743808
3743822
3743893
3744038
3744231
3744359
3744383
3744603
3744826
3745020
3745479
3745900
3746114
3746253
3746310
3746369
3747122
3747518
3747799
3748068
3748138
3748608
3748772
3748935
3749015
3749019
3749119
3749865
3750009
3750151
3750697
3750903
3751053
3751075
3752595
3752788
3752864
3752877
3753522
3754424
3754861
3756006
3756294
3756634
3756716
3756933
3757032
3757726
3758238
3758488
3758592
3758930
3758982
3759067
3759162
3759631
3759662
3759690
3759814
3760119
3760469
3760589
3760759
3761234
3761313
3761609
3761782
3761971
3762460
3762540
3762652
3762708
3762903
3763128
3763190
3763495
3764814
3764847
3765001
3765119
3765304
3765437
3765603
3766362
3766561
3767432
3767626
3768042
3768742
3768779
3768960
3768997
3769145
3769358
3769460
3769506
3770117
3770533
3771230
3771499
3771969
3772622
3772764
3772815
3773091
3773169
3773333
3773510
3775316
3775391
3775419
3776146
3776867
3777323
3777615
3779066
3779385
3779671
3779688
3780138
3780369
3780456
3780822
3781489
3781703
3781973
3782014
3782677
3782730
3783143
3783165
3783189
3783483
3783967
3784054
3784280
3784397
3784851
3786320
3786773
3787256
3787597
3788838
3789825
3792442
3792509
3793158
3794013
3794192
3794447
3794981
3795212
3795588
3795848
3796174
3797464
3797819
3798663
3798796
3799214
3799721
3800034
3802301
3802469
3802529
3802665
3803388
3803427
3803576
3803922
3804596
3804863
3805992
3807783
3808546
3808778
3808998
3809547
3810073
3811248
3813243
3813679
3813843
3814034
3814046
3815449
3816661
3816691
3817897
3817925
3818474
3818521
3820388
3820607
3820658
3821351
3821437
3823580
3824570
3827084
3827508
3827928
3829461
3829804
3830170
3830529
3830712
3830879
3833541
3835030
3836756
3837029
3837257
3837356
3838727
3839982
3840728
3841002
3841170
3841382
3843461
3843490
3844189
3846736
3848511
3848598
3852080
3852617
3855857
3859024
3861624
3863925
3864857
3864966
3866042
3867296
3868790
3869123
3870293
3873769
3874860
3875558
3877286
3877789
3878979
3880014
3880686
3883263
3883567
3883738
3884211
3885447
3885570
3885673
3885691
3885965
3886150
3886182
3886502
3886764
3887318
3887588
3887984
3888388
3888544
3888650
3889866
3890124
3890937
3891032
3891202
3891752
3892912
3893154
3893240
3893693
3894088
3894834
3895583
3896651
3896989
3897817
3897995
3898054
3899162
3899806
3900031
3900200
3900697
3901904
3901973
3902270
3902405
3903956
3904318
3904908
3906587
3906747
3906777
3907880
3909191
3909720
3910428
3910439
3910791
3911761
3912283
3913875
3915494
3915510
3919990
3920052
3920991
3921076
3921939
3922017
3925788
3926286
3927628
3927791
3928107
3928278
3929122
3929383
3929772
3933756
3935062
3935420
3935505
3935969
3936203
3938620
3939059
3941226
3943668
3946660
3947350
3950412
3952007
3953420
3953647
3958171
3959243
3959668
3961100
3961396
3963626
3965744
3971893
3972279
3974289
3974529
3974876
3975974
3978143
3978787
3980196
3985133
3985994
3989187
3989934
3990066
3991161
3991171
3993790
3994317
3994931
3997714
3998477
3998670
3998968
4002547
4002883
4003016
4007549
4008724
4009798
4011033
4011685
4013085
4017116
4019443
4020484
4021938
4023139
4024077
4024078
4024982
4026583
4027433
4027745
4029337
4029670
4030666
4031842
4032148
4033196
4033998
4034151
4034253
4034858
4034881
4039538
4040975
4043612
4043786
4044218
4044878
4045430
4048344
4049310
4049376
4050879
4056267
4057444
4057682
4059927
4062250
4062391
4063056
4063653
4065345
4065401
4065855
4067056
4067558
4072741
4073392
4074981
4080602
4083294
4086272
4087594
4087888
4089018
4089062
4089877
4090332
4090372
4091669
4092346
4092367
4093426
4094044
4094137
4094955
4095041
4095130
4095572
4095718
4096885
4097074
4097560
4098720
4099357
4100453
4101512
4104198
4104403
4104561
4105289
4105628
4105695
4107688
4107879
4113599
4114991
4115280
4115401
4117515
4118688
4119165
4120285
4121434
4121935
4121975
4125856
4126423
4127540
4127801
4129158
4129758
4130407
4130832
4130840
4131210
4131890
4132432
4132435
4134625
4134842
4135121
4136333
4136599
4137032
4137102
4137240
4137355
4138514
4138718
4139114
4139162
4139453
4139739
4139820
4140073
4140131
4141668
4141960
4143216
4143786
4143944
4144640
4144749
4145311
4145846
4146628
4147767
4149093
4149439
4150542
4150915
4151005
4153511
4156652
4157438
4158501
4158968
4160348
4161113
4161410
4163205
4167662
4169254
4169917
4170283
4171228
4171569
4171685
4176634
4181167
4181705
4183005
4183160
4185190
4186862
4187042
4187305
4188150
4189187
4189387
4190857
4191295
4191562
4191653
4192413
4193345
4195496
4195605
4195836
4196014
4197936
4198078
4198390
4198543
4198712
4198758
4200759
4200966
4202018
4203269
4207410
4207451
4208157
4208500
4209326
4210392
4211537
4211830
4212393
4212868
4213022
4216826
4217978
4219531
4221841
4222259
4222461
4222802
4224898
4226054
4226406
4226443
4226445
4226661
4228752
4230048
4230580
4232499
4235613
4235844
4238097
4238184
4239608
4241184
4242114
4242123
4243140
4245323
4246737
4247442
