609
1557
2481
3593
4569
5888
7251
9774
10273
10284
10753
10781
10828
11596
11623
12612
13204
15523
17354
17901
18873
19451
20074
20296
20450
22726
30107
30895
31800
34133
35398
37103
38810
40467
40648
45946
46357
49371
52433
54087
55449
58734
61590
61616
64863
65221
69447
69452
71009
73597
73974
82333
85433
85669
86656
86825
88035
89052
95965
96731
99520
100453
103458
105725
105735
106185
107149
107745
109709
109887
110314
110722
112717
112750
113434
113652
120236
121954
122217
123064
125208
127344
127429
128151
131297
131510
131782
133292
133420
135201
137357
137698
138996
141851
142206
142470
144143
144606
146478
146920
149734
150545
151243
151261
152548
155166
157057
157101
159745
161386
164580
173738
176987
177122
178918
180072
180263
180426
182308
184824
187344
191149
192569
193422
196736
202191
202544
202568
202898
209963
210186
210219
210883
212531
214004
216484
217516
218467
223382
223696
226009
229040
229421
230180
231431
231879
235633
236639
238744
239455
240069
240494
241459
241485
242307
244053
245599
246055
246552
246993
247531
247720
248835
252128
252559
253200
254644
254784
256387
261971
264991
266148
266261
266622
272676
273015
275032
275822
276436
277275
277649
280180
281670
281710
283789
284810
285716
287571
287709
293984
295702
296994
299847
301760
303177
304401
305165
307747
308709
311897
311943
312581
314927
316411
318011
318663
320535
321896
322326
322565
323526
325551
326219
326396
326680
328390
329335
330266
333143
334683
334761
335726
337239
338354
338822
341739
342318
343592
344916
345158
345223
346021
347632
348407
353673
354553
354956
359312
360218
361136
367718
370331
371281
372122
374034
375646
375858
376902
376924
377230
379529
380603
383312
383781
386520
390025
390303
393970
396464
399256
402836
403200
403403
403834
404479
408233
408582
409025
409331
409756
409980
411136
412702
420183
424070
426445
427799
433942
434394
434599
435010
435286
436329
437559
439586
441669
443250
443720
446119
446899
446944
448645
449206
451754
455227
456610
456988
457142
457220
458894
464490
465495
469227
472994
475330
477734
477747
478852
479689
480371
483102
484604
484715
485684
486236
486324
487986
489169
490500
491842
491923
491929
492094
492571
492864
493458
493480
493671
493720
494237
494554
494616
494651
495685
495893
496204
496334
499557
501132
501473
502709
503181
503319
503410
505057
505072
506097
508276
508332
509914
510356
510863
511128
512189
512763
513871
513874
514422
514616
514872
515815
516917
517598
518129
518661
520795
522294
522489
522820
522988
523143
523360
523452
523631
524122
524468
524831
525675
526545
526620
526706
527280
527661
529684
529758
529796
530517
530961
530986
531129
531252
531743
531813
534343
534707
535141
535696
536451
537570
538414
538921
539757
540187
540916
541440
541873
543730
547997
549246
552855
553837
554536
554620
555784
557992
559691
559803
561056
561948
564645
564779
565018
565951
565955
566816
568235
569350
570346
573242
573580
573951
574428
575416
576146
577725
578151
578350
579001
579562
582272
583546
586538
588563
589800
591522
591722
592571
595854
596026
596029
598575
599622
599704
601255
602136
603035
604494
605291
608979
609378
609706
610618
612640
614027
614094
616499
621946
622175
624051
624731
626067
629727
631887
636023
636359
636537
638577
638849
639729
639739
642377
644598
647004
647290
648716
648929
651173
651873
653494
654255
656645
656927
657517
658207
658785
660183
661010
661082
662628
664665
667309
671539
671866
675037
675842
678050
678444
679309
681045
683864
684269
685764
688153
689114
689891
694848
696781
697568
701043
703583
704746
706262
706651
706969
708452
713302
715023
716249
717373
720367
720817
721583
724271
727166
727978
731720
733471
733998
737254
737302
737479
739555
744083
745337
745855
747606
749055
751652
753206
753266
756265
757595
758302
758486
762430
763280
763939
766301
768664
770982
772625
775521
776757
778660
779092
780868
783415
785482
786661
788088
789979
790748
793911
795826
796305
798585
802891
805400
805825
805829
813360
817479
819116
820877
823307
827895
831100
832520
834472
834575
834654
836732
838876
839938
841274
842014
842507
848261
848953
849151
851420
852136
853092
854344
854483
856920
857477
858622
860199
865015
867414
869078
870543
870652
871320
871585
872684
872833
874610
877913
878600
881708
886610
888457
888980
889834
890348
890583
892036
893869
894137
896626
897065
898884
899470
899488
901407
902197
903568
903787
904788
907904
912917
922051
929805
930960
934471
935395
935601
938533
940183
940198
940311
942458
945312
946851
955839
958247
962292
963746
963827
965028
973021
974121
975994
978663
979454
987611
987641
992098
994557
994856
999683
1000631
1002029
1003031
1003418
1006029
1008722
1009050
1011373
1012367
1015646
1017402
1018415
1019330
1019628
1019819
1019864
1020410
1021529
1023464
1024822
1026280
1026304
1027736
1028279
1028561
1030462
1031257
1032189
1034694
1035661
1036274
1036588
1037558
1040490
1042498
1043759
1044865
1046549
1047449
1049919
1052725
1053715
1053974
1054556
1056444
1056577
1059012
1061290
1062565
1064708
1066130
1067196
1067606
1073509
1081000
1081004
1081788
1081930
1085020
1085154
1086984
1088781
1088930
1089919
1090830
1090880
1091666
1095387
1095609
1095652
1097949
1098752
1099655
1101569
1107049
1109253
1109809
1112134
1112350
1112412
1113069
1113818
1114070
1114851
1114903
1116861
1117782
1117810
1120356
1122399
1123168
1124383
1124488
1124671
1126125
1129233
1129320
1131141
1133220
1133825
1135267
1136460
1138485
1141341
1141810
1142996
1143163
1143326
1144326
1144520
1144761
1145187
1146643
1150019
1150467
1151690
1152061
1155638
1156319
1156417
1157618
1157884
1158249
1159839
1160189
1161061
1161740
1161983
1163100
1163257
1163998
1164249
1165380
1165976
1167770
1169056
1169859
1170414
1170585
1170817
1172773
1174870
1175518
1176520
1177429
1177482
1177877
1179661
1179670
1180151
1180328
1181050
1182069
1182551
1183738
1185709
1186103
1189548
1189759
1189784
1192599
1193012
1193637
1194353
1195098
1195795
1196399
1201588
1203002
1205874
1212582
1213101
1214967
1215323
1216251
1217793
1219482
1221118
1221398
1221583
1222721
1225780
1226101
1226352
1226951
1227633
1232933
1234864
1235593
1235869
1236371
1236544
1237133
1237211
1238041
1238499
1238830
1238919
1239347
1240157
1240159
1240702
1241263
1242764
1243377
1243923
1244377
1244630
1245004
1245599
1247554
1249189
1251779
1252181
1254049
1254242
1255749
1259045
1259052
1259705
1260180
1261437
1265235
1266773
1269900
1271738
1276009
1277662
1278314
1278469
1279587
1280867
1281898
1284420
1284423
1284519
1288573
1288786
1288902
1290395
1291013
1292897
1294019
1297367
1298452
1299389
1301111
1302585
1304384
1308337
1308497
1309551
1312474
1317661
1318072
1319094
1319674
1319882
1320234
1320506
1322563
1325973
1328891
1332565
1333997
1334315
1336043
1337504
1337778
1339803
1341034
1344317
1344447
1345337
1346014
1346174
1347024
1348100
1348804
1348863
1354862
1357106
1358811
1359194
1361580
1361850
1362321
1363386
1366446
1368127
1369088
1369685
1369711
1374919
1377756
1378252
1378485
1380124
1382157
1383153
1383279
1384953
1385300
1385848
1386394
1386701
1386775
1387629
1387868
1392132
1395614
1397992
1402063
1402386
1402704
1403149
1403826
1404128
1404905
1407508
1408810
1409760
1414136
1414207
1415368
1416545
1419967
1420000
1420586
1421643
1421959
1422429
1423089
1423572
1424340
1425480
1425567
1427975
1428797
1430610
1431211
1432160
1432561
1436133
1436821
1437311
1437609
1437779
1442290
1442614
1443343
1443637
1445215
1445929
1446133
1446976
1447399
1448014
1449285
1450885
1450969
1451848
1454057
1455190
1457102
1458551
1458979
1459678
1460115
1460140
1461363
1461772
1461952
1463298
1463508
1463738
1465905
1465961
1466607
1467755
1468011
1469498
1470826
1472565
1475220
1476713
1478500
1478565
1478679
1479939
1479967
1480921
1481610
1482288
1483391
1483530
1485634
1485805
1485908
1485966
1488017
1488159
1488831
1489715
1492028
1495078
1495671
1496534
1496645
1498716
1502089
1502151
1503414
1504394
1504709
1505429
1505676
1506016
1506860
1508839
1509572
1510885
1513795
1515537
1515571
1518072
1520360
1520911
1523710
1526198
1527193
1529162
1529393
1529559
1531635
1531963
1532719
1533777
1535201
1535414
1535891
1536864
1537080
1538216
1538982
1539901
1543620
1543887
1545694
1546709
1549728
1552611
1555232
1557328
1557721
1560395
1561990
1562155
1564010
1564983
1566603
1566818
1567490
1568063
1574033
1575212
1576614
1576847
1577276
1579410
1580038
1580368
1583192
1584471
1587149
1587838
1589175
1589719
1589837
1591069
1593336
1594461
1594864
1597083
1597570
1598211
1599085
1599852
1603272
1606132
1606695
1609313
1612165
1613125
1614373
1617327
1617437
1621424
1621639
1621902
1621942
1622494
1624056
1625054
1627232
1628704
1629268
1629652
1630516
1632351
1632496
1633409
1634222
1636381
1636966
1638261
1638846
1642109
1643933
1648301
1649567
1650489
1651124
1654166
1655245
1656673
1656766
1656996
1658072
1659354
1667830
1668367
1669082
1671481
1674143
1676246
1677599
1679990
1680972
1681031
1682213
1682696
1683527
1684461
1685366
1686191
1686196
1688725
1689602
1690001
1692445
1692482
1694329
1694730
1694891
1695073
1699065
1702058
1706067
1707360
1707638
1707939
1710138
1710488
1711299
1712567
1713025
1715654
1718532
1719093
1722695
1726366
1726864
1727906
1728445
1729013
1729503
1729722
1729874
1730739
1733311
1735494
1736022
1736421
1740820
1741397
1742337
1744565
1745966
1747343
1747837
1750557
1753171
1753312
1755768
1757663
1759202
1761245
1761445
1761819
1762044
1763637
1763656
1763796
1765638
1765696
1767280
1768437
1770403
1771166
1771985
1772235
1772241
1773772
1776006
1776356
1778043
1779808
1780090
1780137
1780625
1780674
1782608
1782684
1782972
1783193
1784557
1793338
1794057
1795447
1802021
1803158
1803821
1804766
1805306
1805491
1806732
1806840
1808720
1808994
1810128
1811067
1811236
1811243
1813255
1815411
1816500
1817760
1818836
1822527
1823631
1825180
1825411
1828140
1830126
1831795
1832303
1836425
1837095
1837710
1840843
1841172
1841340
1841410
1842436
1842542
1845366
1846520
1847053
1847109
1847738
1850609
1852060
1852270
1854079
1854119
1854994
1856075
1858649
1859519
1861130
1861986
1862655
1865368
1865773
1866535
1867070
1869329
1869829
1870127
1871486
1872036
1874263
1875238
1875902
1876468
1876918
1877158
1880266
1881242
1881255
1881610
1882564
1884919
1885836
1886522
1890555
1892859
1893288
1894597
1895281
1903025
1903352
1907642
1907924
1909767
1909817
1910304
1911465
1911624
1911723
1911754
1912017
1912797
1914419
1915896
1915976
1916555
1917017
1918092
1920001
1920950
1922517
1922939
1923391
1924130
1925238
1925310
1926434
1927039
1930888
1931385
1933218
1934256
1935063
1936955
1942446
1943464
1944697
1945984
1946925
1950494
1951602
1952518
1953851
1954300
1955129
1960853
1963420
1963801
1963963
1965224
1965630
1966093
1969810
1971265
1971369
1974241
1976630
1979281
1979412
1983999
1984019
1984274
1984449
1986813
1987233
1992217
1993541
1994481
1996878
2000663
2004632
2006314
2007028
2008746
2008748
2009341
2011450
2012611
2013883
2016562
2017345
2021215
2021413
2021759
2022737
2023214
2023589
2025104
2030302
2030430
2031300
2031758
2031926
2035270
2038259
2038412
2039273
2039716
2040047
2040605
2041500
2041845
2047412
2047428
2047907
2049367
2051249
2051718
2052483
2052583
2052976
2053076
2053550
2054025
2058811
2059040
2060481
2060669
2061260
2062036
2063544
2065234
2065592
2065838
2068664
2071043
2072754
2072844
2074017
2074806
2075094
2076384
2077575
2078670
2079129
2080829
2083850
2085969
2087135
2088883
2090589
2091465
2092555
2098115
2098680
2099607
2100156
2100460
2101654
2101933
2102340
2102693
2102901
2103159
2103321
2104071
2104432
2105576
2105845
2106017
2106561
2108363
2108522
2110118
2111369
2114448
2116681
2119516
2121759
2124479
2125287
2125312
2125627
2127695
2131376
2131776
2133188
2133614
2133773
2136014
2137327
2137692
2137783
2138502
2139160
2139173
2140010
2140638
2141627
2141980
2142699
2143949
2144436
2147471
2148386
2150122
2152903
2153236
2155512
2155929
2156231
2156372
2156921
2157482
2157560
2163200
2164486
2164954
2165631
2165785
2166467
2167176
2167848
2168118
2168393
2168503
2168974
2169681
2169908
2170709
2170911
2171083
2172792
2174818
2174826
2175016
2175133
2177327
2177470
2178248
2178446
2178840
2179603
2179734
2179896
2180821
2181195
2181983
2182018
2182920
2183479
2185103
2186634
2186976
2190215
2193081
2193778
2194001
2196862
2198259
2200244
2201926
2201971
2203146
2205259
2206270
2207756
2207913
2208478
2208540
2208727
2208806
2209436
2210633
2215049
2216692
2217018
2219045
2221394
2224146
2224292
2225130
2225446
2225613
2226759
2227841
2228873
2229159
2229705
2230714
2232127
2233123
2234299
2236170
2236263
2236437
2238682
2240106
2240305
2241123
2242459
2243666
2246553
2247521
2250206
2251569
2252332
2253207
2257544
2257583
2257652
2259064
2262178
2265587
2266057
2266341
2270061
2270279
2271308
2271893
2274201
2274888
2275715
2278419
2278451
2281703
2284732
2284998
2285061
2285363
2285570
2285744
2286580
2286867
2286900
2287232
2288845
2288866
2289637
2290544
2292242
2299501
2299820
2302714
2303091
2305704
2306562
2307148
2308106
2309197
2312255
2313904
2314487
2315647
2315954
2316925
2317235
2317837
2319299
2320949
2321003
2322126
2327011
2327155
2329667
2331476
2333607
2335566
2335785
2337676
2339323
2341512
2341831
2342370
2342591
2344046
2347174
2347875
2348724
2348841
2352150
2352845
2356366
2356980
2358731
2359050
2361859
2365091
2367195
2367616
2368600
2369978
2370515
2372148
2373074
2373825
2377625
2383157
2383303
2383938
2392600
2393957
2396256
2397077
2399856
2402213
2404214
2405997
2406822
2409611
2409742
2411281
2411339
2413246
2414041
2415434
2420177
2421407
2421731
2421929
2428761
2431019
2431880
2433303
2434431
2435797
2435846
2436011
2436049
2437322
2438077
2439854
2442176
2443993
2444128
2447328
2447698
2448338
2448638
2449537
2453261
2454548
2455068
2456888
2458548
2463337
2463884
2465999
2466688
2467450
2467755
2470271
2472291
2478090
2482429
2482807
2483261
2483326
2484791
2490963
2494353
2495079
2500276
2503416
2504173
2504324
2509263
2509524
2514286
2514396
2516761
2517867
2520391
2523796
2525616
2530165
2530838
2533051
2534464
2534806
2535185
2540407
2541447
2544472
2545684
2545910
2546978
2552617
2555165
2556327
2560175
2560736
2563232
2567632
2568110
2568527
2569823
2570147
2570438
2577202
2577537
2577603
2578085
2579321
2583286
2583803
2585630
2586218
2586852
2588276
2588314
2593026
2593253
2593972
2598116
2600224
2602203
2603613
2605817
2608719
2608761
2609797
2611419
2611758
2612901
2616776
2616923
2617085
2617857
2621229
2621265
2621436
2622049
2622902
2625191
2625934
2627169
2631075
2631983
2632861
2632872
2633410
2634814
2635113
2635184
2637742
2638307
2639437
2639518
2640939
2642498
2643929
2644578
2645553
2646249
2649019
2649309
2650562
2653578
2659508
2662558
2662683
2664159
2665485
2668327
2672056
2674520
2675198
2678548
2680567
2682284
2682701
2683041
2684487
2686775
2686820
2689533
2691423
2692547
2693712
2699978
2700335
2700592
2701794
2704009
2706049
2706771
2707178
2708711
2710667
2711506
2714110
2714826
2717793
2718717
2724751
2725988
2728615
2731777
2732511
2732707
2738370
2743457
2746491
2751324
2756169
2758888
2758943
2760866
2762902
2764883
2773394
2773621
2778271
2778882
2781122
2781841
2782823
2786898
2787405
2787545
2788120
2793054
2794232
2794842
2795083
2795851
2798518
2799094
2802875
2805396
2806833
2807478
2810235
2810899
2811072
2811591
2811796
2811942
2814511
2814751
2817590
2822280
2831008
2837130
2839612
2841583
2843402
2844394
2849553
2857128
2861675
2865748
2866373
2866532
2867702
2868678
2870738
2872091
2873944
2881340
2887186
2889627
2889657
2890003
2892608
2892968
2895966
2897036
2900969
2901872
2902745
2908088
2908097
2910279
2911004
2911466
2912770
2913363
2914761
2917809
2920155
2923111
2923939
2924422
2925685
2926862
2935315
2936100
2936185
2936311
2936475
2936924
2937293
2939305
2940507
2949653
2951126
2952606
2955626
2957181
2960058
2960138
2960207
2960251
2961825
2961979
2962941
2963534
2965002
2966409
2967415
2968268
2968838
2973860
2974819
2976486
2977520
2977912
2979501
2980336
2980543
2980972
2982736
2982847
2984639
2985232
2986407
2987169
2989699
2991255
2993902
2996291
3000488
3002139
3004811
3006520
3006775
3007853
3008384
3008608
3010936
3011590
3012400
3012610
3014168
3014174
3016926
3019102
3019318
3023353
3026688
3027201
3029247
3029560
3030451
3033948
3035377
3035966
3037095
3038659
3041128
3041889
3045887
3049053
3049826
3050665
3050778
3050841
3053052
3054364
3056098
3056325
3056477
3057180
3059065
3060847
3062553
3062876
3063026
3065351
3068050
3072320
3072880
3073049
3074147
3074251
3074882
3076837
3078088
3078846
3078990
3079485
3080620
3084945
3085166
3086471
3091263
3092624
3093335
3095848
3096494
3097444
3097916
3098295
3098317
3099724
3099957
3101673
3103617
3104326
3107521
3108512
3110452
3111101
3115570
3117195
3120685
3123090
3123427
3128115
3129369
3130505
3132215
3134381
3134492
3136227
3136774
3137705
3139057
3140208
3140870
3141080
3142376
3143501
3143756
3147560
3155877
3156665
3156919
3158218
3160777
3162318
3162957
3163238
3163420
3163485
3164042
3167400
3167599
3170221
3174703
3174985
3178876
3185771
3186443
3186934
3188138
3188561
3190637
3192636
3192899
3195608
3197319
3198700
3199224
3199740
3201342
3202323
3203383
3204020
3208152
3209899
3209921
3212833
3218703
3220534
3221449
3225404
3227866
3230643
3235564
3235982
3237437
3237577
3241434
3242009
3244280
3244439
3246642
3249087
3250974
3251016
3253900
3254238
3254725
3256407
3257361
3260828
3270153
3270456
3271201
3272318
3273079
3275410
3275507
3275697
3277393
3277688
3282560
3282644
3284206
3284785
3287389
3290122
3290731
3291045
3292712
3293555
3295802
3297395
3299221
3301747
3302361
3303234
3305180
3305317
3306005
3306148
3306494
3307887
3308205
3310326
3310436
3312890
3313590
3314310
3315738
3316026
3316081
3316964
3317159
3318023
3318046
3318073
3318654
3319496
3320393
3321303
3324611
3325957
3326102
3326622
3327083
3328867
3332675
3334504
3334510
3336338
3336856
3340703
3341409
3342858
3343309
3344136
3344525
3345594
3346410
3348155
3349136
3349600
3350368
3352192
3353834
3360109
3361588
3361614
3361924
3362566
3362940
3365249
3365742
3365906
3366281
3366392
3366602
3367808
3367964
3369210
3372253
3373828
3373976
3374596
3374933
3375900
3377430
3377904
3380286
3380500
3380628
3381175
3381471
3381754
3381809
3383048
3383672
3384230
3384652
3385272
3387706
3387839
3388631
3392119
3392422
3395052
3395852
3396393
3396629
3396675
3397627
3398346
3398412
3400635
3408325
3411488
3411493
3411895
3413511
3413960
3415430
3415677
3419768
3421760
3425614
3428269
3429443
3430023
3430089
3430375
3430574
3430647
3433020
3433636
3434864
3436505
3437980
3448209
3448978
3451791
3455651
3458257
3459032
3459148
3462622
3463861
3466796
3472633
3472903
3479332
3480459
3480678
3480858
3480945
3483256
3483286
3485849
3486161
3491258
3491809
3492451
3492935
3495672
3497635
3497663
3497965
3498395
3498465
3498500
3498691
3498700
3498818
3502101
3503771
3503967
3503993
3504089
3507779
3507815
3508576
3511629
3512275
3514152
3515582
3516325
3517059
3518914
3520175
3522051
3527622
3528376
3530965
3534991
3535004
3536023
3536123
3536174
3536427
3537607
3538976
3540167
3543082
3543292
3544312
3545020
3548583
3550004
3552997
3555131
3555858
3558014
3558957
3559382
3561400
3562173
3562497
3563558
3565252
3566534
3569338
3569500
3571395
3572353
3573224
3574820
3575143
3575506
3575695
3576430
3579020
3579669
3580344
3581350
3583515
3583818
3585405
3589767
3591961
3592913
3593504
3597459
3601178
3601381
3603013
3604981
3607298
3608351
3609658
3610374
3610839
3620119
3624822
3625779
3627527
3629431
3630830
3631825
3634898
3635560
3635725
3636625
3637608
3639701
3639850
3639926
3640852
3643720
3644840
3647200
3649364
3650741
3651012
3651319
3654350
3656934
3657342
3661563
3664056
3664893
3666206
3668777
3670511
3671571
3673188
3676871
3677484
3677648
3680157
3681308
3681377
3683015
3683311
3684669
3684710
3687811
3689788
3690243
3690473
3690509
3691526
3692747
3696207
3696424
3696908
3697023
3698635
3699098
3699699
3699989
3702369
3702525
3702781
3705175
3705747
3706150
3706566
3709097
3711406
3713126
3713522
3714901
3715821
3716504
3719613
3721722
3721987
3723041
3724213
3727294
3729713
3730996
3731034
3731262
3732215
3732427
3732719
3733052
3734262
3734806
3735448
3736174
3738019
3738105
3738472
3738753
3739987
3740294
3740938
3741582
3743511
3743916
3744822
3745384
3745911
3746395
3747500
3748874
3748970
3749452
3749776
3749849
3749912
3749949
3751346
3751446
3752819
3753189
3754718
3754871
3757817
3758682
3758710
3759581
3759613
3759920
3760378
3760738
3761290
3762362
3763425
3763517
3763926
3764016
3764434
3764928
3765124
3766272
3767714
3767720
3767795
3768966
3769090
3771934
3774068
3774574
3775926
3776489
3776929
3777347
3777358
3777684
3778063
3778650
3778765
3780301
3780311
3780867
3780895
3781031
3781074
3781705
3782324
3785579
3785648
3787199
3788562
3789114
3790560
3791006
3791062
3791700
3792304
3793024
3794919
3798048
3798823
3799648
3800168
3800796
3802001
3804899
3806724
3806868
3807241
3807623
3809849
3811110
3813401
3814784
3815228
3816953
3817525
3818965
3819718
3820260
3821844
3821881
3822121
3822490
3822619
3823555
3824135
3827222
3829554
3829816
3831078
3832914
3833580
3834594
3838107
3839023
3840663
3840774
3844759
3844810
3845397
3848576
3848693
3849690
3850820
3853780
3855291
3856702
3857482
3857963
3858117
3858664
3863001
3863323
3863479
3863706
3863807
3866813
3867206
3872499
3875736
3876063
3877846
3879072
3880935
3881097
3881848
3882444
3884114
3885676
3885981
3886481
3887867
3888643
3889322
3889606
3890297
3890580
3892836
3892956
3894048
3894650
3895281
3896208
3897142
3897487
3899207
3899258
3899342
3899423
3900742
3904461
3906991
3910584
3911795
3912174
3912816
3912879
3913078
3916981
3919912
3919925
3920515
3921251
3923570
3924176
3925831
3928111
3930731
3935110
3936757
3938519
3939789
3941157
3946703
3947634
3949403
3949600
3949750
3949943
3950779
3953078
3953583
3955348
3955398
3956507
3956906
3958390
3959045
3959095
3962051
3963341
3963835
3965354
3965591
3966401
3966481
3969312
3970471
3970791
3971282
3974442
3975121
3978141
3978470
3979238
3984351
3984983
3985218
3985613
3988849
3990952
3992449
3994232
3997656
3998596
3999168
3999293
3999712
4001457
4003716
4004472
4005160
4005799
4006732
4010369
4010604
4017006
4018441
4019717
4021647
4023758
4026857
4028887
4029395
4031483
4035763
4036102
4039338
4040953
4044882
4045412
4046234
4047350
4048131
4048427
4049091
4051345
4056435
4058576
4059670
4060013
4060882
4062132
4062755
4064608
4073496
4075175
4078529
4079894
4080400
4081804
4082173
4086517
4086832
4088601
4088784
4089912
4092666
4094335
4097252
4099460
4099704
4102764
4103681
4104046
4108218
4108260
4108607
4110258
4111582
4112580
4112611
4113213
4114922
4116059
4119577
4119942
4120477
4120781
4122816
4124267
4124352
4125304
4125908
4126072
4126405
4127084
4127463
4130398
4133541
4133911
4138835
4142287
4143088
4143617
4146903
4149540
4150732
4152017
4154279
4154391
4154795
4156657
4157224
4160471
4160866
4163741
4165993
4166580
4166887
4168033
4168505
4170111
4170953
4171097
4171693
4172337
4176260
4177154
4181376
4181760
4182959
4183030
4183106
4183486
4183690
4185319
4189487
4190683
4194115
4194462
4194471
4196807
4199259
4201363
4201633
4201696
4203254
4203274
4204158
4205417
4205727
4206278
4206522
4207496
4209207
4209691
4210631
4211033
4212655
4212682
4213301
4213464
4217565
4221581
4222327
4223594
4226053
4227762
4229444
4231523
4232563
4233906
4234689
4237636
4242590
4244956
4247330
4248461
4248700
4248780
4249181
4250791
4254052
4254321
4254727
4256868
4257912
4259740
4260599
4262041
4262807
4262966
4264346
4264415
4264789
4266238
4266866
4267029
4271054
4271368
4271382
4274925
4275493
4276063
4276873
4277974
4280264
4283643
4283831
4284073
4284875
4285470
4286309
4288065
4288440
4289540
4289692
4289855
4290434
4293150
4293414
4294642
4295380
4296243
4296989
4299095
4299108
4300339
4300463
4304163
4306784
4307870
4309054
4311092
4312260
4313457
4315143
4321487
4326151
4326471
4326700
4328538
4329411
4331642
4331892
4333936
4336921
4337145
4340459
4343910
4345584
4347007
4347037
4347217
4347305
4349011
4349026
4351381
4352560
4352768
4353190
4355387
4355951
4360903
4363118
4366012
4368711
4369559
4370165
4370793
4372403
4373810
4376834
4377569
4379260
4380978
4383775
4385072
4385588
4386277
4391631
4392577
4393729
4395179
4397701
4398399
4399449
4400068
4400414
4401387
4403301
4405516
4406469
4406576
4409369
4412934
4414961
4415160
4416416
4416826
4418272
4418683
4418950
4419323
4424751
4425386
4426045
4429204
4430234
4431893
4432373
4433763
4437193
4440188
4442215
4444238
4444355
4446069
4446334
4447522
4448329
4451865
4453225
4457684
4458900
4462466
4462629
4465043
4465391
4465540
4468213
4471243
4477318
4478859
4479246
4480042
4480332
4480452
4480604
4481747
4483831
4485384
4487631
4492949
4493279
4493794
4496925
4497683
4498207
4498473
4498514
4499113
4500136
4501896
4502413
4502720
4504651
4505893
4506877
4507148
4507562
4507624
4508115
4508734
4510076
4510215
4510452
4511593
4513174
4515137
4516008
4519922
4519923
4526865
4528825
4530835
4532081
4536872
4539408
4540234
4542615
4546375
4546664
4548577
4553703
4556389
4556617
4556745
4559921
4561311
4561731
4563995
4564161
4565251
4568223
4569237
4569251
4569366
4570392
4571426
4572322
4573321
4573371
4577273
4577883
4581059
4589426
4589525
4589740
4591875
4596546
4596569
4601858
4605615
4608204
4609116
4610507
4610656
4611200
4612075
4614759
4617686
4618289
4621322
4621829
4624980
4627184
4629247
4631359
4632188
4632889
4635518
4636285
4639440
4642818
4644156
4647178
4647922
4648651
4649456
4654726
4655328
4656093
4656612
4659142
4660745
4663308
4663438
4666718
4668147
4671339
4671924
4672055
4673363
4673675
4674997
4676098
4679572
4682653
4682862
4683362
4687029
4688236
4688479
4691237
4692929
4697789
4698621
4700230
4700345
4700583
4701607
4703112
4703429
4704597
4706476
4707375
4708612
4709544
4711030
4712229
4712547
4713297
4714072
4714345
4716756
4717343
4718558
4719575
4724152
4725134
4725615
4726159
4726542
4727503
4729435
4729562
4732273
4732746
4732974
4733365
4735738
4736303
4736592
4737638
4739539
4739913
4740135
4740209
4740232
4740278
4741178
4741263
4742899
4743518
4744266
4744419
4745861
4746369
4747220
4748000
4752550
4753153
4754989
4756119
4757085
4758493
4761273
4764845
4766009
4775523
4775530
4776758
4778593
4780302
4780850
4784594
4787549
4788530
4788841
4789359
4789427
4789753
4790681
4792305
4792530
4793405
4795666
4798165
4799000
4800737
4800826
4806076
4810811
4812054
4812497
4822097
4822748
4823652
4825135
4825922
4827233
4829712
4832993
4839076
4840593
4840863
4843693
4853144
4855470
4855882
4858350
4858913
4859343
4865011
4866936
4867883
4876722
4877690
4879751
4880149
4885487
4887378
4887497
4894132
4898421
4898746
4902597
4902809
4902932
4904882
4906852
4908929
4911261
4912326
4912486
4914981
4915598
4915652
4916055
4917040
4918053
4925116
4931602
4934207
4938462
4939144
4940569
4941424
4944748
4945908
4947109
4947585
4949944
4950548
4950964
4952020
4953008
4953746
4954127
4955079
4963090
4964297
4964823
4966930
4967221
4968716
4969698
4969730
4970498
4974877
4975187
4977079
4977706
4978332
4980165
4980920
4981380
4981543
4981888
4983489
4984928
4991363
4995114
4996893
4999556
5001246
5004317
5005615
5006546
5009713
5010120
5011418
5013403
5013783
5014324
5018899
5020076
5025183
5026777
5027050
5031430
5032292
5034076
5034353
5035974
5036491
5038982
5039916
5040179
5040598
5041919
5042328
5043229
5051908
5052173
5054132
5054169
5058953
5059622
5060419
5064214
5064875
5065651
5071033
5072752
5073621
5073836
5073955
5074531
5075707
5077219
5080632
5082909
5085238
5088392
5090296
5093661
5093735
5098177
5098711
5101030
5102071
5103450
5106951
5107179
5107758
5114120
5116683
5118427
5119554
5122825
5123047
5125415
5125657
5130088
5131997
5134315
5134502
5134549
5137826
5137951
5139251
5140137
5140351
5140792
5141242
5141668
5142749
5142946
5146201
5151409
5151931
5151998
5153035
5153098
5153114
5156695
5156802
5160131
5161146
5162145
5163188
5164386
5167433
5169378
5170352
5173936
5174126
5178093
5178509
5180558
5183273
5183397
5189948
5191534
5193750
5194886
5195695
5196165
5198839
5201101
5202092
5202896
5203246
5203671
5206880
5211052
5212217
5219679
5221884
5222609
5223107
5223243
5223246
5229296
5229460
5229851
5231945
5232739
5233915
5234798
5236760
5237745
5237956
5240039
5243018
5250535
5251026
5252836
5253367
5254636
5254967
5259772
5262071
5265643
5265680
5269989
5271613
5272644
5274686
5277545
5278059
5278719
5279148
5280529
5283775
5285251
5285494
5285989
5286475
5294050
5294172
5296398
5297826
5303835
5304904
5306034
5307941
5308980
5310220
5310374
5310885
5311082
5311306
5312393
5312906
5315103
5317076
5317406
5322426
5328142
5328779
5329821
5333160
5333759
5333903
5336777
5337259
5339909
5340867
5341357
5344876
5348671
5352194
5354444
5355517
5355519
5355682
5358110
5359458
5361048
5361893
5363353
5364783
5366591
5367072
5367201
5367217
5367749
5367758
5367840
5368588
5370540
5370748
5372502
5374368
5374701
5377027
5377061
5377093
5378203
5378342
5379557
5380139
5381984
5382596
5384122
5384740
5385697
5385765
5385839
5386723
5387460
5388187
5388858
5389729
5389879
5390643
5391058
5391226
5393629
5393906
5395182
5395833
5396589
5397370
5401552
5403233
5403697
5409378
5409688
5410482
5411261
5411858
5413787
5414884
5415428
5415710
5416902
5420048
5420920
5420993
5422138
5423451
5424106
5424774
5424981
5425519
5426175
5428432
5429413
5429416
5429594
5430542
5430576
5431825
5432560
5433292
5434842
5435329
5435895
5440076
5440159
5441074
5441640
5441659
5442697
5443019
5443281
5444078
5444912
5446854
5447972
5448650
5449456
5450174
5450473
5451197
5454982
5455470
5459191
5459574
5462508
5463864
5464394
5466618
5467754
5468893
5470658
5470950
5471288
5472218
5472368
5473851
5473901
5474187
5474335
5475964
5478227
5481888
5482065
5482670
5483533
5484717
5491392
5492302
5495112
5495124
5495152
5495677
5496346
5500575
5500577
5501427
5501665
5505646
5505999
5507688
5507710
5508936
5510553
5510878
5511164
5512529
5515662
5516476
5516984
5517135
5518492
5519439
5532108
5532860
5535232
5536870
5537780
5538024
5540889
5542119
5542204
5543739
5543849
5550063
5551019
5551593
5551850
5555100
5556673
5557026
5560101
5560801
5563352
5563542
5564413
5564532
5568382
5568394
5569178
5570876
5571265
5571473
5572164
5572489
5572967
5574716
5576440
5577870
5579507
5581861
5582519
5583030
5586517
5587005
5588579
5588908
5588929
5590945
5592395
5592959
5593371
5596182
5596902
5597240
5597460
5598137
5600938
5603184
5605774
5606486
5609629
5609662
5611718
5612434
5615156
5616128
5616497
5616515
5617342
5617905
5618779
5620306
5620811
5622468
5623064
5623174
5623708
5625144
5625702
5625769
5627263
5627931
5628647
5631093
5631966
5632046
5633143
5634458
5636425
5637778
5637806
5639474
5639543
5639752
5639853
5641621
5642512
5642586
5642645
5644287
5644779
5645335
5646490
5646586
5646634
5646919
5648656
5649386
5650016
5650736
5651196
5653215
5654975
5655446
5658303
5658847
5661313
5661700
5663011
5664236
5664420
5665517
5666493
5666709
5666992
5668541
5668932
5669589
5670875
5671944
5672732
5673168
5673260
5674373
5675850
5677288
5681737
5682341
5682503
5683051
5683166
5685594
5689214
5689521
5690653
5691371
5691451
5692073
5694079
5694227
5697535
5697538
5698933
5699835
5700124
5701919
5702308
5702925
5703207
5704945
5705202
5705740
5706298
5707240
5708553
5709931
5710302
5710730
5712986
5713385
5713844
5714221
5714242
5714272
5714285
5716374
5717921
5718021
5719233
5720808
5721888
5722116
5723134
5723324
5723758
5725283
5726389
5726917
5727628
5728070
5728767
5728799
5729534
5731264
5731530
5731875
5733374
5733379
5733630
5733911
5735123
5736920
5737120
5738163
5738296
5740744
5742506
5743210
5743312
5743781
5743956
5748743
5749498
5751964
5753435
5754938
5756142
5759472
5764244
5764669
5767267
5767589
5770222
5773299
5774162
5777517
5780299
5784638
5785526
5785923
5785935
5786579
5786588
5786730
5791068
5791436
5791515
5802049
5804447
5805703
5807125
5807917
5808429
5811643
5811848
5812455
5812481
5812556
5813766
5814541
5819068
5819607
5819639
5819751
5819809
5819963
5821222
5825297
5829250
5829311
5831452
5834175
5834583
5834943
5835256
5835781
5835906
5836576
5839170
5840089
5841351
5841537
5842465
5842822
5844306
5844829
5846190
5849632
5850032
5850332
5851462
5857419
5857541
5858045
5858614
5858829
5859181
5860269
5862171
5862999
5864853
5864918
5866753
5866932
5867783
5868142
5872277
5872329
5872411
5872734
5874310
5874824
5876687
5878098
5878974
5880255
5881035
5881707
5883823
5883985
5884465
5885357
5886336
5886593
5890250
5890613
5890641
5892708
5893426
5897565
5901563
5901642
5905666
5911273
5912394
5915165
5916085
5917043
5921913
5923078
5925049
5925162
5928286
5929594
5930236
5930470
5931821
5931929
5932179
5933548
5935291
5939211
5939783
5940105
5941557
5943479
5944314
5944794
5944979
5948944
5950571
5952183
5952936
5953304
5954239
5954392
5954833
5954953
5955185
5955441
5956259
5957633
5958321
5958477
5963902
5964915
5966429
5966979
5967292
5969590
5970349
5971136
5973682
5974336
5975135
5978313
5978881
5982436
5983016
5983158
5984668
5985474
5985718
5987910
5988682
5992191
5995642
5995838
5998630
5998958
5999301
6000035
6000635
6000800
6000816
6001710
6004079
6004525
6007030
6008171
6008821
6009152
6010387
6011736
6012633
6014670
6014714
6015559
6016434
6017342
6018033
6018802
6021929
6023438
6024618
6025365
6027482
6027888
6028911
6029333
6029545
6030789
6031130
6031235
6031316
6031341
6034207
6035133
6036292
6036592
6039485
6040788
6040897
6043485
6044894
6049589
6049654
6049748
6050037
6051073
6051593
6052255
6052780
6059126
6061801
6062297
6062832
6063658
6064134
6067794
6071387
6076018
6076915
6077623
6079885
6080833
6081745
6084080
6085682
6086178
6087169
6088200
6090307
6090361
6090396
6098180
6098356
6100544
6101656
6101849
6102603
6103699
6106389
6108662
6110219
6111922
6121657
6123247
6123783
6124747
6124877
6126315
6126364
6127424
6128342
6131054
6131162
6132106
6132784
6139705
6140856
6142218
6143365
6143705
6143986
6144365
6145576
6148135
6157577
6158204
6158323
6158370
6158667
6159369
6165471
6169114
6169759
6172417
6172799
6175360
6176439
6177596
6178293
6178745
6179384
6180182
6181191
6182156
6182766
6183140
6183326
6184006
6184875
6185375
6186072
6186247
6189154
6192058
6192552
6193656
6198968
6199439
6199730
6200301
6200352
6205607
6209756
6211428
6212207
6215824
6216274
6218835
6219349
6220480
6220692
6222010
6224155
6225225
6226054
6226257
6226495
6227624
6227696
6228119
6228964
6229381
6229462
6229614
6232307
6232802
6233198
6233821
6234889
6235344
6235506
6235570
6235878
6238550
6238909
6242209
6242234
6243094
6244791
6245531
6245587
6246385
6248945
6250154
6250750
6251226
6254051
6255537
6260800
6261123
6265127
6265328
6268779
6270521
6271159
6273690
6277842
6281376
6284584
6285324
6286834
6288249
6289244
6290622
6290651
6293996
6294419
6296805
6297508
6300599
6300641
6302600
6305141
6306088
6309777
6312996
6314160
6321299
6321348
6323952
6332639
6332748
6334543
6335680
6335750
6339690
6340508
6341454
6341617
6342224
6342441
6342998
6343522
6345116
6347745
6347876
6348044
6348266
6348409
6349332
6349516
6352241
6353195
6360617
6366074
6366748
6367391
6367486
6368279
6369157
6375193
6376963
6377694
6381171
6381379
6382050
6382616
6385093
6385330
6385592
6387943
6388669
6390587
6392477
6392960
6393545
6396314
6398584
6401452
6415034
6415841
6416332
6416347
6418026
6421037
6422466
6426756
6427787
6429015
6429588
6430180
6430825
6432175
6433291
6433566
6434249
6434832
6438232
6439257
6439556
6445266
6446194
6446789
6446966
6447687
6449160
6449166
6449870
6450706
6451413
6452579
6453720
6453789
6453790
6453860
6454555
6455509
6456955
6457063
6457848
6458219
6458994
6460987
6462475
6463449
6465961
6468702
6469470
6469651
6470588
6470672
6470862
6472934
6474125
6476144
6477749
6478471
6478592
6479364
6480470
6484717
6484778
6484867
6486140
6488773
6489992
6490084
6491699
6492603
6497689
6504181
6504376
6505267
6505288
6506593
6507313
6508368
6510534
6510873
6511150
6514873
6515104
6515490
6517178
6520957
6521287
6522271
6522845
6524145
6524953
6525672
6526978
6527427
6528132
6529597
6530162
6530584
6530971
6531094
6531267
6532091
6532847
6532974
6533646
6534002
6534019
6534234
6534836
6535038
6535345
6538323
6539348
6539433
6539866
6543948
6544191
6544593
6546386
6548950
6553352
6553897
6554482
6554880
6556806
6558219
6559982
6560599
6561101
6561692
6561786
6561886
6562999
6564409
6564552
6565191
6566516
6566616
6567548
6567700
6568184
6568711
6569920
6571549
6571720
6571873
6572212
6573569
6573705
6574449
6574602
6575082
6576385
6578214
6578280
6579819
6580685
6581884
6583686
6584252
6584835
6586120
6586345
6586998
6587317
6587858
6588321
6589401
6590373
6590584
6591378
6591799
6592284
6593393
6593478
6594482
6594835
6598299
6601551
6601746
6601890
6602756
6603200
6605264
6606727
6606759
6607704
6607748
6608952
6610037
6615619
6616122
6618282
6619712
6621982
6622877
6622915
6624057
6624432
6624742
6625979
6629951
6630164
6630514
6630912
6632793
6633961
6634620
6634848
6635494
6636363
6637598
6640202
6641906
6645889
6646597
6647598
6647838
6648892
6649168
6649885
6650140
6651739
6652425
6652549
6655287
6656942
6657301
6658976
6659991
6660532
6660770
6662283
6662887
6663521
6664872
6666432
6668501
6670030
6670878
6671113
6671427
6672320
6673694
6674220
6674723
6674914
6679701
6680841
6683442
6683847
6686893
6687149
6687718
6688112
6693117
6694670
6695408
6697050
6700215
6700978
6702203
6706869
6708293
6708304
6708401
6709204
6710002
6711691
6712118
6712206
6712985
6713468
6715176
6715270
6715467
6717329
6717821
6719997
6720470
6721190
6721252
6723750
6725112
6725889
6727122
6729897
6729999
6731316
6732061
6732678
6733038
6734503
6736515
6736707
6737303
6737780
6738375
6740671
6741719
6741821
6741931
6742154
6747191
6750171
6751616
6752311
6754094
6754744
6756120
6758605
6758723
6761673
6761677
6762875
6764207
6764966
6765974
6766612
6766749
6767494
6767577
6767878
6768615
6772391
6772420
6774586
6775044
6775091
6775141
6775861
6777460
6777779
6778190
6778791
6782104
6782704
6784248
6785534
6790934
6793045
6793519
6797611
6797620
6798820
6800540
6801739
6804923
6805381
6806626
6809910
6815391
6815919
6817313
6820103
6822148
6822615
6823500
6828233
6828255
6828321
6830962
6831769
6831770
6832267
6832273
6833185
6834091
6834124
6834386
6838965
6842680
6844281
6848079
6848975
6851171
6851686
6851831
6853667
6854906
6856955
6857866
6857922
6858588
6862086
6866845
6870039
6870245
6870644
6873667
6874730
6875226
6875570
6876386
6877289
6879284
6879423
6885608
6887040
6889217
6890504
6891583
6892848
6893461
6895534
6895791
6896884
6901312
6902550
6904158
6906732
6910896
6911857
6913851
6915409
6916012
6919147
6921339
6921866
6922439
6924567
6924842
6925394
6926277
6926541
6927093
6928247
6928571
6929417
6930188
6930278
6938472
6939350
6939608
6940390
6941412
6943734
6949958
6950400
6951128
6952000
6952481
6952937
6953535
6954460
6954853
6956535
6957170
6957467
6959562
6959834
6961420
6961609
6961623
6962173
6963706
6964169
6965823
6966308
6969527
6969530
6969871
6971362
6972230
6973178
6974797
6977327
6978061
6978327
6978910
6981111
6982909
6986630
6987370
6988074
6988501
6988828
6988837
6988852
6992482
6993913
6994412
6994732
6995250
6995455
6998247
7001412
7002178
7003035
7003117
7009361
7009765
7010810
7010902
7011760
7012763
7013144
7014269
7016969
7018168
7018670
7019313
7019432
7021737
7021922
7022489
7022684
7024293
7026129
7026638
7028124
7028876
7030600
7030895
7030914
7030920
7032512
7035716
7036557
7036712
7038913
7039273
7040354
7040379
7040548
7041169
7043008
7044551
7045361
7046647
7046766
7047727
7051074
7051736
7052198
7056571
7058700
7058796
7059254
7059515
7062371
7065268
7065286
7065741
7065883
7066441
7067708
7067892
7068008
7068707
7071055
7072361
7073644
7073661
7076554
7078497
7078653
7078967
7079770
7080210
7080613
7081250
7081925
7082395
7083037
7085334
7085887
7087633
7087907
7088459
7088670
7091075
7091299
7091586
7094548
7096750
7097894
7099477
7100136
7102934
7103903
7105899
7107071
7107350
7108857
7109285
7109612
7110005
7111305
7111442
7111837
7112357
7112639
7117020
7120435
7121451
7122836
7123478
7123632
7125059
7125691
7125987
7126222
7128586
7128875
7129403
7129449
7132115
7132745
7134652
7134898
7135164
7135175
7137516
7145003
7145219
7146213
7149387
7150591
7153056
7154383
7154614
7155087
7156594
7157174
7157293
7157637
7158774
7158976
7162793
7166887
7171231
7172158
7173389
7178688
7186865
7187481
7192896
7193046
7193230
7194017
7195081
7195798
7198473
7198935
7205053
7205705
7206788
7208577
7209866
7209903
7212369
7220374
7221819
7222235
7227550
7229787
7233688
7235223
7236438
7236974
7238355
7239096
7239785
7239930
7240596
7242215
7242666
7243059
7243934
7244688
7246397
7247471
7247662
7247936
7254435
7254969
7257576
7258444
7260550
7264248
7269698
7270963
7272868
7273026
7275786
7279624
7280263
7281581
7281711
7284251
7285496
7286096
7287600
7288716
7289692
7295926
7302298
7304241
7306097
7311457
7313518
7315127
7315960
7318251
7318944
7325633
7326446
7326734
7327339
7327476
7328655
7330966
7335178
7336587
7337705
7340692
7342524
7343320
7348273
7351476
7356072
7356225
7358276
7359275
7360309
7361166
7362386
7363953
7368246
7369783
7373072
7373580
7376378
7378599
7383627
7383864
7385050
7385084
7385189
7386482
7393023
7394165
7394868
7395519
7395707
7399793
7399906
7401578
7404226
7407639
7408222
7408695
7414671
7416084
7418254
7418314
7421913
7427339
7428517
7428650
7431334
7432017
7433701
7435337
7436342
7436732
7440054
7440862
7443233
7443244
7443254
7445715
7446436
7450276
7452039
7457022
7461908
7463307
7464279
7464820
7468329
7469106
7472095
7472199
7472238
7473623
7474229
7475626
7475725
7476311
7476390
7476741
7476877
7478136
7478974
7479042
7479774
7479791
7481027
7482058
7486713
7487386
7489147
7490502
7491697
7493043
7493112
7494795
7497973
7498119
7499323
7501688
7503979
7504556
7504975
7505753
7506391
7507732
7509177
7511380
7511480
7511504
7511873
7515635
7515816
7515935
7516810
7520769
7520970
7522861
7524136
7524531
7524927
7526400
7527992
7528725
7530179
7530595
7531015
7532447
7532636
7535997
7537718
7538829
7539115
7539688
7541925
7542074
7547600
7551486
7552948
7552951
7556869
7558425
7559002
7560198
7560369
7560817
7566373
7566447
7567458
7568847
7569399
7569770
7569835
7570224
7574436
7577613
7580530
7582639
7583385
7583632
7586771
7587807
7591783
7593859
7593899
7594233
7596826
7599657
7605542
7607139
7607782
7611656
7616209
7619713
7621364
7625917
7627248
7629076
7629934
7630434
7631361
7631392
7634827
7635367
7637011
7638528
7644052
7644280
7644956
7645110
7648554
7648947
7653158
7655685
7655809
7657577
7658910
7659137
7660945
7661657
7662180
7662768
7665366
7666007
7668190
7669189
7669605
7672975
7674900
7677016
7678401
7681361
7681647
7682267
7683989
7684373
7689068
7689368
7694009
7694814
7695321
7695592
7695868
7696204
7696589
7696949
7698508
7698619
7699037
7699427
7699702
7709799
7710678
7711999
7712570
7713276
7714125
7714627
7714748
7715148
7717267
7717398
7722507
7722544
7727056
7729967
7730092
7730430
7732340
7732981
7733259
7733784
7733895
7735878
7736441
7736552
7736813
7737073
7738663
7738679
7739377
7739874
7740555
7742384
7743674
7744299
7744521
7744926
7747037
7747074
7747889
7748055
7748653
7748719
7749175
7749332
7750021
7750485
7750728
7750858
7752706
7752984
7754077
7754665
7755316
7755761
7755881
7756118
7756699
7756755
7756863
7758266
7758473
7758914
7762010
7762015
7763884
7765456
7767391
7768878
7770095
7771053
7771105
7772833
7774691
7775816
7775971
7776779
7777888
7778982
7779298
7779775
7781351
7782195
7783189
7783464
7784301
7784342
7784996
7785009
7785215
7785334
7785782
7787528
7790380
7791457
7791708
7792427
7793699
7794135
7794381
7794439
7794965
7796102
7796427
7797059
7797728
7799428
7801458
7801707
7802879
7803460
7803526
7803608
7803652
7804316
7805656
7806715
7806838
7807987
7808124
7811854
7812214
7813149
7813558
7814442
7823190
7823330
7825652
7826225
7826736
7829190
7829514
7831206
7832385
7833791
7834555
7834973
7835431
7835535
7836053
7836764
7840427
7840534
7842214
7842552
7842856
7843200
7848668
7848757
7848974
7850814
7851792
7853039
7853359
7854484
7854912
7856078
7857713
7859749
7860848
7862125
7862703
7863323
7865635
7865814
7867451
7871393
7873075
7874972
7876704
7878614
7880188
7880372
7883155
7887258
7887386
7888682
7890420
7891036
7891124
7894799
7895070
7895751
7895997
7897350
7898339
7900254
7900439
7901373
7903937
7909323
7910892
7912529
7914258
7918871
7923026
7924153
7926558
7927007
7927233
7931126
7931973
7934739
7943643
7945732
7949061
7950533
7950884
7952556
7954604
7959455
7959951
7963224
7966408
7970167
7970474
7970505
7971007
7972329
7977904
7980598
7981371
7981897
7982413
7982537
7982815
7984104
7984773
7985229
7989451
7997380
7998938
8001646
8002716
8004311
8005449
8005650
8007418
8008277
8008284
8009450
8010114
8012458
8019640
8020193
8020247
8023165
8023173
8023223
8023634
8024262
8025331
8026892
8027150
8028433
8031896
8032451
8034761
8037026
8042126
8043690
8043764
8045256
8045611
8045719
8046561
8047477
8048357
8051527
8052881
8053830
8055527
8057189
8057734
8057798
8059652
8060085
8060920
8061023
8061144
8061417
8062019
8063518
8067313
8068366
8069491
8072402
8073419
8075977
8080086
8087310
8090083
8090687
8096461
8096863
8097496
8101031
8101520
8101839
8104038
8104482
8104494
8104772
8106445
8106507
8107113
8107468
8109572
8114196
8115999
8116325
8116444
8117831
8118632
8118703
8120029
8120819
8121503
8122104
8122629
8122873
8122930
8123687
8123738
8124321
8129650
8134432
8135683
8137204
8138258
8140104
8140251
8146503
8147267
8150247
8150401
8151913
8152577
8153388
8154004
8154411
8154957
8156445
8157458
8158252
8158847
8160800
8161189
8162072
8163566
8163702
8164141
8164544
8164684
8165778
8166008
8166304
8167102
8168069
8169185
8169295
8170817
8171554
8171776
8172878
8173737
8174550
8174756
8174850
8175099
8175838
8177755
8177821
8177992
8178277
8178311
8178797
8179229
8180011
8180861
8180974
8182407
8183819
8183846
8184881
8186130
8186571
8186644
8187304
8187858
8187939
8188340
8188512
8190029
8190713
8190718
8192139
8192157
8192572
8192948
8193806
8195055
8195807
8196706
8197212
8197341
8198436
8198814
8200474
8200665
8201013
8201892
8201902
8202417
8203095
8205805
8206492
8206778
8207896
8208105
8208961
8209065
8211145
8211197
8211847
8213242
8214946
8216712
8218954
8221377
8222238
8224401
8225092
8225304
8227685
8229191
8231871
8233178
8233907
8236620
8237462
8238013
8239505
8242345
8243098
8245306
8247025
8247409
8248219
8249158
8250483
8251638
8253145
8254112
8263749
8264543
8264823
8268041
8272158
8272573
8276481
8281648
8282487
8282786
8283381
8284393
8285859
8293070
8293844
8297390
8297746
8299182
8300928
8301218
8302564
8302596
8303976
8305150
8306336
8309231
8310868
8313523
8313819
8314513
8314951
8316117
8316279
8316382
8318967
8323436
8324833
8328953
8329838
8331246
8331972
8332945
8337477
8338571
8338818
8342943
8345268
8347392
8349348
8358542
8360847
8360851
8362064
8370559
8370925
8372066
8372894
8373266
8375006
8375068
8376163
8377931
8380303
8380364
8382482
8384273
8384635
8388420
8388625
8388896
8388992
8390559
8390654
8391918
8395001
8395474
8396873
8404435
8411362
8419272
8420191
8423016
8427162
8428349
8431383
8433014
8434870
8444062
8444471
8448346
8449169
8451636
8453474
8453927
8455092
8456482
8457722
8459781
8460411
8464364
8470804
8472693
8472799
8475688
8476590
8477377
8478822
8480094
8480137
8480905
8481612
8482016
8482911
8483688
8486130
8486851
8487332
8488019
8488401
8489245
8489503
8491503
8491825
8495534
8495654
8497679
8500289
8501601
8503422
8504783
8505176
8508980
8510590
8513846
8517211
8519311
8520710
8524597
8532172
8533013
8535830
8535980
8536476
8536982
8537787
8543022
8547318
8552127
8552828
8555182
8560158
8561188
8561371
8564051
8576697
8577375
8577411
8579206
8581630
8585666
8595298
8596249
8596538
8597959
8606832
8607468
8607638
8612372
8615604
8618695
8623438
8628133
8629229
8629481
8631148
8638896
8641825
8642788
8643702
8644189
8644273
8644303
8645450
8648126
8649844
8658974
8659920
8663065
8663205
8664496
8668937
8670336
8670696
8671782
8672794
8673677
8676558
8676855
8679959
8680975
8683940
8686900
8687981
8689672
8690389
8691016
8692741
8693555
8696937
8701551
8704685
8705176
8705551
8708050
8714307
8715599
8721711
8724877
8727170
8728313
8734749
8736007
8738157
8738559
8738787
8739490
8739604
8740469
8743859
8745596
8746201
8746387
8746558
8747304
8747661
8748163
8748876
8748967
8749790
8750533
8752253
8752621
8756347
8759688
8759904
8762433
8765795
8766796
8767842
8769492
8770868
8771318
8771528
8773968
8774077
8776419
8776713
8776714
8778187
8779412
8780273
8780589
8781502
8783209
8783211
8783284
8784887
8785749
8789108
8789121
8789320
8789466
8789970
8791689
8792010
8792266
8792976
8793452
8794131
8794257
8796115
8796766
8797807
8798833
8798873
8798884
8801115
8801738
8802339
8802354
8802404
8802545
8802895
8803726
8805878
8806264
8806782
8809259
8810607
8811797
8812045
8813048
8813494
8814733
8814785
8815590
8816445
8817757
8817977
8819313
8822130
8822557
8822979
8823020
8824102
8824521
8824923
8825115
8825252
8825392
8826053
8826798
8827351
8828766
8829946
8829959
8830313
8831842
8832180
8833342
8833389
8834398
8834955
8836567
8836777
8837170
8839144
8839944
8841103
8841402
8843136
8844082
8846003
8847021
8847469
8847549
8849027
8850111
8850480
8850651
8856285
8857539
8857995
8858201
8858484
8860711
8860932
8861096
8863911
8864865
8865330
8866858
8867141
8867830
8872604
8872777
8873879
8873922
8877748
8880470
8880880
8882855
8884848
8891523
8892211
8892538
8894687
8895568
8895991
8896531
8897373
8900209
8900274
8900875
8900908
8902423
8902727
8903152
8905057
8905230
8905288
8905333
8906072
8906109
8907588
8907696
8908100
8908203
8911009
8911688
8915094
8916115
8916232
8918122
8918123
8919581
8919723
8920435
8920577
8922163
8922407
8926785
8929593
8931163
8932586
8933871
8936503
8938002
8938005
8940556
8941517
8943498
8944620
8945795
8946349
8947241
8948319
8949374
8954984
8957976
8958036
8958625
8959739
8962992
8965977
8967311
8967934
8972425
8974137
8978380
8978691
8979187
8981728
8981746
8981831
8981929
8982347
8983414
8986277
9006617
9006936
9008354
9009149
9018934
9019117
9024704
9025729
9028685
9040239
9040276
9040650
9042129
9044378
9047450
9053522
9053657
9056502
9056872
9060727
9064767
9067310
9068605
9068968
9070105
9071018
9071656
9075445
9077230
9077275
9077863
9078825
9086662
9087733
9090601
9091088
9092781
9094736
9097605
9099699
9101447
9102555
9107869
9108322
9110116
9110978
9112653
9114669
9117573
9117618
9122290
9122355
9122490
9124619
9126476
9127435
9133692
9136181
9138381
9140998
9142404
9143785
9146086
9148424
9149594
9149735
9152320
9152469
9154568
9155652
9156256
9157004
9157387
9159985
9160434
9163085
9163521
9166091
9169423
9170537
9172527
9176484
9179139
9180088
9181049
9182404
9183599
9183906
9184592
9189936
9191361
9192006
9192598
9193687
9196490
9197314
9197808
9200148
9200365
9200753
9203725
9204245
9205330
9207505
9208202
9209259
9209913
9212525
9213012
9213037
9213292
9214229
9214542
9216991
9219507
9220328
9224087
9226553
9228223
9228792
9231497
9232387
9233120
9233665
9233720
9236818
9236852
9237610
9239916
9240775
9242066
9243119
9243595
9245411
9249136
9249642
9251304
9253792
9254146
9255853
9256642
9258240
9259385
9259720
9260746
9262593
9263887
9266670
9269864
9271022
9271923
9272713
9273118
9275184
9276561
9278512
9282343
9285761
9285778
9286378
9287513
9287946
9288259
9288367
9302086
9302724
9307072
9315558
9316567
9317817
9318840
9320663
9323618
9324782
9331279
9331972
9333044
9333449
9336354
9336515
9337745
9339763
9339900
9340515
9343370
9344124
9344749
9349138
9349228
9352788
9357144
9358991
9360124
9361055
9365332
9365690
9369624
9370100
9375364
9375992
9377006
9378655
9378740
9382046
9383025
9393052
9394520
9396565
9396605
9398389
9398789
9399980
9400275
9400865
9405297
9406528
9408221
9409759
9411597
9412168
9413914
9415376
9417721
9419832
9421303
9422479
9427527
9432374
9433867
9434263
9435084
9435520
9439461
9440034
9441536
9441679
9441812
9444603
9447862
9448536
9449231
9450816
9450975
9451486
9451814
9452610
9453198
9454876
9455349
9457482
9457536
9457686
9457756
9457868
9460553
9461104
9462470
9463091
9463910
9464564
9466603
9467260
9467409
9467562
9468951
9470576
9472028
9472751
9473338
9473799
9475354
9479004
9479822
9480319
9480700
9480832
9486760
9487954
9488272
9490103
9490688
9495531
9497464
9497794
9498008
9498032
9498621
9498971
9500354
9502817
9502964
9503225
9504148
9504505
9505682
9507828
9509200
9509961
9511279
9511429
9511986
9515708
9517614
9517994
9518000
9519974
9520330
9520679
9520945
9520967
9521393
9521912
9524128
9524642
9524864
9526091
9527748
9527830
9527831
9530564
9532920
9534433
9534482
9535727
9535753
9538378
9540022
9544933
9545064
9547051
9548610
9549498
9552104
9557963
9561238
9561340
9561934
9562791
9567233
9568229
9568509
9569946
9569981
9570100
9571530
9575023
9577807
9580602
9580935
9588746
9590716
9592278
9593115
9598117
9600639
9601892
9602003
9602422
9602807
9603220
9603404
9604118
9606739
9606889
9608558
9608710
9610814
9616495
9618066
9619756
9620753
9623181
9624837
9625080
9626973
9628019
9630666
9632313
9636158
9637336
9638669
9641250
9642527
9642854
9644025
9644127
9644137
9645414
9646492
9646638
9648328
9649381
9650657
9653152
9658504
9662765
9664302
9664642
9666540
9666800
9669512
9670886
9672632
9675178
9676233
9678391
9678831
9679306
9680879
9681749
9682990
9686092
9687034
9687909
9689835
9693699
9696011
9697935
9698306
9700074
9700915
9701571
9701915
9703592
9704036
9706696
9710101
9710737
9716842
9719346
9719567
9719806
9720336
9724997
9726486
9730479
9734459
9735086
9739795
9742564
9751115
9751543
9753052
9754261
9757230
9758116
9759504
9761714
9763115
9764694
9765664
9767627
9767861
9769234
9771194
9771247
9772661
9774673
9775603
9777488
9778158
9778566
9780785
9782085
9785609
9790587
9790742
9791917
9793669
9795166
9797588
9801287
9801673
9803197
9803831
9804859
9807656
9807948
9810639
9811349
9812352
9813078
9813600
9817492
9819792
9820114
9821170
9821885
9828057
9828996
9830391
9833565
9833615
9835765
9839180
9839319
9840519
9841144
9842630
9844663
9845280
9847069
9847249
9849712
9850302
9852742
9855833
9859745
9860236
9867877
9870976
9871635
9873013
9873724
9874607
9874819
9875681
9876043
9876321
9876356
9877682
9879058
9881127
9881459
9884667
9891987
9892579
9894577
9895105
9896523
9898036
9898658
9900905
9901442
9903343
9906836
9907354
9910378
9913383
9914439
9914865
9917639
9920685
9921341
9922111
9922243
9924565
9925032
9925122
9925554
9926774
9930220
9930628
9930729
9931541
9932268
9935267
9935646
9936636
9938997
9940715
9940862
9942063
9942873
9944917
9945197
9946700
9949722
9951002
9952260
9954351
9956067
9956146
9957771
9958898
9959142
9960389
9965751
9966997
9969481
9969623
9970833
9971117
9971793
9973845
9974984
9976819
9977862
9978842
9978930
9980894
9981241
9982156
9982994
9985667
9987005
9987054
9987651
9989457
9990388
9991109
9991351
9991641
9996344
9996606
9997842
10002986
10006878
10009984
10010588
10011053
10011859
10012255
10014133
10018175
10020459
10021291
10023159
10025894
10028958
10029260
10029459
10030103
10030578
10033476
10035000
10035165
10035456
10040412
10041237
10043143
10046952
10049894
10051859
10056197
10056637
10056866
10056991
10057478
10057941
10058326
10059511
10060349
10062967
10063189
10063873
10065853
10067195
10068648
10072188
10072505
10074033
10075867
10079085
10081610
10084661
10085325
10087068
10089755
10090704
10091546
10093544
10094714
10095105
10096143
10096154
10097627
10099657
10100083
10101844
10101903
10102249
10102936
10106913
10107232
10109164
10110640
10114078
10115304
10116774
10117392
10119098
10120020
10123232
10126548
10127172
10127289
10127983
10129818
10129895
10130950
10132887
10133847
10134340
10139528
10139700
10140904
10146586
10149077
10152586
10153359
10154063
10160294
10160996
10162426
10168034
10168676
10175954
10177564
10180366
10180523
10183077
10184324
10186566
10187594
10191264
10192456
10194263
10194478
10198172
10200246
10202940
10203415
10205572
10208288
10208580
10210554
10211531
10212263
10213752
10213893
10215911
10217217
10217467
10218260
10218629
10218747
10221136
10226133
10227152
10236269
10239035
10239609
10239907
10240173
10244805
10244859
10245234
10248275
10250822
10251431
10254900
10256636
10256906
10257082
10257660
10258691
10258957
10262449
10266025
10266638
10267785
10271135
10273653
10275268
10279465
10281026
10282244
10288763
10289119
10290941
10291906
10293927
10294394
10294872
10297600
10301532
10303057
10303754
10306113
10307602
10308468
10313929
10319057
10321628
10321942
10322019
10326383
10328503
10328715
10331573
10332178
10333706
10334874
10335473
10335670
10336065
10339535
10340625
10341192
10344106
10346535
10348153
10348443
10351057
10351814
10354139
10355424
10357921
10358341
10361190
10361446
10361899
10362294
10362869
10365907
10366424
10366998
10367873
10368158
10368403
10370282
10371567
10372346
10372902
10378758
10383640
10383881
10387996
10389876
10390245
10392118
10393793
10398505
10398943
10399119
10401279
10401476
10401658
10403434
10404223
10404245
10404686
10407104
10412422
10413453
10414668
10416020
10416388
10417292
10417333
10419511
10420220
10421543
10424876
10426953
10430543
10430595
10432405
10433080
10434432
10435085
10435389
10436077
10436335
10437633
10438752
10439370
10440655
10443304
10443357
10443775
10457990
10458641
10460597
10460920
10461365
10461400
10463053
10463865
10465027
10465239
10466051
10468365
10469087
10469560
10469942
10471284
10471709
10474259
10475756
10476472
10476688
10477062
10477847
10479014
10479090
10479096
10479156
10479449
10479819
10480381
10486178
10486629
10488500
10490672
10490880
10491648
10493000
10495799
10497372
10502443
10502622
10503820
10504512
10505249
10506527
10506619
10507313
10508511
10508965
10511240
10513496
10515283
10516641
10517819
10518335
10518508
10518817
10518916
10520489
10522219
10522881
10522947
10523897
10526488
10526497
10527181
10529647
10530709
10531049
10534819
10535480
10538216
10541023
10541684
10542144
10542343
10542495
10542717
10543750
10545836
10546489
10547508
10547635
10547833
10550925
10552260
10552426
10552963
10554377
10556456
10560746
10561112
10561994
10563067
10566439
10570202
10573196
10573446
10574287
10574827
10575758
10577043
10578422
10579150
10579257
10579949
10586166
10586530
10588842
10589085
10589462
10590641
10590874
10593265
10593698
10596748
10598372
10599415
10600647
10601976
10603009
10607744
10608406
10608721
10610034
10611441
10611617
10611909
10616976
10619828
10620571
10620657
10620679
10624127
10626789
10630344
10631122
10633196
10635590
10637532
10638294
10638441
10641493
10642892
10644372
10644593
10645160
10646681
10651301
10651555
10654198
10654626
10658653
10659862
10661021
10664345
10665775
10672676
10675347
10676653
10680042
10680975
10681117
10682209
10682486
10683032
10683181
10685252
10686083
10686369
10688439
10688857
10689046
10689853
10690636
10691296
10692301
10695015
10695944
10696379
10696537
10699996
10701597
10701602
10702613
10706911
10710313
10711621
10712517
10714321
10714453
10716266
10717791
10722749
10723810
10723864
10724362
10725253
10726094
10731354
10731873
10731907
10734160
10735843
10736349
10737490
10742506
10747688
10758846
10761552
10766197
10768957
10772907
10773223
10774377
10777594
10778088
10783303
10785449
10787321
10791202
10792013
10794418
10797597
10798671
10800163
10802082
10803539
10805439
10805487
10806467
10811514
10811585
10812857
10814671
10816795
10817503
10817538
10817673
10819836
10820765
10822201
10822979
10824430
10824762
10827242
10828243
10829818
10831883
10833069
10834019
10835095
10837813
10842012
10842515
10843948
10844325
10849759
10850076
10850713
10850940
10851182
10851696
10853141
10853582
10855389
10855785
10857240
10858962
10860333
10863163
10864882
10866234
10867499
10869699
10870231
10870752
10873458
10873974
10881025
10881142
10883300
10884142
10889864
10889968
10890491
10893109
10895889
10898788
10901970
10902478
10902527
10903274
10903826
10907029
10907124
10908511
10910422
10910621
10911437
10916352
10916500
10917257
10918599
10925125
10931803
10934200
10934845
10935182
10937301
10939067
10940279
10940613
10941982
10942078
10942474
10944259
10949615
10949901
10953070
10953722
10954780
10955942
10956383
10957827
10959753
10960244
10963620
10964373
10964515
10965537
10969398
10969603
10971011
10971180
10973568
10974124
10974646
10975438
10975592
10975932
10977429
10978392
10980293
10980435
10980792
10981816
10983064
10983788
10984005
10984686
10985814
10986631
10987656
10988267
10988851
10994774
10997663
10998533
10999045
10999201
11000969
11001064
11003660
11004352
11004390
11006455
11007408
11007971
11009395
11009756
11011309
11014939
11015782
11016362
11017630
11017757
11017801
11021189
11021374
11021384
11021467
11022255
11024765
11025157
11025669
11026132
11030394
11030838
11031954
11032120
11032879
11033167
11033382
11033588
11033853
11035081
11035153
11036219
11037014
11042960
11044563
11046591
11046869
11048978
11053236
11053676
11054139
11054354
11060412
11062273
11064848
11065972
11067420
11068960
11069248
11070300
11076845
11078431
11079029
11079864
11080623
11081431
11081570
11081989
11086674
11087546
11089326
11091062
11092395
11099241
11106085
11108031
11109454
11112724
11114758
11115482
11115644
11117258
11117785
11117887
11119430
11122337
11122995
11124646
11126478
11128092
11128239
11128385
11130716
11132242
11138842
11140358
11140772
11141729
11141833
11142119
11142735
11145155
11145467
11147026
11147946
11148970
11150924
11154096
11154662
11158093
11161159
11162474
11164216
11165056
11166534
11168626
11169789
11171020
11172661
11174328
11176047
11176052
11179690
11183148
11183956
11192222
11199287
11199652
11201666
11205496
11208085
11208113
11210244
11212836
11213227
11216028
11217841
11218120
11219018
11219210
11220047
11220666
11221968
11222256
11222281
11223984
11224522
11226266
11229264
11230106
11230797
11233632
11235118
11235613
11236244
11238777
11238993
11244440
11245331
11246630
11246882
11247405
11249464
11250555
11251425
11251468
11251617
11253174
11253221
11253484
11254317
11257890
11259687
11260710
11262477
11264554
11265848
11266270
11266819
11268053
11268264
11270536
11270709
11271591
11275233
11276463
11277449
11278359
11280778
11281026
11282411
11282894
11283930
11285947
11290974
11291938
11292099
11292502
11293417
11296657
11297893
11298134
11298615
11302259
11302381
11302753
11303396
11303839
11304750
11305833
11306031
11306335
11308380
11310221
11310659
11311836
11313717
11315566
11316832
11316873
11320653
11320817
11324664
11324700
11325648
11326015
11326834
11327399
11328061
11328544
11329314
11330585
11332812
11334253
11337682
11338390
11338859
11339032
11339379
11340633
11343305
11343433
11345162
11346157
11348065
11352793
11355555
11356193
11356674
11359673
11360263
11360895
11363491
11363679
11364699
11366191
11368506
11368696
11369097
11370012
11370511
11375289
11376277
11378449
11378896
11379495
11379732
11379942
11381191
11382571
11384026
11385612
11386910
11388336
11390195
11390440
11392406
11392641
11394524
11402190
11403149
11403840
11404298
11406815
11408038
11409750
11411771
11412766
11414284
11414382
11414551
11416460
11419812
11421905
11422259
11422479
11423207
11423883
11424333
11426022
11427796
11431006
11431567
11432682
11432823
11437963
11438581
11438662
11439914
11441860
11442438
11444483
11444602
11445070
11445593
11446407
11447879
11450828
11451410
11451447
11451672
11453417
11454611
11454790
11454819
11456264
11456399
11456439
11457832
11458301
11461117
11462715
11464764
11465801
11467578
11468044
11468125
11468608
11469375
11471445
11476218
11477451
11477667
11478518
11478717
11479366
11480276
11483073
11487846
11488806
11489602
11492351
11492887
11493909
11494117
11497350
11498295
11501651
11502763
11504104
11504325
11504983
11509607
11511278
11512415
11517077
11519772
11519951
11521603
11523609
11524233
11528202
11530086
11531161
11531948
11534524
11535871
11536855
11546172
11547190
11547955
11552300
11552659
11553397
11554765
11555053
11555382
11556932
11560016
11561405
11562409
11562966
11563640
11565540
11566772
11568108
11569424
11571675
11573753
11573998
11574875
11576301
11577891
11579338
11579344
11581504
11582767
11584854
11585629
11589385
11590339
11590538
11592253
11592523
11592852
11593141
11593376
11593651
11595853
11595974
11597842
11598478
11600886
11601402
11603166
11603585
11605291
11605709
11608523
11609735
11612502
11613856
11615391
11616031
11617028
11618433
11620114
11622174
11623614
11623903
11625349
11630546
11635473
11636604
11636739
11637549
11641848
11642517
11643120
11647455
11647657
11651047
11651397
11655752
11658301
11658965
11660161
11664268
11666358
11666569
11667215
11668790
11670034
11671810
11674709
11677153
11677745
11677747
11678114
11680763
11684631
11686600
11687656
11687756
11688443
11692527
11695242
11695295
11699633
11704312
11708228
11710158
11711159
11711568
11713891
11714317
11714527
11714711
11717170
11720188
11721630
11723956
11724099
11725802
11727535
11730552
11731397
11731888
11733278
11734024
11734514
11734544
11734601
11735277
11735793
11735949
11736572
11736803
11736828
11737342
11737572
11741375
11741921
11745001
11747498
11748698
11750982
11753997
11756016
11759499
11759771
11764658
11767305
11767432
11772158
11774102
11774242
11774605
11775844
11780815
11780911
11782309
11784061
11784440
11785571
11790051
11790493
11791057
11792641
11792777
11792923
11793070
11793643
11794279
11795617
11795901
11798455
11801936
11802974
11803078
11804642
11806397
11806557
11807829
11808534
11809315
11810006
11810298
11814581
11814735
11815533
11815725
11816884
11817924
11819382
11820034
11820400
11820760
11821969
11821997
11822829
11823156
11824690
11826087
11826452
11826476
11827784
11829293
11829503
11831254
11831832
11832483
11833090
11833100
11833340
11833654
11835594
11835845
11836120
11837751
11838315
11839625
11839890
11841438
11841778
11842038
11842676
11843089
11843616
11844007
11844023
11844377
11844926
11847754
11848269
11848922
11849984
11850154
11850359
11851882
11853087
11853721
11854666
11854827
11854905
11855233
11855493
11856056
11856089
11856173
11857022
11857656
11857724
11858346
11858370
11858974
11860254
11860503
11860695
11861985
11862241
11862680
11862944
11862983
11863258
11864202
11865286
11866091
11868068
11869162
11869736
11870016
11870367
11870400
11871405
11871985
11872480
11872636
11873957
11875740
11876609
11876697
11877250
11877440
11877795
11880677
11881541
11882110
11882130
11883181
11883748
11884405
11887183
11887360
11887744
11888461
11888958
11889898
11891450
11891952
11893121
11893129
11893348
11893565
11894547
11894685
11897590
11898926
11898999
11899015
11899050
11899578
11900333
11900396
11901442
11901544
11902038
11902094
11902626
11903634
11903947
11904169
11905506
11905580
11905689
11906780
11906841
11907435
11907905
11908856
11911097
11914117
11914757
11915656
11917927
11918857
11921714
11921858
11922178
11923257
11923831
11925324
11926012
11927042
11927212
11927761
11927860
11928761
11929266
11929753
11930877
11933046
11935013
11935289
11935499
11937001
11937579
11937610
11938715
11938918
11939236
11940620
11940878
11942201
11942901
11946790
11948377
11949182
11949461
11950883
11951708
11952702
11953071
11957130
11957308
11957356
11957402
11960309
11962579
11962859
11963562
11963951
11965302
11965446
11965591
11965667
11966134
11968302
11968929
11970236
11971752
11972181
11972522
11974766
11978191
11980321
11981057
11982545
11983578
11983629
11983993
11985132
11985532
11986409
11993722
11996444
11997443
12002163
12002230
12002775
12003196
12004510
12005711
12009350
12009655
12010722
12016730
12017594
12022679
12025711
12028316
12028350
12029087
12029590
12029804
12030538
12031662
12032880
12033482
12033739
12037267
12038633
12041201
12041350
12043410
12046060
12046153
12048386
12048978
12049325
12051354
12055487
12061542
12063348
12064738
12065064
12067326
12071143
12071197
12074811
12075212
12076017
12076047
12079402
12079727
12080847
12080908
12082941
12084504
12086724
12087349
12089598
12093861
12094360
12096966
12097587
12099456
12101772
12102875
12106017
12106699
12106746
12108568
12108791
12110540
12115190
12118269
12120370
12121519
12122742
12123124
12123982
12124386
12127006
12127226
12127853
12128308
12131231
12131555
12135649
12138386
12138597
12140215
12141214
12142002
12143668
12145841
12146665
12149855
12149859
12152687
12152771
12153488
12153622
12155203
12156164
12157724
12159152
12159813
12160762
12162749
12164278
12164776
12165780
12166965
12167387
12169534
12170806
12173554
12175717
12175904
12178019
12180085
12180567
12182017
12183077
12187242
12188644
12190750
12194436
12197357
12198616
12202621
12203638
12210920
12212551
12215228
12215872
12218184
12220293
12221781
12221832
12224786
12225471
12228496
12229527
12233888
12234581
12236164
12237521
12239048
12239111
12241527
12242141
12243046
12244867
12245086
12245910
12247421
12252313
12252621
12254663
12257266
12258641
12262423
12263815
12264772
12265999
12267982
12269163
12270529
12273815
12274521
12277482
12277700
12278450
12279546
12280215
12280279
12280337
12282418
12285285
12285312
12285933
12286612
12287737
12289254
12290967
12293128
12295797
12296691
12296835
12299484
12300276
12301210
12301331
12303164
12305080
12305660
12305897
12307507
12308007
12312939
12314666
12315608
