1554
3148
3458
7028
7260
9098
9756
10068
10908
10944
11194
12755
14152
16153
16846
16975
17791
18946
19436
22407
23442
24492
26642
26855
27371
27523
27839
28724
29854
31212
31459
31583
33357
33773
34319
34773
35694
35764
35956
36080
37165
37307
38045
38124
38472
39079
39359
39708
40382
41025
41042
41918
42380
42389
42552
43983
44266
44850
45647
46347
48235
50661
51574
51674
52822
53960
55549
56405
57125
60164
61881
63739
64192
65264
70421
70559
71272
73246
74156
74268
75167
80063
80231
80891
80960
82139
82527
83523
84423
85477
86667
87081
87298
88474
88803
89881
90236
90753
90798
94582
94979
100574
101136
103750
106324
106617
107241
107944
112400
114353
115346
116310
117674
118385
118424
118774
119681
119985
122824
123293
123432
124309
124457
125801
125962
126392
127214
128034
128192
128482
128812
128934
129007
129039
129204
129718
130810
130986
131420
131567
131616
132013
132503
132570
133189
133995
134193
134417
135069
135483
135606
139336
139987
140771
141385
141431
141771
142095
142109
142920
142960
143599
143896
144052
144378
147483
148762
150153
151100
151147
152116
152353
152839
153348
153652
155594
155737
156308
157460
157705
158390
161248
162815
163095
168005
172717
173503
174752
175242
177278
177540
177830
181207
182318
184856
185055
186350
189785
190411
195687
196448
203218
205257
208035
211136
213641
216813
217620
219964
220457
221256
221467
221599
221705
223802
225894
226216
228679
229177
231920
232035
234267
235588
236497
236940
237404
237606
238189
239437
239851
242027
242522
243612
246580
250087
250110
253611
253636
253735
255861
255870
258630
261728
263729
264986
265081
265656
265800
266831
269076
270060
270377
272097
273463
273836
275719
275946
276591
276693
278731
278917
279552
279988
280436
283208
286495
288504
289472
289483
289799
290186
291144
292236
292279
292768
293475
295995
296554
297530
297761
298052
298103
298140
298178
298287
298350
298380
298506
298575
298683
298751
299208
299266
299383
299394
299485
299597
299633
299775
299864
299886
300070
300109
300282
300290
300357
300476
300724
300737
300769
300799
300832
300999
301013
301029
301101
301226
301298
301344
301449
301468
301519
301566
301601
301679
301801
301812
301821
301861
301863
301874
301987
302009
302024
302126
302165
302166
302178
302204
302423
302580
302640
302734
302775
302969
303022
303067
303246
303575
303783
303811
303926
303965
304096
304223
304296
304389
304417
304474
304485
304492
304622
304723
304913
305035
305134
305238
305251
305595
305627
305638
305640
305897
306405
306440
306575
307631
307644
307672
307834
307944
308173
308699
308936
309227
309388
309435
309803
309962
310260
310699
311405
311410
312041
312083
312319
312648
312698
313111
313593
314043
315162
315262
315348
317826
318266
318391
318420
318713
320328
320723
321448
324440
325063
325421
325714
325826
326219
326533
326926
327053
327314
328149
329311
329435
331638
332416
332574
333457
333706
333808
334139
335234
336592
336593
337033
345683
345909
346291
346415
346436
347174
347537
347702
354369
354421
354470
354498
357004
357552
358679
359092
360311
360553
363830
364169
364472
364803
371277
371842
372891
375918
376057
376643
376840
376975
377021
377154
378012
378153
379046
379586
383053
384040
384256
385086
386048
386578
387634
387678
387826
387899
388900
389476
390342
391007
392025
392517
393194
393680
394445
394891
395499
396956
398555
398757
399178
400968
403003
403210
403911
404274
404826
410471
411398
411836
412918
412950
415372
415735
416239
416449
417211
417978
418278
419056
420185
420767
420785
421862
422178
424562
425109
425428
427712
428516
428821
428872
429621
431351
434851
437710
437790
437820
437960
443098
443240
443421
443456
443711
444241
444851
445231
445318
446058
446237
446464
446957
448426
448680
449017
449860
449935
451433
451548
452709
453135
454162
456391
457088
458011
461001
461473
462175
462862
463283
466669
467425
467730
467809
468758
469819
470303
472397
473442
473888
475725
475973
476007
477293
477406
477485
477660
478108
478701
478904
479963
480016
481437
482177
482992
483501
485177
485677
485700
486145
486375
486437
487111
488054
489727
489756
491220
492472
492804
493327
493350
493699
495010
495135
495322
499206
500643
501527
501694
501945
502098
502137
502164
503496
505414
505439
506578
506665
508491
508827
509343
509477
510480
512182
514968
515397
515578
515918
516631
516698
516738
518000
519468
525123
526341
526750
527289
527442
527538
527665
527771
529184
529614
529724
530018
530833
531767
533936
534420
535625
536438
538280
538303
538452
538902
540505
545188
546357
548040
548730
549041
549498
549829
553662
553796
554989
555351
556776
557115
560453
564732
566562
570010
572713
573271
573348
574937
576229
576773
576810
577247
578729
579774
580153
580589
583220
583301
584400
584993
585510
587569
587697
587811
587901
588285
588295
588527
590139
590166
590762
591211
591346
591546
591987
592135
592634
593215
594237
595027
595135
595218
595696
596937
597117
597161
598566
599141
599520
601019
602652
603527
603652
604187
604573
604937
605787
606374
606538
606846
606866
607789
609396
610017
611614
612078
612219
612640
612800
613183
613901
614376
616173
618560
621035
621312
621348
621457
623072
624777
625264
625930
626212
626354
626727
629033
629921
630567
632612
634470
634719
635885
637029
637705
640903
641841
643315
644172
645705
645767
646431
647071
647314
648377
648556
649811
650309
651086
651201
651666
651908
652419
652425
652461
652621
652628
652987
653330
654032
655265
656592
657446
657640
657688
658920
659709
660315
660868
660916
661035
661179
661255
662110
662276
663842
664032
664339
664840
666267
667362
668954
669644
671674
671929
672370
672549
673171
673207
673878
674100
677460
678145
682355
682423
684152
686418
688095
688939
691467
692180
694935
695198
695251
698661
699404
700401
700621
700973
701208
701217
701289
701410
702380
704138
704996
705317
705800
708659
708762
708776
709060
709543
710656
711354
711645
711997
712050
712909
715033
716966
719375
719431
719743
719902
722761
722839
723398
723460
724095
724656
724970
725056
725674
729016
730614
732363
732945
733345
734578
734761
735524
736621
738600
738758
740274
741797
742374
742561
743003
744076
745308
745458
745831
746822
746876
747082
747107
750436
751121
751202
752264
753294
753737
753769
754917
755050
755133
755720
755980
756384
756572
757062
757646
758102
758656
762263
762921
763690
764577
765211
765218
766216
772767
773359
775417
777213
778669
779867
781719
782145
782999
784783
785854
788883
788887
788900
789705
790326
790596
791010
792517
792648
792670
792932
793124
794019
794294
794520
794649
796401
796873
800015
800104
800598
801689
802106
802737
802821
803534
803634
803683
807286
807513
808429
810275
811672
812410
812504
814467
815387
815417
816790
817975
818029
818637
819297
819407
820854
823755
824924
824935
825518
825598
827235
827435
827747
827839
828148
828622
830704
832251
835063
838580
840664
841252
841462
843917
853487
853779
855101
855723
856622
859592
859690
861587
861696
861921
862325
863915
866490
866896
868731
869668
871919
873019
873514
873517
873590
873975
876363
876742
876943
877537
879729
879871
880353
880726
881438
882295
882658
882727
884292
885433
885921
887310
887344
887409
887728
891936
891948
892292
892396
895222
897745
899626
902484
902532
902611
903593
903789
904812
905255
906223
907548
907823
908419
909863
909977
910766
912135
913368
913922
916176
917279
917709
920048
922833
923921
926585
926760
933835
936608
939301
940994
941213
942413
943596
943686
946947
947995
948144
949518
950353
954475
954666
954811
956682
965410
970673
971792
972303
973482
973779
973928
974255
976124
976952
977402
978002
979484
979828
979885
980763
981534
983723
988290
989327
990062
995473
995894
996852
997119
997986
999594
1004498
1004873
1009389
1010247
1010933
1012020
1014368
1015343
1016639
1019788
1021064
1021379
1021875
1022989
1024389
1025078
1025286
1025800
1025882
1026458
1027325
1027385
1027886
1029025
1029087
1029614
1030764
1031369
1031504
1031820
1032564
1033384
1039387
1042021
1042849
1045200
1047227
1050337
1053854
1054268
1060070
1060249
1060633
1060887
1061326
1062392
1064370
1064891
1065501
1066504
1066922
1068048
1068328
1069571
1070302
1070726
1070969
1071542
1072103
1072138
1073500
1073882
1074716
1074852
1075038
1075161
1075953
1076210
1076226
1076453
1077000
1077241
1077416
1078605
1081730
1081879
1082232
1082608
1084272
1085175
1086846
1088227
1088492
1089176
1091444
1092908
1093287
1094004
1094090
1094391
1094655
1096589
1096690
1097255
1097298
1097545
1097569
1097910
1097946
1098452
1098793
1099658
1099697
1100199
1100387
1101041
1101662
1102528
1103110
1105560
1105915
1105938
1106075
1107097
1107632
1109821
1111143
1111557
1113712
1115357
1116236
1116270
1117458
1117653
1117765
1119651
1119769
1122385
1122520
1123014
1123832
1126903
1127863
1128171
1128216
1129622
1130664
1130730
1130908
1132464
1133841
1134515
1135495
1135496
1136303
1136472
1136795
1136977
1137442
1139110
1140516
1143645
1143971
1144767
1146828
1147049
1147745
1147787
1148789
1149605
1152104
1152307
1153015
1153472
1154085
1154625
1154748
1154867
1154962
1155632
1159482
1161223
1163648
1165138
1168228
1169553
1170055
1170062
1170249
1170463
1172350
1173485
1176798
1178058
1184719
1184959
1185153
1185558
1185789
1187799
1188949
1191469
1191726
1192335
1192927
1196140
1196316
1198320
1198393
1198529
1198571
1198831
1199950
1200066
1200511
1200877
1201243
1201248
1201745
1201885
1203557
1207860
1210109
1210539
1210800
1211677
1214011
1214963
1216703
1216799
1216834
1217474
1217629
1217653
1218018
1218728
1218926
1219310
1219738
1220004
1220989
1221430
1221733
1222059
1223229
1223299
1225886
1226416
1226964
1228581
1228969
1230590
1231097
1231160
1231812
1232000
1232084
1232871
1233963
1234204
1234978
1234987
1235193
1237732
1238023
1239867
1239868
1240811
1241536
1242644
1242831
1249043
1250102
1251285
1252120
1254651
1256334
1256630
1257644
