0.04772727272727273
-0.12333333333333332
-0.13541666666666666
-0.75
0.0695175438596491
-0.013333333333333336
0.053985507246376824
0.16999999999999998
0.10277777777777779
0.068125
0.14074074074074072
-0.0470299145299145
0.09930555555555556
0.16277777777777777
-0.16499999999999998
0.21166666666666661
0.11666666666666665
-0.0625
-0.061964285714285715
0.08246413110698825
0.4166666666666667
0.16750000000000004
0.1395833333333333
-0.08492063492063491
-0.09166666666666667
0.0716600854100854
0.3628571428571429
0.15000000000000002
0.16249999999999998
0.35
-0.13630952380952377
0.08499999999999999
-0.10000000000000002
0.09129772549854519
0.024999999999999998
0.060714285714285714
-0.08927170868347337
-0.008928571428571433
0.29795918367346935
0.002797202797202798
0.010416666666666666
-0.09005102040816328
0.1408888888888889
-0.42499999999999993
-0.1805952380952381
0.023809523809523805
-0.05373809523809522
0.10888888888888888
0.01527777777777776
-0.033333333333333326
-0.43333333333333335
0.0
0.0
-0.1785714285714286
0.07206152433425161
-0.5
0.2785714285714286
-0.10000000000000002
-0.41874999999999996
0.15
-0.011666666666666659
-0.4
0.06898148148148148
0.1479032751760025
0.25307692307692303
0.14776785714285715
-0.1
0.2
0.19065934065934062
0.20488158899923606
0.04375
-0.012499999999999997
0.16666666666666666
-0.35079365079365077
0.06000000000000003
-0.175
-0.40625
-0.03888888888888888
0.08333333333333333
0.144047619047619
0.07500000000000001
0.017857142857142867
-0.5
0.00944444444444445
-0.03333333333333336
0.06642581660763479
0.0
-0.3333333333333333
0.043452380952380944
-0.145
0.0
-0.1
-0.03611111111111112
0.007987264673311182
0.12988095238095237
0.2
0.10987103174603174
0.17500000000000002
-0.027500000000000014
0.01249999999999999
0.019612433862433862
0.15172603132161952
-0.03
0.24255208333333333
0.3333333333333333
1.0
0.08074675324675326
-0.10714285714285715
0.049744897959183666
0.011266534391534412
0.2
0.425
0.25
0.13333333333333336
-0.21749999999999997
-0.5
-0.005654761904761904
0.04367666427203067
-0.1253968253968254
0.11706349206349208
-0.005458333333333325
0.19276094276094277
-0.06666666666666665
0.20333333333333334
0.057371794871794876
0.2
0.11000000000000001
0.12272727272727275
-0.009523809523809526
0.2649206349206349
0.1
0.25
0.0
-0.3
-0.024999999999999998
0.1568131868131868
0.09528030303030302
0.14285714285714285
0.07019230769230769
0.1409090909090909
0.07301801801801804
0.09523809523809523
0.27499999999999997
0.06276400367309456
0.047619047619047616
-0.19166666666666665
-0.08095238095238096
-1.0
0.12653061224489795
-0.025
-0.125
0.33999999999999997
-0.0028030303030303055
-0.19761904761904758
-0.022839506172839516
0.09836929563492063
0.24107142857142858
0.1125
0.3
-0.20416666666666664
-0.07927170868347339
0.01142565359477124
0.0859126984126984
0.15444444444444444
0.2985119047619048
0.11200000000000003
-0.06875
0.2
0.03516326530612245
0.15595238095238093
0.12125
0.0746685606060606
0.09999999999999998
-0.18510101010101013
-0.09238095238095238
-0.14666666666666667
0.12142857142857143
0.275
0.08333333333333333
0.43333333333333335
0.10000000000000002
0.1538729128014842
0.7
-0.025000000000000005
0.0
-0.125
-0.04294871794871794
0.0
-0.20793650793650792
0.04444444444444443
-0.041666666666666664
0.10878787878787882
0.19294871794871798
0.2621794871794872
0.08888888888888889
0.1
0.009801587301587304
-0.05
0.0
-0.05
0.04186894454751599
-0.275
-0.5
0.0
-0.10427350427350429
0.03154761904761905
0.25833333333333336
0.42000000000000004
-0.11111111111111112
0.17083333333333334
-0.010591133004926116
0.0
-0.08162202380952381
0.08041617473435655
0.17142857142857143
-0.2796296296296296
-0.13333333333333333
0.12598765432098769
0.05333333333333334
0.2
-0.057680555555555534
0.057589285714285704
-0.059011994949494946
0.21309523809523812
0.1
0.04523809523809524
-0.44999999999999996
-0.06362781954887217
0.07249999999999998
0.19
-0.05113636363636364
-0.10625
0.11388888888888889
0.03076923076923077
-0.0890625
-0.13611111111111113
-0.25
-0.23095238095238094
0.11065656565656566
-0.0023809523809523803
-0.01152709359605913
0.16172619047619044
0.04666666666666666
-0.021356421356421372
0.16
0.125
-0.04953703703703704
0.175
0.019999999999999997
-0.055
0.16666666666666666
0.3227272727272727
0.5
0.05
-0.18686868686868685
-0.024074074074074074
-0.008518518518518505
0.5
0.22999999999999998
0.18055555555555555
0.02426108374384238
0.13999999999999999
0.03657407407407407
0.10231990231990232
0.0
0.05007853835978837
-0.04354056437389771
0.2375
-0.3
0.10999999999999999
0.5
0.030308123249299712
0.0
0.14676870748299317
0.475
-0.01071428571428571
0.033766233766233764
-0.10952380952380951
0.1388888888888889
-0.23500000000000001
0.1285714285714286
0.2
0.037500000000000006
-0.03333333333333333
-0.05
-0.5
0.03333333333333333
0.0330891330891331
0.21717171717171715
0.15833333333333333
0.2100140056022409
0.1311011904761905
0.2
0.0
0.04999999999999999
-0.021929824561403508
-0.16666666666666666
0.04166666666666668
0.020833333333333332
0.5
-0.05649350649350649
-0.475
-0.5
0.5
0.10680272108843537
0.11500000000000002
0.0736111111111111
-0.014583333333333344
-0.15
-0.058101851851851856
0.2786830357142857
0.4
-0.05833333333333335
-0.23333333333333334
-0.4
0.026388888888888882
-0.0909090909090909
0.017361111111111105
0.09305555555555554
0.0014880952380952328
-0.31020408163265306
-0.225
-0.0625
-0.03888888888888888
0.2
0.02619047619047619
-0.16021825396825398
-0.0809090909090909
0.004271708683473394
0.2611111111111111
0.09464285714285714
0.04374999999999999
-0.33749999999999997
0.041617192331478044
0.0
-0.13999999999999999
0.0
0.0
-0.6
0.17777777777777773
-0.015611042396756676
-0.4953125
-0.014583333333333337
-0.074453125
-0.09166666666666667
0.13035714285714284
0.07592592592592592
0.5
0.07500000000000002
-0.03947368421052631
-0.11055555555555555
0.12222222222222222
0.12159090909090912
0.08579545454545454
0.02481060606060605
0.10000000000000002
0.11374999999999999
-0.23541666666666666
0.1125
-0.24545454545454548
0.09999999999999999
0.09999999999999999
0.5
0.12927083333333333
-0.21875
0.20000000000000004
0.4285714285714286
0.14226190476190476
-0.06666666666666667
0.03840348639455784
0.2
-0.018589743589743583
0.15849673202614384
-0.1675925925925926
-0.05554915514592935
0.017187499999999988
0.17028769841269842
-0.065
-0.04464285714285715
-0.11388888888888886
0.08537414965986392
0.19375
-0.05625425170068027
-0.3111111111111111
0.10895691609977323
0.07061403508771931
0.08472222222222221
0.08509353741496598
0.030519480519480523
-0.049999999999999996
0.23953823953823955
0.0829269841269841
-0.054166666666666675
0.0
0.0
-0.0005747126436781665
0.12916666666666668
0.0888888888888889
0.18961038961038962
0.0
-0.032638888888888884
-0.06356245380635624
0.38825757575757575
0.125
0.21000000000000002
0.12191176470588234
0.07923809523809523
0.03268849206349207
0.19251700680272107
0.12416666666666669
0.3075
0.1915270935960592
0.22749999999999998
0.017063492063492065
0.45000000000000007
0.14
0.29
0.121875
-0.07500000000000001
0.14583333333333334
-1.6653345369377347e-17
0.16672446034690933
-0.4357142857142857
0.007575757575757569
0.271604938271605
0.1074404761904762
0.10665784832451501
0.08460109570279063
0.08
-0.2277777777777778
-0.16
0.35
0.22333333333333336
0.030065876152832675
0.15349483849483847
0.10506617192331479
0.030473856209150326
0.15349483849483847
0.11189517947330449
0.3982954545454545
-0.1453125
0.15349483849483847
0.1026984126984127
0.2833333333333333
-0.5
-0.023809523809523808
0.5
-0.03333333333333333
0.06497564935064935
-0.07407407407407408
0.24047619047619045
-0.5
-0.2347222222222222
0.0
-0.03941798941798943
-0.16746031746031748
0.14206349206349206
0.17500000000000002
0.12
-0.11249999999999999
-0.19999999999999998
0.19
0.3
-0.13333333333333333
0.10357142857142859
0.10654761904761903
0.5
0.04285147392290249
0.07132677313349581
0.2375
-0.09999999999999999
0.02272727272727273
1.0
0.1
0.010714285714285732
0.0
0.0686111111111111
0.041565040650406504
-0.07797619047619049
0.2708333333333333
0.05000000000000001
0.22
0.0
0.13999999999999999
0.18333333333333335
0.30119047619047623
-0.30625
-0.0639455782312925
0.05
0.1
0.13366190476190476
0.06538194444444446
-0.19629629629629633
0.23030303030303031
-0.03737244897959185
0.12
0.017261904761904763
0.25
-0.12821263227513227
0.1676339285714286
-0.016666666666666666
-0.029375000000000005
0.11788194444444447
0.10264880952380949
0.020833333333333332
0.3111111111111111
0.013333333333333353
-0.08143939393939394
-0.03890873015873016
0.006388888888888907
0.06999999999999999
-0.10562500000000002
0.12080200501253131
0.1159090909090909
0.13333333333333333
0.11599999999999999
0.15555555555555556
0.0
0.0
-0.033333333333333326
0.12500000000000003
0.11626984126984129
-0.070578231292517
-0.05
-0.014285714285714282
0.03125
0.3333333333333333
0.051120448179271694
0.07756410256410258
0.24789682539682542
0.056249999999999994
0.24909090909090909
-0.2511111111111112
0.05151515151515152
0.6666666666666666
0.255
-0.018939393939393936
0.07393162393162395
-0.10000000000000002
-0.13749999999999998
0.075
-5.551115123125783e-18
0.0
0.08571428571428573
0.06860544217687074
0.35
-0.1263888888888889
0.10833333333333334
0.1333333333333333
-0.14583333333333334
0.5
0.0
-0.4
0.2285714285714286
0.1295238095238095
0.015625
0.3097926136363637
0.11974747474747476
0.16607142857142856
0.2390476190476191
0.39285714285714285
-0.17531622023809523
-0.1212121212121212
-0.030555555555555558
0.11666666666666665
0.0
0.13333333333333333
0.0
0.08708427815570675
0.14136969815248498
0.11125
0.16868312757201645
0.30833333333333335
-0.06022222222222222
0.1
0.12307692307692308
0.0
0.05595238095238094
0.2333333333333333
0.1722222222222222
-0.093
0.035714285714285705
0.021071428571428567
0.1375
0.25555555555555554
0.13333333333333336
0.03883928571428571
0.09625000000000002
-0.2041666666666667
0.03072916666666666
0.13999999999999999
0.08359423143905903
-0.08476190476190475
0.03333333333333334
0.0644688644688645
0.12045454545454545
0.0
0.008197674418604644
0.0
0.07708333333333335
-0.29999999999999993
0.0
-0.25312499999999993
0.09999999999999998
-0.2
-0.05248015873015873
0.0064102564102564135
-0.08099999999999999
0.13493392572339938
0.19999999999999998
0.11858974358974358
0.13652597402597405
0.016580086580086587
-0.15
-0.09333333333333332
-0.09814814814814815
-0.09444444444444444
0.05039832852332851
0.060416666666666674
0.20000000000000004
0.0933394091288828
0.07850213511978217
-0.0665079365079365
-0.07026143790849675
-0.16
0.054571428571428576
0.15349483849483847
0.0
0.18571428571428572
0.039999999999999994
-0.003541666666666654
-0.08999999999999996
0.08076923076923079
-0.029365079365079347
0.11194444444444443
0.29042207792207797
0.23636363636363636
-0.37083333333333335
-0.16666666666666666
-0.13333333333333333
-0.3
-0.1486111111111111
0.25
0.06666666666666667
0.06946969696969697
0.5
-0.35000000000000003
0.07727272727272728
0.0
-0.14218750000000002
0.10714285714285714
0.048965581743359514
-0.5
0.3183333333333333
0.05
0.2791666666666667
0.11
-0.009829059829059846
-0.125
0.20342857142857138
0.023529411764705882
-0.09455357142857143
-0.013888888888888902
0.021428571428571408
0.057678571428571426
-0.08928571428571427
-0.2
0.0
0.255
0.11727272727272728
0.01836580086580086
0.22695652173913047
0.10476190476190476
0.15416666666666667
0.24
0.07414529914529913
0.14372674109516215
0.14055555555555552
0.0413265306122449
0.04981684981684983
0.20279720279720279
0.05
-0.11562499999999995
0.0416015625
-0.009499999999999982
0.24933333333333335
-0.16666666666666666
0.09760874046588332
-0.4833333333333332
0.2611111111111111
0.0889625850340136
0.02343520676854011
-0.6
0.021938775510204084
0.005797619047619049
0.052037037037037034
-0.08333333333333333
0.08285714285714285
-0.06750000000000003
0.12015873015873015
0.2
0.06024743230625585
0.44999999999999996
0.006444444444444435
0.06506410256410257
0.07305555555555555
0.03333333333333333
0.017604617604617612
0.08409090909090909
-0.14122807017543862
-0.0880952380952381
-0.05757575757575757
-0.042517006802721066
-0.07308201058201057
0.0625
0.0679047619047619
0.004861111111111117
0.07942176870748299
0.0495959595959596
0.4027582908163265
-0.1625
0.2676767676767677
0.02111291486291485
0.35833333333333334
0.11428571428571428
-0.005728715728715743
0.0861111111111111
-0.032828282828282825
-0.041666666666666664
0.175
0.057477025898078536
-0.031363636363636364
0.34249999999999997
0.12510416666666666
0.09683354280128471
0.15
0.19340659340659344
0.23571428571428574
-0.07619047619047618
0.17714285714285713
0.10833333333333334
0.01947368421052632
1.0
0.10565079365079366
0.09090909090909091
-0.195
0.0
0.16428571428571428
0.1201058201058201
0.175
-0.0875
0.11416666666666667
0.10694444444444444
-0.625
-0.1087962962962963
0.10714285714285714
0.25
-0.019157848324514986
0.0703514739229025
0.04780701754385965
0.24341372912801482
-0.008333333333333333
0.3409090909090909
0.05961538461538461
0.09418498168498167
0.13841424448567308
-0.0049908424908424905
0.09517195767195769
0.15927871148459383
0.02495454545454545
0.171875
0.31999999999999995
-0.0013867724867724844
0.08333333333333333
0.025
-0.15
0.07588571428571426
0.0
-0.2214285714285714
0.049999999999999996
0.037500000000000006
0.06004329004329002
0.1375
0.15200708382526562
-0.08230733082706763
-0.08333333333333334
0.18982310792655616
-0.05000000000000001
-0.35
-0.05499999999999999
0.10374999999999998
0.20666666666666667
0.04652777777777778
-0.13451554232804233
0.519047619047619
0.2316287878787879
0.0
-0.12117283950617286
-0.10705128205128203
-0.04764492753623188
-0.012962962962962966
0.3333333333333333
0.065
0.02944444444444445
0.35
