-0.0025423091458805593
-0.11047346759520671
-0.12652356386999244
0.13932348484848486
-0.1258277777777778
0.15661111111111112
-0.17916666666666667
-0.10916666666666668
0.07195925925925926
0.20373333333333332
-0.039533140933140934
-0.057333333333333326
0.1330230769230769
0.057533333333333325
0.030407309792603903
-0.14679777777777778
0.046484656084656094
0.06468911854103344
0.1991897959183673
-0.06401377777777777
0.008734225856448072
-0.18655555555555556
0.055101008009703654
0.06218965207631874
-0.0407332098765432
-0.0002777777777778027
-0.16790277777777782
-0.3909809523809524
-0.05652499999999999
-0.15903627075351215
0.08073127572016461
-0.3333333333333333
0.013888888888888888
-0.003460229276895932
-0.0014629629629629652
0.005794444444444454
0.27645000000000003
0.12692878306878308
-0.16314222222222222
0.16432222222222226
-0.2643
-0.06292798573975045
0.12456698412698412
-0.15370648148148147
0.10854444444444446
-0.11380333333333333
-0.03355555555555556
-0.2247527777777778
-0.05152727272727273
-0.12834444444444443
-0.20703650793650796
-0.046152380952380945
-0.41873333333333335
-0.11716888888888888
-0.05195222222222221
0.0045555555555555445
0.23441040564373897
-0.1892952380952381
-0.20757499999999998
-0.16762222222222223
-0.07357999999999998
-0.021099818594104324
-0.062188888888888884
-0.15789382716049383
-0.0968740740740741
0.15251111111111113
-0.004118181818181831
-0.1643037037037037
-0.04884957983193277
0.004875254375254406
-0.11520097001763667
-0.10187777777777778
-0.29959444444444444
0.07865111111111112
0.04853148148148149
-0.09669666666666667
-0.10875994708994707
-0.13969583333333335
0.07331425364758698
-0.229878835978836
-0.11228888888888888
0.008966666666666706
-0.07414285714285714
-0.17408333333333337
-0.03886102292768959
-0.30365
0.01705000000000001
0.009083240568954829
-0.16253048433048434
-0.30491687242798354
-0.13567962962962962
-0.019807625272331156
-0.019807625272331156
-0.15293333333333334
-0.17964150499706055
0.158825
-0.13493055555555555
-0.11627926887926886
-0.17565833333333333
0.14225
0.11327333333333334
0.022480000000000017
0.08333333333333333
0.031935288065843614
-0.15943333333333332
0.0
0.08979047619047616
-0.11163993506493507
-0.0787625
0.149
-0.14356747474747475
0.16278333333333334
0.36569999999999997
-0.1245309523809524
0.07625
-0.027163888888888887
-0.24135555555555555
0.04447037037037036
-0.12953269734380846
-0.09199876543209878
-0.3836481481481481
0.0365071663654997
0.1097074074074074
-0.11287474747474746
0.1298466666666667
-0.05000640031265031
0.0663164351851852
0.05188888888888891
0.020018518518518522
-0.13306805555555554
-0.07159343915343915
0.2698898809523809
-0.5383666666666667
0.2588791666666667
-0.01798888888888886
-0.22201250000000003
0.39973333333333333
-0.07155505050505051
0.03424897959183675
-0.02094285714285715
0.2842222222222222
0.05692
-0.1442166666666667
-0.20654126984126983
-0.04124455782312924
-0.08714505050505052
-0.23976666666666668
-0.2195490740740741
-0.04386666666666667
-0.07335555555555555
-0.31116666666666665
-0.06101111111111112
-0.033068968253968274
-0.0038302469135802486
-0.07105952380952384
-0.16834472789115643
-0.16325555555555557
0.16521975308641978
-0.49223333333333336
0.05753759499759501
0.08242222222222223
-0.19012666666666667
-0.039766702977487266
-0.030615151515151512
-0.005549999999999999
0.248644708994709
0.27192698412698413
0.06770211640211639
0.20726185064935065
-0.06682962962962963
-0.1854
-0.0862459259259259
-0.2552007936507936
0.02462460317460317
-0.03350648148148147
-0.024054012345679002
-0.09680555555555555
-0.057377483833039374
-0.0023337448559670967
-0.06647407407407407
-0.026818888888888903
-0.06592592592592593
0.03573439153439153
0.049999999999999996
0.0
0.03577380952380952
-0.17374795918367347
0.0
-0.11162638888888887
0.18465050505050504
-0.11416395061728397
0.10414285714285715
0.18541363636363636
-0.038730476190476204
0.18147777777777777
0.1691318518518519
0.7772
-0.1068777777777778
-0.2378
-0.13381904761904764
-0.0707822222222222
-0.2552325892857143
0.052465079365079346
-0.02894444444444443
0.08624867724867726
0.1129095238095238
0.01342116402116402
-0.10368888888888887
0.04506212121212122
-0.02078783068783069
-0.0876711111111111
0.02112040825870191
0.022964165464165482
0.03090067340067339
-0.006270370370370361
0.16744166666666668
-0.10439333333333332
0.17950452674897113
-0.12159259259259259
-0.1531021164021164
-0.07719444444444444
-0.006005185185185187
0.011288888888888881
-0.3646148148148149
-0.07008888888888891
0.18874404761904762
0.12984882154882155
-0.37853271604938277
-0.22772222222222224
0.12138080808080808
-0.0901148148148148
-0.020711111111111107
0.10159851851851852
-0.19073407407407408
0.05999012345679015
0.516362091503268
-0.20867460317460318
-0.16216
-0.02714202569916857
-0.3894111111111111
-0.11127142857142858
0.20903333333333332
-0.10524117063492062
0.07240190476190479
-0.059296498599439786
-0.17815555555555554
-0.0690838246409675
-0.036466666666666654
-0.1536935693935694
-0.10345580042852771
-0.11636
-0.11528888888888889
0.01624444444444445
-0.076579012345679
0.006229511360099592
-0.10982187654320986
-0.027953333333333313
-0.13780837942921273
0.04410000000000001
-0.1472
-0.16813675213675214
-0.05448142857142857
-0.18204722222222222
-0.29677037037037035
0.08738333333333333
0.04326984126984129
-0.03270000000000001
-0.15484188712522046
-0.2743413500080167
-0.1800851851851852
-0.01413888888888889
-0.01895295214045214
-0.1347133237133237
-0.023805133344022244
-0.166325
0.1994733333333333
-0.11333333333333334
0.011105199430199419
-0.03167128271966983
0.1885037037037037
-0.08899197530864196
-0.045746666666666685
-0.08525507936507938
-0.04408023088023088
-0.2590876543209876
0.14414074074074074
-0.004758333333333346
-0.0826261138167388
-0.10505042167708833
0.39612592592592594
-0.0890918650793651
0.01525555555555555
-0.04477855253212395
0.08365916668488636
-0.04397777777777776
-0.08333333333333333
0.054922222222222206
-0.26962777777777774
-0.031169444444444444
-0.047955555555555564
-0.10296666666666666
-0.0022219001610305996
0.12416584896584897
-0.2530116402116402
-0.11927751322751323
-0.13719823633156966
-0.08189333333333333
-0.17963068783068784
-0.09297037037037037
-0.059210683760683745
0.19656666666666667
-0.03784107744107743
-0.01891252614740987
-0.10106056864945755
0.3110851851851852
0.2578793650793651
0.09785555555555553
0.005493310657596381
-0.007125796425796423
-0.21153968253968256
0.05603750000000001
-0.11003333333333336
0.21965555555555552
-0.14353333333333332
-0.055555555555555546
-0.034777777777777796
-0.16760277777777777
-0.2568333333333333
-0.03148148148148148
-0.013867561746433733
-0.10736666666666667
-0.16666666666666666
0.11200761904761906
0.19252222222222218
-0.17316666666666666
0.03761388888888889
-0.2932166666666667
0.0082037037037037
0.0037726088726088756
-0.08587111111111112
-0.22271666666666667
-0.0703125925925926
-0.1854
-0.2717583333333333
-0.2696
-0.049999999999999996
-0.07772142857142857
-0.11016666666666668
-0.16957999999999998
-0.1825055555555555
0.07646666666666667
-0.044374074074074066
0.11611296296296293
-0.1320916666666667
-0.15093333333333334
0.0
-0.15929309764309765
0.06580825396825396
-0.03866119378306878
0.04369166666666666
0.18076111111111112
0.3535
0.005960000000000003
0.037078174603174606
0.10686567717996291
0.03865000000000002
-0.2592111111111111
0.3092333333333333
0.025596296296296298
0.15264999999999998
-0.14066666666666666
-0.0007088888888888792
-0.08693737373737376
-0.1380287037037037
-0.12400498866213151
-0.2406814814814815
0.16529857142857143
0.031863131313131315
-0.2210375
-0.5191333333333333
0.056533333333333324
-0.15995555555555555
-0.1712133333333333
-0.1130755892255892
0.17636666666666667
-0.013965685213479332
0.16666666666666666
0.07305123456790122
-0.4726444444444445
-0.0471858080808081
-0.19342666666666666
0.0330179797979798
0.0908
-0.05431404521404523
-0.15003999999999998
-0.019408333333333343
-0.0035345679012345707
-0.21666666666666667
-0.009700000000000005
0.15903673469387755
-0.013695555555555544
-0.44766666666666666
0.03887777777777778
-0.44638333333333335
0.04253125
0.005018008168855624
0.2827992283950617
0.004114485008818359
-0.08
0.145829648014023
-0.2639296296296296
0.007824074074074075
-0.05027333333333334
-0.012800000000000006
-0.14285349206349207
-0.14598765432098768
0.0981604686318972
0.004557726423902897
-0.3354166666666667
-0.011037777777777777
0.22023096497858405
-0.10834550264550265
0.06225555555555554
0.15253569023569025
-0.11671759259259258
-0.09927746031746032
-0.16101506172839505
-0.11965141414141413
0.003966666666666664
0.06555370370370368
-0.17316
-0.14589814814814814
0.3190611111111111
0.031763492063492056
0.20402499999999998
-0.05011398809523809
-0.095721164021164
