0.26653061224489794
0.1
0.09
0.0
0.2416666666666667
-0.0142857142857143
0.007575757575757574
-0.04545454545454546
0.18285714285714286
0.1
0.4
0.0993827160493827
0.26
0.022155567956349227
0.09007518796992478
-0.275
0.05793650793650793
-0.3125
-0.031249999999999997
0.1375
-0.0581267217630854
0.2
-0.0671875
-0.5
-0.12291666666666665
-0.05416666666666666
0.022179487179487197
0.18071428571428572
0.0
-0.03749999999999999
0.0
-0.030555555555555548
0.2357142857142857
0.24285714285714285
0.17714285714285713
0.07356150793650795
0.046875
0.12037037037037036
-0.16174242424242424
0.1125
-0.12166666666666666
0.00833333333333334
0.0
0.05111111111111111
0.24424603174603174
-0.050961538461538475
-0.18333333333333335
0.11111111111111112
0.050264550264550276
-0.05
0.10083333333333333
0.15148809523809523
-0.4380952380952381
-0.06666666666666667
0.0
0.028240740740740747
-0.26666666666666666
0.1574917898193761
-0.05
0.02893518518518518
-1.1102230246251566e-17
-0.1675
-0.125
-0.20940656565656568
0.08065476190476191
0.0
-0.20416666666666666
0.007142857142857137
-0.1638888888888889
-0.10555555555555556
0.12314814814814816
0.15325126262626262
0.002380952380952341
-0.15214285714285714
0.005642361111111119
0.028571428571428574
0.012499999999999997
0.2
0.018750000000000003
0.012746806039488964
0.0
0.21179315476190474
0.19846938775510203
0.16037946428571428
0.06593340234644582
0.29255952380952377
-0.34523809523809523
0.175
0.05227272727272727
0.11337159863945577
-0.08977272727272727
-0.25
0.0
0.1306122448979592
0.060416666666666674
0.049646164021164035
0.062485216673361
0.0
0.0
0.17823129251700678
0.11964285714285715
0.2050178902729923
0.11904761904761905
-0.04583333333333333
0.15
-0.056388888888888884
-0.010416666666666657
-0.1333333333333333
0.375
0.2
0.13333333333333333
0.375
-0.13095238095238096
0.0873015873015873
0.125
-0.19999999999999998
0.2838095238095238
0.0
0.08126340626340628
-0.16666666666666666
-0.75
0.03541666666666668
0.0
0.17174603174603173
0.21666666666666667
0.15865151515151527
-0.15625
0.016666666666666677
-0.07551917989417989
0.1
-0.029074074074074068
0.10714285714285714
0.08333333333333333
0.1484487734487734
-0.25
0.12581738437001597
0.15245098039215685
-0.13713105076741441
0.18561111111111117
0.12577537593984964
0.12987179487179487
-0.08333333333333333
-0.18888888888888888
0.0625
-0.2333333333333333
-0.184375
-0.025510204081632674
0.0
-0.016666666666666666
-0.20333333333333337
-0.10833333333333334
0.3410714285714286
0.08636363636363636
0.15649122807017546
-0.016666666666666632
0.17857142857142858
0.21576923076923082
0.045833333333333344
-0.1453846153846154
0.16183333333333333
0.125
-0.4
0.10523809523809521
0.03863636363636365
0.33999999999999997
-0.2375
0.06329545454545453
-0.13749999999999998
0.2333333333333333
-0.225
0.2875
0.13666666666666666
-0.012499999999999997
-0.00937499999999999
0.021450216450216445
0.07067953975848713
0.12755102040816327
-0.5
0.0
0.2111111111111111
-0.2
-0.05277777777777777
0.0036210317460317423
0.00714285714285715
0.14166666666666666
-0.13111111111111112
0.21666666666666667
-0.017857142857142856
-0.11041666666666665
0.17222222222222225
0.13196078431372552
0.03333333333333333
0.14642857142857144
0.20066666666666666
-0.1
0.1126388888888889
0.26226190476190475
0.18223755411255413
0.12999999999999998
-0.3333333333333333
-0.23011363636363638
0.0
0.0
0.1375
0.0
0.037500000000000006
0.04999999999999996
0.16342364532019707
-0.024999999999999998
0.23571428571428574
0.06111111111111113
0.09662698412698412
0.0
-0.051071428571428566
-0.08541666666666667
-0.07142857142857142
0.06666666666666665
-0.5499999999999999
0.08455882352941177
-0.13749999999999998
0.0507446808510638
0.03984374999999999
0.2
0.002453102453102448
0.2
-0.16666666666666666
-0.5
-0.3020833333333333
0.0
-0.125
0.2
0.018518518518518517
0.153125
0.06938775510204082
-0.3833333333333333
0.03075396825396826
0.0826923076923077
0.0
-0.3333333333333333
0.15
0.37351190476190477
0.17311259143155694
0.04576388888888891
0.07777777777777778
0.4083333333333334
-0.01878787878787878
0.07500000000000001
0.06666666666666667
0.16
0.0933779761904762
0.4000000000000001
0.17826787034104105
0.1683673469387755
-0.04142857142857142
0.0625
0.21636363636363634
0.2
-1.0
0.09076190476190478
0.15029761904761904
0.010000000000000009
0.11915584415584418
0.1125
0.003835978835978827
-0.13749999999999998
0.041666666666666664
-0.04739583333333333
0.1186507936507937
-0.005555555555555573
0.2010714285714286
-0.02147058823529411
0.1531818181818182
0.18055555555555558
0.0
0.17685185185185187
-0.1
0.16666666666666666
0.003333333333333336
0.005000000000000001
0.0
0.0541737071172555
0.07597402597402597
0.15666666666666668
0.05
0.11172590389880109
0.10705128205128205
-0.0125
0.03079777365491651
-0.04618055555555556
0.1403409090909091
0.02416666666666667
0.16666666666666666
0.5333333333333333
-0.2577777777777778
0.0
-0.017425810904071793
0.16666666666666666
-0.010000000000000009
-0.05380952380952382
-0.044642857142857144
-0.11041666666666666
-0.21666666666666665
-0.08124999999999999
-0.5
0.08272946859903384
0.2148703231292517
0.19999999999999998
0.08954545454545454
0.004111111111111121
-0.125
0.4
-0.22187500000000002
0.03333333333333334
0.025000000000000022
0.09097402597402597
0.1272727272727273
-0.2
-0.016666666666666663
-0.3012396694214876
0.4166666666666667
0.1611111111111111
0.06672219085262565
-0.23333333333333336
0.0
0.015
0.05384615384615385
0.11553030303030307
0.08459821428571428
0.226984126984127
-0.041666666666666664
0.016490299823633158
0.24444444444444446
0.125
-0.06378968253968255
0.0
0.019444444444444448
0.125
0.11111111111111109
-0.0419047619047619
0.2
0.18666666666666668
0.15000000000000002
0.0
0.07777777777777778
0.24102040816326534
0.0
0.30000000000000004
0.04047619047619048
0.39999999999999997
-0.3
0.1
0.09659090909090909
0.20142857142857143
0.19999999999999998
0.12055555555555555
0.10025510204081632
0.09923469387755102
0.06388888888888888
0.0022554112554112335
-0.003842305037957203
0.0777972027972028
-0.004772005772005784
0.05052083333333332
0.27999999999999997
-0.09722222222222222
0.12850877192982454
-0.043655753968253976
0.15
-0.3999999999999999
-0.020000000000000007
0.059423076923076926
0.13995135688684077
0.1113095238095238
-0.30833333333333335
0.04821428571428572
0.08906249999999999
0.12743055555555555
0.07745642701525055
0.04504552669552671
-0.05055555555555555
0.0
-0.1
0.3055555555555556
0.5333333333333333
-0.13787878787878788
0.01777777777777778
0.171875
0.0
0.0359375
-0.03571428571428572
-0.20666666666666672
0.5571428571428572
0.16357142857142856
0.05714285714285714
-0.013392857142857156
0.625
0.10378862231915666
0.05381899350649351
0.05
-0.0058333333333333345
-0.07301169590643275
0.05
-0.2888888888888888
-0.5
0.24055555555555555
-0.0031746031746031794
0.2634920634920635
-0.01361111111111112
-0.09999999999999999
-0.015740740740740736
0.024999999999999994
0.14961038961038958
-0.04300000000000001
0.10714285714285712
0.29
0.19285714285714287
-0.1962962962962963
-0.050489417989417994
0.08513188608776845
0.008333333333333338
-0.19722222222222222
0.17148148148148148
-0.14255050505050507
0.03749999999999998
0.2
0.23796296296296301
0.10714285714285714
0.17083333333333336
0.0
-0.195
0.18181818181818182
0.26666666666666666
0.14404761904761904
0.0
0.06805555555555558
0.06000000000000001
-0.125
-0.1143849206349206
0.13177083333333334
-0.027500000000000007
0.05714285714285716
0.13423786181139116
0.1287202380952381
0.0
-0.012500000000000002
-0.2110544217687075
0.09166666666666665
0.029166666666666664
0.11320054945054947
0.1630952380952381
-0.05
-0.14625566893424038
0.0
0.2375
0.16814814814814816
0.475
0.11222222222222221
