0.1564444444444445
-0.01616792929292929
0.09791666666666667
0.12000000000000002
-0.19999999999999996
-0.056818181818181795
-0.09791666666666667
0.35
0.5
0.0016666666666666496
0.05714285714285714
0.1125
0.1375
0.0
0.06938644688644689
0.0
-0.12125000000000001
0.0862049062049062
-0.04895833333333334
0.3166666666666667
0.08803418803418804
0.12139430014430017
0.06770833333333334
0.07222222222222223
0.13085858585858587
-0.22416666666666665
0.0
0.04999999999999999
-0.026249999999999992
-0.002499999999999991
0.11848484848484848
-0.029166666666666674
-0.153125
0.07747493734335842
-0.125
0.07820048309178743
0.1390625
0.09707282913165265
0.04137864823348695
0.03501984126984127
0.14285714285714285
0.1857142857142857
-0.1
-0.13333333333333333
0.06194444444444445
-0.007440476190476201
0.15185185185185185
0.10285714285714284
0.3671428571428571
-0.07986111111111112
-0.021428571428571415
0.1375
0.0
-0.033928571428571426
0.03333333333333333
-0.10535924024296116
0.0625
0.05000000000000001
0.04993489583333334
0.10000000000000002
0.0
0.39333333333333337
0.011086309523809509
-0.06695011337868483
0.15170940170940173
-0.825
0.07
0.15
0.06765873015873014
0.016874999999999998
0.18518518518518523
-0.05
0.4000000000000001
0.007142857142857149
0.12166666666666667
0.03920634920634921
0.040509259259259266
0.35
0.07222222222222223
0.0
0.0
0.4
0.05808767951625092
-0.03246753246753247
0.2666666666666667
0.15378787878787878
-0.20833333333333334
-0.03750000000000002
-0.0496376811594203
0.225
0.16249999999999998
-0.07857142857142856
0.20750000000000002
-0.04642857142857143
-0.05034188034188034
0.22499999999999998
-0.19500000000000003
0.0909090909090909
-0.1375
-0.07857142857142858
-0.05666666666666667
0.10416666666666667
0.063124411820064
0.0
0.08772095959595959
-0.2534391534391534
0.0025000000000000022
0.0829887218045113
-0.13295454545454546
-0.1983333333333333
0.7
0.04808333333333333
-0.057499999999999996
0.35
0.009655172413793111
-0.2047619047619047
0.03225533395176252
0.17272727272727273
-0.2
0.045
0.5416666666666666
0.2722222222222222
0.0
0.04
-0.02637310606060607
0.5
0.12990196078431382
0.13333333333333333
0.09444444444444446
0.08484848484848485
0.07333333333333333
0.14075255102040815
0.0
0.07746985157699442
-0.0625
0.27999999999999997
-0.35
-0.0013333333333333253
-0.10726911976911979
0.23454545454545456
0.0
-0.021428571428571436
0.2672727272727272
0.028124999999999997
-0.06846590909090906
0.23125
0.19204545454545455
0.1222222222222222
0.14699074074074073
0.15000000000000002
0.2
0.040000000000000015
0.15329131652661063
0.0134469696969697
-0.5
0.11212121212121211
-0.0020408163265306207
-0.23333333333333336
0.0
0.05727272727272727
-0.08363095238095238
-0.028571428571428508
0.01354166666666666
0.0
0.0345610119047619
0.09875
0.13999999999999999
0.0
0.033749473905723894
0.08182539682539682
0.006190476190476191
-0.07261904761904762
0.16666666666666666
-0.08730158730158731
0.1384848484848485
0.2001984126984127
-0.14542606516290726
-0.05208333333333333
0.265460729746444
0.3333333333333333
0.014067373039147233
-0.25795454545454544
0.2373015873015873
0.06911764705882353
0.08433333333333333
-0.09736111111111109
0.16083333333333333
-0.425
0.21000000000000002
0.09464285714285715
0.20245535714285715
0.1
0.10408163265306124
-0.0025000000000000022
0.06923076923076923
-0.275
0.013648851148851143
0.02766666666666668
-0.07539682539682539
0.08178571428571428
0.03444444444444445
0.11523809523809525
0.30000000000000004
0.10607931163486718
0.09812409812409813
0.07351190476190475
0.04611111111111111
0.26130855255855256
-0.005952380952380949
0.05
-0.05
0.128125
0.12272727272727273
-0.05
0.03416666666666666
0.25
-0.0057142857142857195
0.016666666666666666
0.17750000000000002
0.10833333333333334
0.018317099567099576
0.13642857142857143
0.09999999999999999
0.375
0.1095959595959596
0.29523809523809524
0.08666666666666667
-0.012698412698412693
-0.25
0.1416666666666667
0.05354166666666667
0.22499999999999998
-0.059420289855072465
0.20000000000000004
0.13893557422969185
0.026894186967716394
0.01666666666666667
0.002777777777777768
0.09379084967320263
0.0
-0.0002182539682539647
-0.29333333333333333
0.19993006993006987
-0.07142857142857142
0.5519999999999999
0.125
0.2
-0.27999999999999997
0.0
0.16944444444444448
0.08194444444444446
-0.2
0.012152777777777775
-0.1875
0.1125
-0.021314935064935057
0.25
0.020833333333333332
0.010218253968253972
0.1173469387755102
-0.23055555555555554
0.2
-0.01823870573870574
0.008888888888888885
0.031875
0.12446248196248198
-1.3877787807814457e-17
-0.1650925925925926
0.025
0.2084821428571429
0.04608333333333332
0.16943132624950807
0.022080026455026453
0.0
-0.10204081632653063
0.10625
0.14625
0.09
0.14642857142857144
0.0
0.12727272727272726
0.0375
0.1
0.08214285714285716
0.012500000000000002
0.0578125
0.010000000000000004
-0.10833333333333334
-0.3
0.25
0.2
0.25
0.0
-0.1875
-0.053333333333333295
0.0010416666666666768
-0.012999999999999994
0.14935897435897436
0.2023809523809524
-0.34142857142857136
-0.5142857142857142
0.05000000000000004
0.1513030303030303
0.09166666666666667
0.09022988505747126
0.0
0.10319444444444444
-0.075
0.2
-0.060476190476190475
0.10139631610219844
0.017320936639118448
0.06666666666666667
0.1738095238095238
0.034722222222222224
-0.11597009051554506
0.346031746031746
0.1163003663003663
-0.18
0.031483207208398055
-0.15
0.8
0.06000000000000002
-0.40625
0.07313725490196077
0.38
0.18437499999999998
0.28125
0.07500000000000001
0.2
0.8125
0.13999999999999999
0.0
0.06614583333333332
0.11785714285714284
-0.034185606060606055
-0.2380952380952381
0.0
0.25232142857142853
0.03242424242424243
0.0
0.17207491582491585
0.01953849721706864
0.15000000000000002
0.32
-0.036458333333333336
0.1340909090909091
-0.27619047619047615
0.5
-0.041023219205037396
0.176378804727019
-0.04270833333333334
0.1
-0.21249999999999997
0.11323809523809525
0.15555555555555553
-0.004166666666666662
-0.017261904761904773
0.14047619047619048
0.14084467120181404
0.09129629629629629
-0.018411386593204772
0.2
0.25999999999999995
-0.09166666666666665
0.54
-0.08055555555555556
0.41818181818181815
0.05023148148148149
0.03237628384687209
0.04656250000000002
0.0710016835016835
0.004907407407407405
0.08333333333333333
-0.22916666666666666
0.0
0.16530321530321532
0.22847222222222222
0.12722842261904768
-0.3333333333333333
0.08315047021943575
0.18154761904761907
0.10610403485403484
0.1
0.525
0.16122448979591839
0.13999999999999999
0.10429894179894178
0.20837912087912086
-0.018055555555555543
-0.05191570881226052
-0.09583333333333334
0.4166666666666667
0.10137711864406779
0.2
0.007746336155427064
0.16
-0.08768518518518519
0.0060629734848484836
0.020346320346320335
0.022799223856209142
0.007500000000000004
0.10092436974789915
-0.14999999999999997
0.1625
-9.25185853854297e-18
0.16765873015873017
0.10413660413660414
0.27993939393939393
0.1941282959464778
0.07425958806818178
0.07857142857142858
-0.03354536489151874
0.075
0.03140359640359641
-0.09174242424242425
0.22749999999999998
0.20825643654591022
-0.5571428571428572
0.17209821428571426
0.037169312169312185
-0.1660714285714286
0.2976190476190476
0.3
0.0738095238095238
-0.125
0.030000000000000006
0.18467710371819962
0.01738945578231294
0.4
0.12777777777777777
0.13912635848999486
0.10833333333333334
0.16874999999999998
0.14250000000000002
0.0
0.08660714285714285
-0.19999999999999998
-0.06764705882352941
0.0
0.02042424242424243
0.10917777777777778
0.03004428904428905
0.049999999999999996
0.054960317460317445
0.1738888888888889
0.23333333333333334
0.0
0.26999999999999996
0.10357142857142856
0.2837198515769944
-0.043722943722943726
-0.05833333333333332
0.07357142857142858
0.05492424242424243
-0.05826839826839828
0.030644682115270355
0.12192307692307693
0.07447878510378513
-0.0625
-0.07625
0.08032814273105536
0.21458333333333332
0.08447461629279811
0.29041666666666666
-0.035690235690235675
0.08333333333333333
0.0
0.0
0.10470779220779222
0.225
-0.12727272727272726
0.1151603241719521
0.052777777777777785
0.015625
0.06000000000000001
0.09817708333333339
-0.015909090909090914
0.010256410256410255
-0.2257142857142857
0.10329670329670328
-0.023958333333333342
-0.03816666666666667
0.2
0.19061688311688313
-0.14111111111111113
-0.08869047619047621
0.0
-0.02
0.06666666666666667
0.1423795093795094
0.12140580683684131
0.1426948051948052
0.16999999999999998
0.16428571428571428
-0.009999999999999964
0.26009276437847867
0.03934173465423466
-0.08148148148148149
-0.030000000000000006
0.3641666666666667
0.016269841269841268
0.08210884353741497
0.15368055555555557
0.05046296296296297
0.03749999999999999
0.2597077922077922
-0.14583333333333334
0.11404761904761905
-0.02607392607392606
0.3628427128427128
0.17083333333333334
0.034615384615384596
0.144
-0.25
0.1
-0.045833333333333295
0.23289141414141415
0.18716206179441483
0.19076015254586684
0.12405032467532466
0.35
0.04999999999999999
0.0075
-0.09722222222222222
0.13636363636363635
0.21428571428571427
0.10500000000000001
-0.050676046176046166
-0.003571428571428568
-0.16666666666666666
-0.22499999999999998
-0.5
-0.10000000000000003
-0.05
-0.028676470588235296
0.03697552447552447
0.125
-0.07455357142857144
0.2857142857142857
-0.020833333333333336
0.0
0.035000000000000024
0.15833333333333333
0.1907716049382716
0.03142857142857144
0.07962962962962962
0.04833333333333334
0.13333333333333333
0.05729722032353612
0.016666666666666677
0.20357142857142854
0.12207602339181288
-0.1142857142857143
0.24305555555555558
0.2055871212121212
-0.05933284710458624
0.279375
0.021923076923076927
-0.027346938775510206
-0.1444444444444445
0.18
-0.12222222222222223
0.015625000000000007
0.2714285714285714
0.5714285714285714
0.06709286452184182
0.3
0.02967032967032967
0.06818181818181818
-0.10000000000000002
-0.10000000000000002
0.16478174603174603
0.0625
0.03499371770205105
-0.015196078431372544
0.375
0.1
-0.032142857142857126
0.05000000000000002
0.0125
0.21666666666666667
0.19196428571428567
0.21157394688644693
-0.4
0.08
0.09375
0.13000000000000003
-0.07500000000000001
0.022777777777777793
0.24100168350168355
0.12696078431372548
0.37
0.039285714285714285
-0.001373106060606059
-0.018518518518518528
0.19764957264957267
0.06255854800936768
0.13923076923076924
0.0011904761904761739
0.04
-0.3375
-0.0625
-0.26875
0.04522418058132344
0.042386831275720176
-0.5
-0.15428571428571428
-0.32
0.05555555555555554
0.13989239080702492
0.04166666666666666
0.0477777777777778
0.1
-0.2
-0.12142857142857144
0.11727272727272726
0.08214285714285714
0.35
0.04841269841269843
-0.2833333333333333
-0.01785714285714285
-0.2977272727272727
0.12222222222222223
1.0
-0.125
0.08240740740740742
-0.13348214285714285
0.0031862745098039298
-0.04791666666666666
-0.025
-0.17222222222222222
0.000757575757575759
-0.06785714285714287
0.25
-0.07575757575757576
-0.038888888888888896
-0.01374999999999998
0.10000000000000002
0.14664748130657224
-0.05
-0.07727272727272728
0.21306363636363634
-0.015909090909090914
0.00500000000000001
-0.0580952380952381
0.06373456790123457
0.18888888888888888
0.15104166666666669
0.0
-0.05714285714285716
0.056041280148423
-0.045539772727272734
0.18333333333333335
0.14617346938775508
0.035714285714285705
0.10867724867724866
-0.059183673469387764
0.27999999999999997
-0.2787878787878788
-0.04328703703703704
0.16666666666666666
0.18250000000000002
-0.15882352941176472
0.19457142857142853
0.27037037037037037
0.1125
0.00714285714285715
0.09
0.10707070707070705
0.024999999999999967
0.15000000000000002
0.11134469696969695
0.13636363636363635
0.01666666666666672
0.07677540713254997
0.7
0.7291666666666667
0.0
0.08750000000000005
0.09836309523809524
0.11134469696969695
0.00833333333333334
0.004542606516290743
-0.1668609168609169
0.13333333333333333
0.44999999999999996
0.375
0.06338474025974027
0.18034562211981572
0.0
0.016666666666666673
0.06507936507936506
0.06740079365079367
0.0
0.016666666666666677
0.06400000000000002
-0.21643356643356643
0.0
0.1897435897435898
-0.14166666666666666
0.0
0.08194444444444443
-0.10714285714285715
-0.18055555555555555
0.12658942364824718
-0.4958333333333333
0.25
-0.26666666666666666
0.5
-0.09987713899004219
0.12499999999999997
-0.11423611111111111
0.17099999999999999
0.03177536231884059
0.03999999999999998
-0.28701298701298705
0.08333333333333334
0.1520408163265306
0.1125
-0.05026785714285714
-0.2916666666666667
0.2622053872053873
0.0
-0.5
0.29444444444444445
-0.005555555555555554
0.0
-0.24166666666666667
0.10827771887975969
0.24325396825396828
0.32857142857142857
0.08888888888888888
-0.20833333333333334
-0.3
-0.17423076923076922
0.05972222222222221
-0.08266666666666665
0.17675189393939394
0.5
-0.5
0.10416666666666667
-0.14333333333333334
0.11225683599101319
0.3333333333333333
-0.13333333333333333
0.2771645021645022
-0.011363636363636364
-0.65
-0.02636054421768708
-0.5
0.06666666666666664
0.5041666666666668
0.025754936120789773
-0.04999999999999999
0.15932765151515155
0.3888888888888889
0.04531249999999999
0.078125
0.39444444444444443
0.13820262424913587
0.35
0.14585858585858585
-0.008522727272727272
0.0
-0.203125
-1.0
0.13636363636363635
0.125
0.15654312354312355
0.017301587301587297
-0.06666666666666665
0.026041666666666668
-0.2107142857142857
-0.057499999999999996
0.04784580498866211
-0.2305555555555556
-0.2
0.06454224787558122
-0.009523809523809521
-0.3666666666666667
-0.06666666666666667
0.16818181818181818
0.043750000000000025
-0.10800000000000001
0.0983974358974359
-0.06
-0.22625
0.06332429174201326
0.20000000000000004
0.06984848484848485
0.09285714285714282
0.016666666666666663
-0.012499999999999995
-0.054166666666666675
0.009350198412698414
-0.16666666666666674
-0.14333333333333334
0.1611111111111111
0.019480519480519484
-0.028571428571428564
0.18333333333333335
0.08975840336134454
0.35119047619047616
0.21785714285714283
-0.007840726432498583
-0.1
0.056249999999999994
-0.09523809523809525
0.009183673469387773
0.04375
0.006349206349206339
-0.30833333333333335
0.085
-0.05416666666666667
-0.001991247057036523
-0.03666666666666667
-0.021022727272727273
0.06332908163265306
-0.08333333333333333
0.376984126984127
0.03333333333333333
0.4166666666666667
-0.10342592592592592
0.3674397031539889
-0.15193452380952377
0.1615740740740741
0.22326388888888885
0.375
0.0
0.09505654369784802
0.08476543209876543
0.10357142857142858
0.0
-0.008286951144094005
0.06180409356725149
0.08727106227106231
0.08333333333333334
0.36
0.004166666666666659
0.07342309291461833
0.09379143850998155
0.1125
0.09457386363636364
0.32499999999999996
0.03333333333333335
-0.4
0.05933333333333335
0.037499999999999985
0.05349853849853851
-0.0625
-0.075
0.07444444444444444
0.20833333333333334
0.03998236331569664
0.12140306122448982
0.08571428571428574
-0.039271196283391374
0.3666666666666667
0.13333333333333336
0.09143990929705216
0.010904164089878371
-0.13666666666666666
0.21622322852586007
0.0738095238095238
0.0
0.10833333333333334
-0.17500000000000002
0.0
0.08802083333333334
0.04242424242424244
0.10601570415400202
-0.20606060606060606
0.10422077922077923
0.0
0.35
0.03046874999999999
-0.07272727272727274
0.1280952380952381
0.19666666666666668
-0.013573232323232326
0.125
0.25
0.14611111111111114
0.13999999999999999
0.315
0.17811403508771928
0.24722222222222226
-0.2625
0.3666666666666667
0.21875
0.26666666666666666
-0.05333333333333333
0.0
0.14300595238095237
-0.09642857142857143
0.39999999999999997
0.075
0.3125
0.38666666666666666
0.3333333333333333
0.0
0.1
0.0
0.09166666666666667
-0.275
0.7
0.1625
0.0
0.09642857142857143
0.0732142857142857
-0.04772727272727273
-0.07916666666666666
0.0
0.25
-0.07499999999999998
-0.048958333333333326
0.05045761851317408
-0.2523809523809524
0.05
0.1875
-0.0358356290174472
-0.0625
0.056060606060606054
-0.05147619047619048
-0.20787037037037034
-0.05000000000000002
0.0625
0.08793290043290046
0.3177564102564103
-0.12470238095238098
0.2351010101010101
0.10793650793650794
0.10119047619047618
-0.45
0.1465909090909091
-0.11173469387755101
0.033333333333333326
0.1403581267217631
0.013492063492063486
0.5
-0.09165343915343917
0.15055555555555555
-0.06477272727272727
0.05492424242424243
-0.06751700680272109
-0.05714285714285714
-0.2785714285714285
-0.10061728395061728
0.0799514757273378
0.21666666666666665
-0.09285714285714286
0.18333333333333332
0.07053571428571428
0.0
0.21302083333333335
-0.028333333333333332
0.02777777777777778
0.0
0.1575757575757576
0.125
-0.07990200842241658
0.2857142857142857
0.1275
-0.2212121212121212
0.05722222222222223
-0.04047619047619048
0.10678045763760048
0.1820408163265306
0.1765032982890126
0.08333333333333334
0.18865079365079365
0.029166666666666664
-0.1
-0.03545454545454545
0.06260504201680674
-0.5166666666666667
-0.04999999999999999
-0.425
-0.3333333333333333
0.23888888888888893
-0.028273809523809534
-0.19766313932980598
-0.04472431077694236
-0.4
0.02833333333333334
0.0409090909090909
-0.12708333333333335
-0.03915584415584412
-0.08143939393939395
-0.08333333333333334
0.22275641025641027
0.0
0.05000000000000001
0.01944444444444444
-0.053138888888888895
0.3
0.025125906329610037
-0.595
-0.2
0.084375
0.32
0.15333333333333332
0.18242228317659354
0.045464852607709744
0.05208333333333333
0.08097319347319348
0.006666666666666665
-0.15
0.15833333333333335
-0.03509837962962961
0.2
-0.1
0.0
0.05364583333333333
0.09023199023199023
0.1392857142857143
0.07976190476190477
0.01620370370370371
0.21666666666666667
-0.06203703703703705
-0.04146825396825397
0.08392857142857144
0.0875
0.0419047619047619
-0.01022222222222222
0.08988095238095238
0.23846801346801347
0.19928006775832866
0.014718614718614716
0.1392857142857143
0.008694444444444463
0.1
0.65
0.08452380952380951
0.0760204081632653
0.06507936507936506
0.048544973544973544
0.26666666666666666
0.16637175324675324
0.09999999999999999
0.13712121212121212
-0.5
-0.1125
0.1230456349206349
0.3227272727272727
0.136
0.0
0.25
-0.04530075187969925
0.043353174603174616
0.0974454365079365
0.0
0.30000000000000004
0.049369747899159676
0.036538461538461534
-0.02910052910052908
-0.0796666666666667
0.23513257575757573
0.15
0.11583333333333334
0.15654761904761902
0.09431818181818181
0.05833333333333332
0.11699999999999999
0.10564236111111111
0.0
-0.0685897435897436
0.29078282828282825
-0.14583333333333334
0.07999999999999999
0.125
0.16
0.5
0.1273809523809524
0.07251082251082251
0.03103354978354978
0.24285714285714285
0.012499999999999995
0.1361111111111111
-0.2
0.211929945054945
0.08619047619047618
0.0
0.1794871794871795
0.30624999999999997
-0.13333333333333333
0.13194444444444445
0.1724089635854342
0.0
-0.09532312925170067
0.06352813852813853
-0.375
0.0975
0.0
0.045454545454545456
0.13580128205128206
0.14930555555555555
0.0888888888888889
0.10416666666666667
0.07571428571428572
0.1043866080156403
-0.2071969696969697
-0.034672619047619035
-0.11875000000000001
-0.1513888888888889
0.1
-0.09888888888888889
0.7
0.09163817663817664
0.15
0.0
0.1787878787878788
0.14094736842105265
-0.0625
-0.1972222222222222
0.07460317460317459
0.16777777777777778
0.11033653846153847
0.042697368421052644
-0.26666666666666666
-0.05556267806267807
0.03409090909090909
0.1875
-0.2
0.08125
0.0002583979328165398
-0.5
0.275
0.3176190476190477
-0.045
0.0
0.21636904761904763
-0.07806776556776554
0.015476190476190477
0.02862137862137863
0.5
-0.18333333333333335
-0.140625
-0.01762187088274044
0.18611111111111112
-0.19999999999999998
-0.2823529411764706
0.11111111111111112
0.05000000000000001
-0.075
0.1745641479732389
-0.5
0.0
0.14791666666666667
0.175
-0.22291666666666668
1.0
-0.25
-0.15833333333333333
-0.32834467120181404
0.17272727272727273
0.13636363636363635
0.3
0.0
0.425
0.0939903846153846
-0.06666666666666664
0.09772727272727272
0.1875
0.0
0.3333333333333333
-0.00909090909090909
-0.047466856060606064
0.09255952380952381
0.040624999999999994
0.10723562152133581
0.2
-0.12333333333333334
0.20320552463409602
0.16083333333333333
-0.019999999999999997
0.08425925925925924
-0.16287878787878787
0.23159722222222223
0.18296296296296297
0.0586458333333334
0.04943181818181817
0.09722222222222222
0.05833333333333334
0.15
0.08903206778206778
0.0
0.002777777777777782
0.037142857142857144
0.0798611111111111
0.024098875661375647
0.284375
-0.2376543209876543
0.14240642655367233
-0.11060606060606058
0.04444444444444444
0.26
0.029166666666666674
-0.06886363636363634
0.2104166666666667
-0.01134259259259259
0.03888888888888888
0.16194444444444445
-0.06908008658008656
-0.2031313131313131
0.1038095238095238
-0.5
-0.058984375000000006
-0.22916666666666666
-0.12152777777777779
0.1313342440801457
0.0
0.10083333333333333
0.06666666666666667
0.03833333333333333
-0.375
-0.10681818181818183
0.25
0.09846938775510204
0.12185185185185185
-0.003333333333333336
0.3375
-0.07500000000000001
0.1961904761904762
-0.01274509803921569
0.022916666666666665
-0.3
-0.04285714285714286
0.15776942355889725
0.2506453423120089
-0.2333333333333333
-0.25535714285714284
0.1
-0.13959235209235207
0.0
0.026428571428571457
0.08557831839521977
-0.03361811391223157
0.021578947368421048
-0.05
-0.001984126984126985
-0.195
-0.5
-0.3125
-0.0037878787878787745
0.032499999999999994
-0.05
0.09735827664399092
0.1
0.0
-0.09857142857142856
0.2777777777777778
0.06747067416710274
0.24375000000000002
-0.13893424036281177
0.16468253968253968
0.07500000000000001
0.10000000000000002
-0.125
-0.15166666666666667
-0.04687499999999997
-0.5
0.1299561403508772
0.040940170940170925
-0.056249999999999994
-0.5
0.3083333333333333
0.190421626984127
0.10173160173160176
0.248989898989899
-0.04544721771284271
-0.07133333333333333
-0.5
0.14666666666666667
0.09687499999999999
0.18873015873015872
-0.375
-0.36727272727272725
-0.05637973137973137
-0.26
-0.08210784313725492
0.012121212121212133
0.23124999999999998
-0.0974537037037037
-0.018417366946778715
0.08703599414383727
0.13333333333333333
-0.058994708994708996
0.052437839937839924
0.011753590325018905
0.003533026113671275
0.07143785473785474
0.22000000000000003
-0.12708333333333333
0.06250000000000003
-0.178125
0.01638999888999888
-0.02103174603174604
-0.16000000000000003
-0.1261904761904762
0.13977272727272727
0.005555555555555559
0.005555555555555559
-0.012727272727272728
-0.125
-0.0011363636363636391
-0.011111111111111115
-0.10454545454545454
0.11705318491032776
-0.019166666666666655
0.17800925925925926
0.11527777777777774
0.07160000000000001
0.21428571428571427
-0.0068181818181818205
0.16688988095238094
0.03636363636363636
0.11796536796536795
-0.05000000000000001
0.19740259740259739
-0.03888888888888889
0.22055194805194808
0.06574074074074072
-0.05
-0.05999999999999996
0.14917388167388165
-0.00416666666666667
0.046111111111111124
0.43333333333333335
0.043907563025210095
-0.10151515151515152
0.2
0.10076530612244897
0.12395833333333332
0.0
0.14285714285714285
-0.275
0.13767857142857143
-0.10233940972222225
0.038578088578088594
0.25
0.0802020202020202
0.0
0.22727272727272727
-0.10833333333333334
-0.08137755102040815
0.0
0.17126869342778434
0.17690665154950866
0.003819444444444431
0.20833333333333334
-0.06011904761904763
0.11111111111111112
0.03333333333333334
0.0
0.23072916666666668
0.0648809523809524
0.4
0.03775510204081632
-0.07954545454545454
0.13333333333333333
0.75
0.20393939393939395
0.17346153846153844
-0.2222222222222222
0.17857142857142858
0.03826530612244898
-0.25
-0.004166666666666661
-0.012500000000000011
-0.08514030612244902
0.11732804232804234
-0.12632575757575756
0.08830940988835725
0.04372101972101972
0.2
-0.025
0.09371915962825049
0.19761904761904758
-0.009643074837040355
-0.09833333333333334
0.3333333333333333
-0.175
0.1
0.09771072796934864
0.10999999999999999
0.039285714285714285
0.006439393939393943
-0.04126984126984125
0.22000000000000003
0.06126262626262627
0.009090909090909084
-0.21979166666666666
0.07423280423280419
-0.15416666666666667
-0.1875
0.20952380952380953
0.1
0.26249999999999996
0.13020833333333334
-0.14337606837606837
-0.02812500000000001
-0.28281249999999997
0.21562499999999998
0.0
0.032638888888888884
-0.034999999999999996
-0.04583333333333334
0.4
0.14666666666666667
-0.22000000000000003
-0.06285714285714285
0.05769230769230771
-0.14464285714285713
-0.041666666666666664
-0.04606481481481483
0.4341269841269841
-0.011629188712522047
0.15000000000000002
-0.2111111111111111
-0.20625
0.13348214285714288
0.08519345238095237
-0.24444444444444446
0.2
-0.1610714285714286
0.09261904761904761
0.21500000000000002
0.17226107226107226
-0.26
-0.16535087719298244
0.1222222222222222
-0.08333333333333327
0.0023333333333333426
-0.10803571428571428
-0.14833333333333334
0.0
0.0
0.5
0.11111111111111115
0.12986111111111112
0.24178571428571433
0.1825501253132832
0.1761904761904762
0.08767832027325699
-0.18
0.08888888888888888
0.001893939393939383
0.04083850931677019
-0.1070707070707071
0.07916666666666668
0.04315476190476191
-0.1647727272727273
0.022008547008547017
-0.07812499999999997
0.031746031746031744
-0.15
-0.12916666666666668
-0.24999999999999997
-0.11944444444444445
-0.05997448979591835
0.09848484848484848
0.04583333333333334
-0.09055555555555554
0.0
0.17226190476190475
0.0940909090909091
-0.13
0.09444444444444443
-0.11642857142857141
0.2875
0.05265376984126985
0.05000000000000001
0.00029761904761904656
0.20075757575757575
0.08150458978772235
0.0
0.0199074074074074
0.13750000000000004
0.06962191358024691
0.10355526695526696
0.321875
0.1346153846153846
0.11996640512265512
0.14636844636844637
-0.24090909090909093
0.14455021275021274
0.0
-0.0875
0.33181818181818185
0.022350427350427353
0.13717948717948716
-0.026022588522588534
0.26293650793650797
0.2032003710575139
0.06481774264382958
-0.26666666666666666
0.0
-0.13999999999999999
0.083030303030303
0.2604166666666667
0.016666666666666663
0.2
0.575
0.015000000000000003
0.0
0.0875141430539158
-0.04642857142857144
0.0725
0.042857142857142844
0.09053982909451662
-0.051666666666666645
0.08693236714975845
0.09444444444444443
0.10833333333333334
0.015476190476190477
0.19727272727272727
0.2
0.1371794871794872
0.37083333333333335
0.025151515151515168
0.21666666666666665
-0.05916666666666666
0.02108843537414965
0.015789473684210527
0.2736111111111111
-0.09615384615384616
-0.06666666666666667
-0.30104166666666665
0.050909090909090904
0.21785714285714283
0.14375000000000002
-0.12405913978494622
0.25
-0.255050505050505
-0.3375
-0.04375
0.30000000000000004
0.12575757575757576
0.375
-0.041666666666666664
-0.1075
0.037500000000000006
-0.0898809523809524
0.07241935483870968
0.18571428571428575
0.1
0.28895089285714287
0.20998682476943348
0.013797433797433799
0.1324724517906336
0.4
0.08472222222222221
0.125
-0.03787878787878788
0.04411764705882353
-0.31999999999999995
0.23465909090909093
-0.2
-0.3499999999999999
0.2514285714285714
0.125
0.055681818181818186
-0.19999999999999993
0.02407407407407409
0.16537176274018378
0.1166666666666667
0.11515151515151514
0.125
0.1125
0.0
0.2
-0.09743589743589744
-0.09956709956709957
0.01428571428571433
0.0
-0.25
0.20701704545454544
0.05085470085470085
0.2
-0.0726851851851852
0.05
0.02878787878787879
-0.13333333333333333
0.45833333333333337
0.022222222222222227
0.31
-0.04643939393939394
-0.018547453703703698
0.16880912297578962
-0.1550326797385621
0.0
0.13333333333333333
0.15416666666666665
0.27083333333333337
-0.07999999999999997
-0.049999999999999996
0.0478030303030303
0.1477272727272727
0.1
0.3416666666666667
0.09204545454545454
0.26030080567580566
-0.13727272727272727
0.02847222222222221
0.09999999999999998
-0.0767857142857143
0.04911764705882353
0.02775974025974025
0.06111111111111111
0.0863095238095238
0.0
0.0625
-0.02177631578947368
0.04947192580950539
0.0
0.2810714285714286
-0.0349624060150376
-0.2625
0.1405525493025493
0.5
0.039153439153439155
-0.5
0.09566558441558441
0.17867647058823527
-0.39999999999999997
0.06369047619047619
-0.01988826232247284
-0.08348214285714284
-0.05674603174603174
0.1818903318903319
-0.026666666666666672
-0.11888888888888888
0.09659090909090909
0.12312500000000001
0.26666666666666666
0.3
-0.02310463659147869
0.35
0.016049382716049373
0.16959183673469386
-0.04214285714285713
0.173015873015873
-0.09999999999999999
0.06944444444444445
0.030245535714285714
-0.03482142857142857
-0.051767676767676775
0.009292929292929292
0.11471088435374151
0.022222222222222223
0.1375
0.10357142857142858
0.21097402597402598
-0.275
0.06666666666666667
0.24000000000000005
0.3110119047619047
0.21199567099567102
0.10238095238095239
-0.2857142857142857
0.049895173264738475
-0.17291666666666664
0.1308641975308642
0.022367149758454104
-0.006120448179271716
-0.12
0.04880275974025975
-0.0654421768707483
0.0
0.13333333333333333
-0.2412121212121212
-0.1733333333333333
-0.04999999999999999
0.33939393939393936
0.13366452991452993
-0.5
0.15265151515151515
-0.1127871148459384
0.2
0.24285714285714285
0.15454545454545454
-0.14
-0.065
0.008888888888888887
-0.05
-0.4000000000000001
-0.005026455026455023
0.08350961538461538
0.475
-0.3125
0.0
-0.06570512820512824
-0.05
-0.1253968253968254
-0.07857142857142858
0.05
-0.09047619047619047
0.19999999999999998
0.29
