0.05419980594118527
0.03229166666666666
0.06746031746031744
-0.000739421868454123
0.08214285714285713
0.12626262626262627
-0.06666666666666667
0.0846320346320346
0.125
-0.08763888888888882
0.21518939393939393
-0.2571428571428571
0.0
-0.27499999999999997
0.3625
0.22857142857142856
0.1305555555555556
0.14375000000000002
0.3009259259259259
0.31
0.21666666666666667
0.31666666666666665
0.05349537037037038
0.24333333333333332
-0.13333333333333328
0.253125
0.04741258741258742
0.3466666666666667
-0.05500000000000001
0.1899621212121212
-0.18125
0.031963537817196366
0.40995670995670996
0.031030701754385964
0.1954545454545455
0.0
0.0
0.08603174603174603
-0.018749999999999996
0.026190476190476215
0.07326388888888889
0.014955357142857142
0.0
-0.4
1.0
0.2866666666666667
0.10795454545454546
-0.1
0.07903860028860028
0.119921875
0.07976190476190477
-0.08155864197530865
0.1
-0.1928571428571428
0.24639136904761905
0.10468750000000002
-0.014090909090909102
-0.3333333333333333
0.12380952380952381
0.35
0.12625000000000003
-0.061111111111111095
0.0
0.06041666666666667
0.10833333333333334
-0.10714285714285715
-0.25555555555555554
0.07785984848484848
0.13749999999999998
0.0580357142857143
-0.08
-0.13181818181818183
0.096691403834261
-0.26875
0.023836805555555562
0.029487179487179493
-0.2071428571428571
-0.15416666666666667
0.5
0.18
0.1
-0.25
0.04444444444444444
0.35
0.1375
-0.06666666666666667
0.056865079365079355
0.1607142857142857
0.033333333333333326
0.07500000000000001
0.00666666666666666
0.033333333333333326
0.08954081632653063
-0.26666666666666666
-0.09007936507936508
0.12393939393939395
-0.1416666666666666
0.14583333333333334
-0.31833333333333336
0.4
0.042857142857142864
0.0
-0.03666666666666666
0.5
-0.29375
-0.03333333333333333
0.1422647527910686
0.0
-0.375
-0.24166666666666667
-0.056249999999999994
0.11944444444444446
-0.45
0.14444444444444446
0.12499999999999999
0.26777777777777784
0.08645833333333332
-0.053333333333333344
0.07815656565656565
0.175
0.1224206349206349
0.2
0.0984848484848485
0.02777777777777778
-0.16287878787878787
0.037500000000000006
0.2833333333333333
-0.037310606060606065
0.0
-0.021245421245421225
0.5
0.06217948717948717
0.124
-0.08333333333333333
-0.1020408163265306
0.1388888888888889
0.3333333333333333
0.21666666666666667
0.028273809523809524
-0.21073232323232322
-0.36666666666666664
0.2857142857142857
-0.11269841269841269
0.1
0.0
-0.09464285714285714
-0.16503759398496237
0.0
-0.3729166666666667
-0.4733333333333333
0.125
0.22023809523809526
0.09890873015873014
0.2515873015873016
-0.05
0.03928571428571429
0.21543930779005407
0.16920033670033674
0.05406249999999999
-0.4
0.1179112554112554
0.037352941176470575
0.011111111111111118
0.05966435185185184
-0.05
0.012500000000000002
-0.01203703703703704
-0.25
0.003888888888888886
-0.04285714285714286
0.07662337662337661
0.016666666666666666
0.18078947368421056
0.19449813258636786
0.07272727272727274
-0.1285714285714286
-0.046666666666666676
0.16296296296296295
0.21428571428571427
0.225
0.04444444444444443
0.09739669421487603
-0.14791666666666664
0.048714285714285724
0.18012566137566133
0.18541666666666667
0.1
-0.1771428571428571
0.0625
0.17000000000000004
-0.20833333333333334
0.0
-0.009259259259259245
0.042113095238095255
0.10714285714285714
-0.057499999999999996
0.016666666666666663
-0.0324712643678161
0.023437499999999993
0.01865203957040691
0.2916666666666667
-0.017499999999999995
0.009980486685032137
-0.21388888888888885
0.06533333333333333
0.12384992458521872
-0.012499999999999997
0.06666666666666668
0.32916666666666666
0.26666666666666666
0.046752136752136755
-0.2
0.5
-0.048
0.06406250000000002
0.09189084724799008
0.20296859169199594
0.002777777777777777
0.19166666666666668
0.022685185185185155
0.20504201680672268
0.134375
-0.10737847222222223
0.01773313492063492
-0.10714285714285715
0.2
0.21575757575757576
0.13346861471861474
-0.10567226890756302
-0.06944444444444446
0.15101113172541744
0.28511904761904766
-0.225
0.010000000000000009
0.008333333333333333
0.32
0.0
-0.07029389880952382
0.29861111111111105
-0.10000000000000002
0.2
0.06666666666666667
0.16545454545454544
0.2175736961451247
0.0030423280423280317
0.30000000000000004
0.1
0.16714285714285718
0.23026098901098901
-0.013285024154589365
-0.016666666666666663
0.0906534954407295
0.12597387566137563
0.09166666666666667
-0.16666666666666666
-0.2875
0.1095
-0.02395833333333333
0.11515151515151516
0.07828947368421053
0.04999999999999999
0.0
0.3
0.07636054421768707
-0.5416666666666667
-0.06371610845295056
0.5
0.05681818181818183
0.14125000000000001
-0.059523809523809534
-0.21107142857142858
0.175
0.0561011904761905
0.1826455026455026
0.11428571428571428
-0.3
2.7755575615628914e-17
-0.09090909090909091
0.0
0.19204545454545455
0.0
0.380952380952381
0.3
0.2772727272727272
0.11060606060606061
0.0
0.25
0.021898656898656912
0.0
0.01339285714285716
0.13794861447403822
0.13333333333333333
0.249469696969697
0.016666666666666673
0.1322222222222222
0.05833333333333334
0.09888888888888889
0.0794871794871795
0.07770935960591133
-0.30000000000000004
0.05000000000000001
0.040589569160997735
0.19204545454545455
0.09999999999999999
0.08499999999999998
0.126008151008151
0.14739583333333334
0.10833333333333332
-0.030000000000000006
0.10607142857142858
0.0525974025974026
0.034526269185360094
0.13723056457431457
-0.0794642857142857
-0.06666666666666667
-0.02006651884700664
0.20892857142857144
0.0032366071428571452
0.10714285714285714
0.10184523809523809
0.17175324675324677
0.07056449589058285
-0.15625
0.14571428571428566
-0.022222222222222206
0.06806328592042878
0.0
-0.07777777777777779
0.1
-0.1964285714285714
0.018928571428571427
0.06424825174825174
0.060077380952380945
0.2907338693052979
-0.36904761904761907
0.02261904761904762
-0.10747053872053869
-0.3055555555555555
-0.013958333333333336
0.047239583333333356
0.043138227513227524
-0.03999999999999999
-0.030459183673469368
0.4
0.009615384615384616
0.0005005411255411288
-0.037728937728937754
-0.037728937728937754
-0.1952380952380952
-0.09833333333333333
0.08333333333333333
0.0
0.08507792207792209
0.05000000000000001
0.2
0.16453125000000002
0.2711278195488722
-0.053571428571428575
0.07417582417582418
-0.27999999999999997
-0.1
-0.15
0.3
0.09695378151260503
0.049999999999999996
0.02489020641194554
0.225
-0.2380952380952381
0.18775510204081633
-0.03950980392156863
0.16299999999999998
0.007500000000000003
-0.3392857142857143
0.11875000000000001
-0.08289855072463767
0.15454059829059827
0.17604166666666665
-0.012351190476190491
0.5
0.3333333333333333
0.10833333333333334
0.125
0.1170793650793651
0.20741758241758243
0.10024350649350647
0.019847670250896055
0.29374999999999996
-0.004995265151515155
0.03050595238095238
0.26666666666666666
0.09166666666666666
-0.07656249999999998
0.0045000000000000595
0.09318181818181817
0.06465592334494773
-0.04148550724637682
-0.05916666666666668
0.18958333333333333
-0.2948051948051948
0.16534806189978607
0.12023809523809526
-0.03870535714285713
-0.25833333333333336
0.13888888888888887
0.14252690802348336
0.29523809523809524
-0.1
-0.06776437847866419
0.3306349206349206
0.35
0.20722222222222222
0.09999999999999999
0.08392857142857142
0.1
-0.07142857142857142
0.02746913580246914
-0.11666666666666668
-0.02623333333333332
-0.07236024844720497
-0.04531249999999999
-0.0599206349206349
5.046468293750712e-18
0.1576923076923077
0.10868055555555556
-0.04027777777777778
0.1
-0.2333333333333333
0.12463768115942031
0.058333333333333334
0.0925328407224959
0.04125874125874129
0.05744047619047619
0.07037037037037036
0.04583333333333334
0.19027777777777777
0.0
-0.010061728395061722
-0.001289682539682539
0.11600000000000002
0.24285714285714285
0.06879984051036685
-0.057925170068027214
0.005272861356932151
-0.0675
-0.024999999999999994
0.056875
-0.05861111111111112
0.0002604166666666692
-0.20000000000000004
0.05946969696969697
0.0
0.07367724867724867
-0.03392857142857143
-0.25
-0.25
0.007851239669421499
0.1
0.022857142857142857
-0.19999999999999998
0.22000000000000003
0.075
0.11875000000000001
0.1315126050420168
-0.05
0.0
-0.1423076923076923
0.1325
-0.011309523809523818
0.02610873543800374
0.03611111111111112
0.026889880952380936
0.20833333333333334
0.21666666666666667
0.2
0.1912450396825397
0.0
-0.03125
-0.04661654135338346
0.06329365079365079
-0.08333333333333333
0.42035714285714293
0.4
0.09166666666666667
0.0
-0.021296296296296296
0.5
0.2349702380952381
0.09793233082706766
0.2
0.22727272727272727
0.0
0.0
0.0
0.15
-0.2333333333333333
-0.25
0.13712121212121212
0.010653899240855762
0.02500000000000005
-0.06635338345864662
0.0
0.19166666666666668
0.045000000000000095
0.13820145903479236
-0.05874999999999999
0.07388888888888889
-0.2625
-0.04375
-0.15
0.04904970760233918
0.009227871939736348
0.17410714285714285
0.17000245552766555
0.2375
-0.017283950617283952
-0.14583333333333334
-0.09166666666666667
-0.03576388888888888
-0.1557692307692308
0.13333333333333333
0.033333333333333326
0.0
0.07781084656084655
-0.1583333333333333
0.14773809523809528
0.11568806689342404
0.17547619047619048
0.19694444444444445
-0.175
-0.12053571428571429
-0.16666666666666666
-0.4444444444444444
0.041471437059672364
-0.060595238095238105
0.12083333333333333
-0.7999999999999999
0.2
0.19999999999999998
0.027777777777777773
0.0017014533085961665
-0.075
0.06607312252964428
0.20992063492063492
-0.09420815295815296
0.03485714285714285
-0.05875
0.2
-0.018888888888888854
0.0875
0.10563636363636364
0.4375
0.06714285714285714
0.5
0.037500000000000006
0.11704232804232806
-0.075
0.14999999999999997
0.14187500000000003
-0.08947772657450076
0.0018290043290043246
0.06772819379202359
-0.375
0.13541666666666666
-0.2638888888888889
0.10022893772893775
-0.12636363636363637
0.3125
0.0050000000000000044
0.0
0.035416666666666666
-0.07343749999999999
0.0473941798941799
0.13794861447403822
0.4083333333333334
0.08409090909090909
0.0642857142857143
0.0
-0.03624999999999999
0.08
0.3283333333333333
0.14545454545454548
-0.5
-0.1708333333333333
-0.0037878787878787897
-0.05714285714285711
0.2
0.04022800116550118
-0.033333333333333326
-0.2483785220627326
0.0
0.030514285714285706
0.11333333333333334
0.10136328725038404
-0.03498317365504866
0.0
0.17167676767676768
0.10260416666666669
0.1216765873015873
-0.18055555555555555
0.1
0.0
-0.06666666666666667
-0.05535714285714287
0.035990338164251214
-0.39999999999999997
-0.6999999999999998
0.18611111111111112
0.040161064425770304
0.06293859649122809
0.1415571975916803
-0.01931818181818182
0.10870143745143744
0.22857142857142856
0.4
0.3333333333333333
0.016346153846153847
0.07647619047619049
0.05234906462585037
0.18
0.21904761904761902
0.09219798920885879
-0.34375
-0.06666666666666665
0.003703703703703709
-0.15
0.008333333333333337
0.09127450980392157
0.2865384615384615
0.16666666666666666
0.20761904761904765
-0.19839365079365076
0.06234623015873018
-0.225
-0.05166666666666666
0.16249999999999998
0.21428571428571427
0.06862479474548443
-0.05833333333333332
0.2682011217948718
0.18333333333333338
0.25
0.16286311389759664
0.1625
0.10277777777777776
-0.2385714285714286
0.06944444444444445
0.21250000000000002
-0.09676470588235292
0.1425
0.0962962962962963
0.052710884353741494
-0.005942234848484856
0.21000000000000002
-0.4
-0.1553846153846154
0.058015873015873014
-0.25
0.07692939244663381
0.10718390804597702
0.00977182539682539
-0.04761904761904763
0.0
-0.125
0.021428571428571408
-0.07500000000000001
-0.08333333333333333
0.08020833333333334
0.09285714285714286
0.017222222222222226
0.0
0.09999999999999999
0.11429335370511838
0.17781593406593407
0.1370887445887446
0.04861111111111113
0.0
0.01838235294117647
0.23333333333333334
-0.5
0.001429857825206664
0.0
0.25044642857142857
0.0
0.1190277777777778
-0.175
0.4166666666666667
-0.27135416666666673
0.0944620811287478
-0.013888888888888904
-0.1611111111111111
-0.125
-0.09999999999999999
-0.09606782106782101
-0.23749999999999996
-0.00187641723356009
-0.1398989898989899
0.06666666666666667
0.026374716553287977
0.225
0.29925000000000007
0.14398148148148146
0.2
0.0
0.05
-0.234375
0.04640873015873015
0.09863636363636362
-0.038095238095238106
0.03675595238095239
0.1395833333333333
0.3
0.08454545454545453
-0.30555555555555547
0.0069444444444444475
-0.0663265306122449
0.2372574955908289
-0.325
0.05857142857142857
0.0375
0.12222222222222222
-0.019444444444444445
-0.16666666666666666
-0.1476190476190476
-0.009999999999999998
0.0814916564916565
-0.4
-0.4666666666666666
0.15274725274725276
0.19653679653679654
0.11845730027548211
0.27656250000000004
0.09777777777777778
0.20940476190476187
0.11200000000000002
0.1375
-0.2
0.36250000000000004
0.12352092352092352
0.10833333333333335
0.0
0.11214285714285717
0.2166666666666667
-0.10059940059940062
0.26249999999999996
0.15037878787878786
0.4166666666666667
0.10927380952380956
0.10547619047619049
0.06666666666666667
-0.1396825396825397
0.0
-0.09999999999999999
-0.05885416666666666
0.04900793650793651
0.11411564625850341
-0.024255952380952375
0.425
0.0
-0.006250000000000001
0.16218956482114377
0.07380952380952381
0.09
-0.6999999999999998
-0.07552083333333334
-0.16388888888888886
0.0
-0.1111111111111111
0.075
0.75
-0.09375
0.0851851851851852
0.0
0.10962962962962965
-0.016666666666666663
0.19484126984126984
0.0027619047619047567
0.17060984848484853
0.07123015873015871
0.0
0.2341269841269841
-0.020681818181818204
0.0
-0.005833333333333349
0.009285714285714283
0.0820154845154845
-0.14166666666666664
0.02727272727272728
0.2
0.1871283058678016
0.08333333333333333
0.0019119769119769101
0.11441363826232247
0.2
0.055454545454545444
0.15625
-0.06948051948051948
0.0010101010101010116
0.1294642857142857
0.015151515151515155
0.03166666666666666
0.014285714285714282
-0.15
0.2
-0.06325757575757576
0.125
0.8
0.002747252747252729
0.31666666666666665
-0.16666666666666666
0.1761904761904762
0.0953125
0.27499999999999997
0.3666666666666667
-0.04946428571428572
0.10151515151515152
-0.06803571428571428
0.08974358974358972
-0.08541666666666665
0.0
0.1638888888888889
0.1715277777777778
-0.05357142857142857
0.08714285714285712
0.0875
-0.037500000000000006
0.2
-0.125
0.5
-0.05976190476190477
0.04113756613756614
0.221875
0.1223076923076923
0.11794871794871795
-0.25
-0.020554653679653687
0.027450396825396847
0.17206349206349209
0.08749999999999998
0.049999999999999975
0.10667517006802721
-0.21211419753086416
0.425
0.0
-0.01047203765227022
0.19851190476190478
0.17764705882352938
0.19
0.03542501259763167
0.09
0.06892857142857144
0.10707251082251079
0.05772727272727274
0.11499999999999999
0.09999999999999999
-0.19999999999999996
0.026258895775941215
0.1211111111111111
0.02663690476190476
0.525
0.2640228818800247
0.1740909090909091
0.47187500000000004
0.2
0.09558823529411767
-0.625
-0.016666666666666663
-0.2
0.09523809523809523
-0.09999999999999999
0.21624649859943976
0.0
0.18333333333333332
-0.0875
-0.029545454545454552
-0.13799999999999998
0.0
0.0033854166666666685
0.1646031746031746
-0.0472222222222222
0.11666666666666668
0.059821428571428595
-0.15625
-0.08472222222222223
-0.3125
0.009455128205128201
0.24345238095238095
-0.05714285714285712
0.08298245614035088
0.4166666666666667
0.0875
-0.026278195488721796
-0.025661375661375645
0.15
0.009608243349502117
0.22749999999999998
0.1621212121212121
-0.014710317460317462
0.016071428571428577
-0.125
-0.025793650793650796
-0.020378787878787875
0.08
-0.1
0.3
-0.3
0.18343984962406015
-0.07777777777777778
0.13767857142857146
0.16477272727272727
0.2604166666666667
0.1578125
0.1
0.0
0.07777777777777778
0.20833333333333334
0.14763993316624893
0.08125000000000002
0.0625
-0.028238636363636355
0.19791666666666669
-0.011458333333333327
0.10446428571428572
-0.2285714285714286
-0.13541666666666666
0.0
0.05477847673160173
0.22407488344988347
-0.5
0.14375
0.03333333333333333
-0.220995670995671
-0.0178030303030303
0.29714285714285715
0.04185185185185185
-0.10083333333333336
0.07828571428571428
0.2294871794871795
0.005555555555555568
0.5
0.0
0.16250000000000003
0.09159982174688058
-0.2677777777777778
0.0027432712215320863
-0.24000000000000005
-0.13993589743589746
0.4464285714285714
-0.09722222222222221
0.08333333333333333
0.03571428571428571
0.016320131587988736
-0.5
0.14583333333333334
-0.08333333333333333
-0.3083333333333333
-0.5
0.0
0.09615384615384616
0.315
0.19421487603305784
0.09732142857142856
0.13636363636363635
0.10833333333333334
0.007500000000000007
0.15
0.2375
-0.03661954365079367
-0.2
0.1
0.0013203463203463176
0.12701465201465198
-0.1068181818181818
-0.14107142857142854
0.404
0.0
0.0
0.09183673469387756
-0.30000000000000004
-0.1
0.15625
0.0
-0.08486184597295711
-0.07916666666666666
0.11306277056277056
0.08888888888888886
-0.11666666666666665
0.25
0.010714285714285707
0.056165413533834585
0.16904761904761906
0.09209656084656082
0.11971428571428572
0.0
0.11841143242540757
-0.215625
-0.125
0.17007575757575757
0.006220238095238094
0.12857142857142856
0.004430863254392668
0.036483134920634916
0.051339285714285705
0.028409090909090908
0.0
-0.4600000000000001
-0.3
0.4053333333333334
-0.38125
0.09166666666666663
0.2
-0.060606060606060635
-0.13958333333333334
0.06406250000000002
0.10902318331563612
0.1278409090909091
-0.30625
0.0
-0.25
0.04567099567099567
0.18333333333333335
-0.06093749999999998
0.125
-0.09523809523809525
0.009126984126984138
0.07500000000000001
-0.2
0.06000000000000001
0.3055555555555556
0.07291666666666669
0.09981733434114388
-0.03819444444444444
-0.0061428571428571305
-0.16666666666666666
0.18417207792207793
-0.003781512605042023
-0.25
-0.043912337662337673
-0.14444444444444443
0.09519104084321475
0.15714285714285717
0.0
0.11510416666666666
-0.04444444444444443
0.04221840659340659
0.4
0.37222222222222223
0.1726890756302521
0.3
-0.022792207792207787
0.058070728291316535
-0.07738095238095236
0.24722222222222223
0.18410256410256412
0.16160765160765164
0.0
-0.004513888888888882
0.0
0.043939393939393945
-0.05555555555555555
0.16164772727272725
0.5
-0.41666666666666663
0.11666666666666665
-0.06933333333333333
-0.012500000000000025
0.014285714285714275
0.07142857142857142
-0.35
-0.004583333333333333
0.07380952380952381
-0.08285714285714287
0.110625
-0.44000000000000006
0.10000000000000002
-0.2333333333333333
-0.06986607142857143
-0.2961904761904761
-0.013589398023360292
-0.3
-0.07830687830687828
0.0
0.15884353741496599
0.12530864197530864
0.02500000000000001
0.2854166666666667
0.11875
0.275
0.0981060606060606
-0.012005471380471372
-0.09795918367346938
-0.02314324906917499
0.25
0.08529491341991342
0.06126033057851239
0.15531135531135531
-0.008333333333333331
-0.24999999999999994
0.15051097711811995
-0.15
0.15193233766233763
0.005947570947570935
-0.013879536101758317
0.475
0.0
-0.12222222222222222
-0.002857142857142858
0.12272727272727278
-0.1439393939393939
0.05000000000000002
0.09039256198347106
0.0
0.04545454545454545
0.0
0.10060606060606059
0.14540273556231004
-0.008928571428571425
0.16137254901960785
0.09166666666666663
-0.25
0.1404166666666667
-0.16666666666666669
0.0
0.35
0.09999999999999999
-0.1421875
-0.3125
-0.07321428571428572
0.175
-0.0683982683982684
0.08214285714285716
0.15999999999999998
0.016666666666666653
-0.05
0.20383597883597881
0.08
-0.2857142857142857
0.027380952380952388
0.6499999999999999
-0.002182696530522612
0.21153846153846154
-0.2375
0.09
0.1
0.004761904761904761
0.18363636363636365
-0.025
-0.13645833333333335
0.03200000000000001
-0.08775510204081634
-0.25
0.31746031746031744
-0.15
0.0
0.049734848484848486
-0.45
-0.13395061728395066
0.056165413533834585
0.5
0.1672727272727273
0.375
0.06352272727272729
-0.09489795918367347
0.034526269185360094
0.08394581628224207
0.04807692307692308
-0.0007936507936507987
0.07266067266067266
-0.15555555555555559
0.131
-0.026839402427637722
0.0196081946834959
-0.39999999999999997
0.22916666666666666
0.1244047619047619
-0.2
0.07250000000000001
0.011111111111111118
0.14666666666666667
-0.2
0.05500000000000001
-0.016666666666666663
0.09757254464285715
0.2
0.2916666666666667
0.0338265306122449
0.07822981366459626
0.026707016941391937
0.1852989352989353
0.07222222222222224
0.0972005772005772
-0.0037786774628879786
0.12999999999999998
0.04132653061224491
0.38
-0.15119047619047618
0.043750000000000004
0.049192305710162844
0.16
0.1766666666666667
0.00666666666666671
-0.08897727272727272
0.12142424242424243
0.05815147294020534
-0.15
0.07017077664399095
0.046666666666666676
0.5249999999999999
-0.5
0.125
0.3
0.13603826281245635
-0.3666666666666667
-0.009519944341372917
-0.14259259259259258
0.08037037037037038
0.011458333333333338
0.0
0.013624338624338626
0.125
0.051533333333333334
-0.06809523809523808
0.04186507936507936
0.625
0.017753623188405798
-0.21210317460317465
-0.0625
0.3333333333333333
-0.21730769230769234
0.125
-0.15
0.13272727272727272
-0.18333333333333335
-0.08464285714285714
0.0
-0.13
0.27
-0.07500000000000001
0.10000000000000002
0.033333333333333305
0.2875
0.13153846153846155
-0.01808035714285714
0.12950980392156863
0.1345257744500169
-0.04667658730158731
0.16249999999999998
-0.1220703125
0.1292681277056277
0.07976190476190477
-0.025
0.49583333333333335
0.03240870240870241
0.2
0.0
0.25
0.10833333333333334
0.4180769230769231
0.07999999999999999
0.11666666666666665
0.0
0.16874999999999998
0.5
-0.23377403846153846
0.2464285714285714
-0.20833333333333331
-0.495
0.23593750000000005
0.01322751322751323
-0.052619047619047614
0.11834733893557423
-0.17884615384615385
0.09444444444444443
0.017261904761904766
-0.09999999999999999
0.050542929292929285
0.31936507936507935
0.059166666666666666
-0.08125
0.18727848371141056
0.10785714285714283
0.00426812770562771
0.12142857142857144
0.04861111111111111
0.21179138321995467
0.06933384597858282
0.25
-0.24846153846153846
-0.02619047619047619
-0.125
0.08
0.07961530893349077
0.20555555555555557
0.1125
-0.2206140350877193
0.06502164502164502
0.016666666666666663
0.4833333333333334
0.011269841269841267
0.075
-0.034375
-0.5
-0.15
0.4583333333333333
0.0
-0.05454545454545456
0.5
0.03333333333333338
0.2
0.43124999999999997
0.31666666666666665
0.09642857142857142
-0.002616108171663722
0.16818181818181818
-0.09646825396825398
0.09999999999999999
0.08271604938271608
-0.056249999999999994
-0.071875
0.08525641025641023
0.04791666666666667
1.0
0.3
0.1
0.10738636363636359
0.028571428571428564
-0.08333333333333336
0.08847789115646257
0.18333333333333335
0.18095238095238095
0.13064484126984124
0.21428571428571427
0.20833333333333334
-0.10944444444444444
0.07083333333333333
0.08044871794871795
0.03333333333333333
0.030946969696969716
-0.16055555555555556
0.0
0.03125
0.10697911445279866
0.08227272727272726
0.5666666666666667
0.011666666666666667
-0.07797619047619046
0.12142857142857144
0.24
0.13452380952380952
-0.05451127819548871
0.30000000000000004
-0.024654195011337865
-0.021481481481481483
0.1070498511904762
0.25925925925925924
0.25416666666666665
-0.11823593073593074
0.0392857142857143
0.255
0.18333333333333332
-0.08169642857142859
-0.10892857142857142
-0.13666666666666666
0.01250440917107584
0.0
0.1
0.23599999999999993
-0.03333333333333333
-0.25
0.125
-0.2
0.19444444444444445
0.023243801652892568
-0.1275
0.25
0.30000000000000004
0.05490079365079364
0.06374970873062474
0.32037037037037036
0.4
0.11078431372549019
0.07114407623028313
0.08958211143695015
0.10584415584415585
0.0318840579710145
0.050937950937950935
-0.05034013605442176
-0.265625
0.1462566844919786
0.1
0.21125
0.05207902001380262
0.2
0.14583333333333331
0.19166666666666665
0.21363636363636362
0.21393939393939393
-0.056249999999999994
0.030403525046382177
0.11696428571428572
0.10096153846153846
-0.014935064935064928
-0.05000000000000002
-0.03333333333333336
-0.13333333333333333
-0.0022817460317460327
0.06439393939393939
0.014194577352472098
0.1706060606060606
0.36893939393939396
0.09680886243386243
0.18263888888888888
0.05966209716209716
0.07430555555555554
-0.04285714285714286
-0.16666666666666666
0.15000000000000002
0.09942307692307696
-0.2833333333333333
0.13333333333333333
-0.06987012987012986
-0.5
0.5
0.025
0.18
0.03736631016042781
-0.14506172839506173
0.064745670995671
0.05423789173789174
0.0869590643274854
-0.010339506172839462
0.013541666666666665
0.059848484848484845
-0.05000000000000001
-0.20654269972451786
0.2148809523809524
0.0
0.07469135802469136
-0.06093486391993854
0.08510797195007719
-0.06320684523809524
0.2922619047619048
0.16
0.3753246753246753
0.04285714285714287
0.15833333333333333
0.175
0.0803030303030303
0.1161764705882353
0.13214285714285715
0.1155844155844156
0.1285714285714286
0.009423076923076902
-0.06000000000000001
0.004437665343915349
-0.012121212121212123
0.023333333333333338
-0.17407407407407405
0.0
-0.016666666666666663
0.07514005602240897
0.5111111111111111
0.07037918871252205
-0.185
0.11600877192982456
0.011607142857142852
0.16999999999999998
-0.1
0.0
-4.625929269271485e-18
0.1
0.01785714285714286
-0.20972222222222225
0.16
0.2
0.5
-0.03125
0.0
0.5
-0.01079365079365081
0.3
-0.25
-0.35
0.04999999999999999
-0.027380952380952377
0.11643518518518518
0.1896619047619048
-0.23609307359307355
0.017115800865800865
0.1346516754850088
0.24166666666666667
0.171875
-0.03111111111111111
0.35
0.08149630541871919
-0.5083333333333333
-0.018333333333333344
0.1773809523809524
0.2333333333333333
0.25
0.3
0.2784
-0.02402597402597402
0.021111111111111098
0.15555555555555556
0.056249999999999994
-0.125
0.1
0.04464285714285713
-0.12777777777777777
0.0545836097146581
0.26363636363636367
0.22592592592592597
0.19083333333333335
0.013636363636363679
0.35
0.020105820105820117
0.1954545454545455
0.04009491634491635
0.11749999999999998
0.3814285714285714
0.22361111111111112
0.00454545454545455
0.010006901311249133
0.05
0.09474999999999999
-0.03888888888888889
0.0034027777777777893
0.0
-0.23055555555555554
0.06134421134421135
0.008820346320346322
0.1081818181818182
0.028571428571428564
-0.11346153846153847
-0.003333333333333331
0.2053846153846154
0.13333333333333333
-0.08496112384347679
-0.3925925925925926
0.029380341880341887
-0.12548500881834215
0.05723039215686273
-0.08630952380952381
0.32419444444444445
-0.07023809523809522
0.05
-0.006565656565656562
0.09674747474747473
0.09594276094276094
-0.6
0.0032347670250895935
0.27999999999999997
-0.04953703703703704
0.1722222222222222
-0.2095238095238095
0.08417397660818715
-0.10200617283950618
0.25
0.19166666666666668
0.06111111111111108
-0.1
0.043333333333333335
-0.006812169312169251
0.10114583333333331
0.008743993461735397
0.30000000000000004
0.0
-0.15625
0.0
0.3138888888888889
0.014810924369747899
0.13125
-0.1875
-0.02638888888888889
0.10842105263157895
0.12777777777777777
-0.004736024844720494
0.2
0.29000000000000004
0.1577168611978739
0.09166666666666667
0.12870370370370368
-0.35
-0.07870370370370369
-0.3
0.0
0.1
-0.09703411667697383
-0.1875
0.006244047619047614
0.13181818181818183
0.5
0.11666666666666668
0.1519230769230769
0.08
0.2
0.14074074074074075
0.0876736111111111
0.05941176470588235
0.0019255050505050351
-0.041666666666666664
0.2571428571428571
-0.11646825396825397
0.0
0.010158730158730152
0.21571428571428572
0.13670995670995673
-0.04189342403628118
0.16666666666666666
-0.3416666666666666
-0.031160714285714285
0.0844642857142857
-0.08927738927738928
-0.18054846938775512
0.013675213675213661
-0.1444379391100703
-0.18749999999999994
0.10417899929527841
-0.05024104683195594
-0.004785431959345002
0.04074675324675324
0.026666666666666707
0.1875
-0.03707096474953618
0.1261904761904762
0.05185185185185188
0.021058201058201054
0.01260504201680672
-0.6
0.27499999999999997
0.475
0.2031746031746032
0.17357142857142857
0.05677409010742344
-0.26666666666666666
-0.012500000000000011
0.05458333333333334
0.21944444444444444
0.134004884004884
-0.2
-0.03154761904761905
-0.19393939393939394
0.425
-0.015509259259259278
0.15833333333333333
0.011004329004329006
0.13541666666666669
-0.12420033670033671
0.08555555555555555
0.07060606060606057
-0.09595959595959593
-0.03716991341991342
-0.0394620811287478
0.1869047619047619
0.006109022556390979
0.05432900432900432
-0.02767857142857143
0.061639536767087784
0.2125
-1.3877787807814457e-17
-0.0066638608305274955
0.003750000000000009
-0.011417748917748919
0.11897759103641459
0.10200000000000001
0.03888888888888891
-0.2928571428571428
0.016111111111111097
0.075
0.3875
0.12222222222222225
0.09327731092436975
0.0
0.35555555555555557
0.6
-0.3333333333333333
0.125
0.06440476190476192
-0.15303030303030304
-0.25
0.04835600907029479
0.10000000000000002
-0.020959595959595918
-0.33181818181818185
0.0010582010582010676
0.1110827241974783
0.07763636363636364
-0.06666666666666667
0.023730158730158733
0.025396825396825386
0.02692307692307693
-0.08229166666666665
0.07175324675324675
0.09545454545454544
0.08333333333333333
0.1875
0.07291666666666666
-0.040624999999999994
0.06666666666666667
0.18054112554112556
0.20833333333333337
0.21610007639419404
0.2
0.009374999999999994
-0.6999999999999998
-0.19999999999999998
0.2375
0.050095088349805326
0.10824242424242424
0.13333333333333333
-0.1375
0.30000000000000004
0.1984375
-0.009374999999999994
0.2583333333333333
0.07287878787878789
-0.3333333333333333
0.25
-0.05
0.08823809523809523
0.14447802197802198
0.16832298136645957
-0.16666666666666666
-0.1601648351648352
0.18773191094619662
-0.16583155650319834
0.20000000000000004
0.08750000000000001
-0.4000000000000001
0.0
-0.08461538461538459
0.09523809523809523
0.075
-0.5833333333333334
0.13861489040060468
0.07862554112554111
0.1301948051948052
-0.09375
0.18367346938775508
0.1070736434108527
0.17083333333333334
0.2533333333333333
-0.012440476190476193
-0.04743589743589744
0.023518907563025205
0.17272727272727273
-0.3125
0.10312500000000001
0.060000000000000005
-0.015972222222222235
-0.0337124060150376
0.225
0.10000000000000003
-0.05148148148148148
0.05121944895382396
-0.010683760683760682
-0.17809873949579835
-0.17809873949579835
0.17458333333333328
-0.12045454545454547
0.19166666666666668
-0.11955128205128206
0.06467532467532468
0.0
0.04722542242703534
0.2
0.05118055555555557
0.09505555555555553
-0.06
0.1933035714285714
-0.008981481481481472
-0.178416149068323
0.1611111111111111
0.4166666666666667
-0.173686974789916
0.09233800054112556
-0.06493506493506493
-0.3101190476190476
0.1284722222222222
-0.04062500000000001
0.05357142857142857
0.1440633608815427
0.17992424242424243
-0.4
-0.4
-0.24714285714285716
0.045054945054945054
0.013541666666666674
0.048958333333333326
0.00018518518518517713
0.10643790849673203
0.1598639455782313
0.0625
0.08585858585858584
-0.07857142857142858
-0.11991582491582493
-0.23333333333333328
0.12205387205387205
0.25833333333333336
0.0
-0.0034391534391534392
-0.00777116402116403
0.09905895691609976
0.097979797979798
0.06587301587301587
0.17285714285714285
0.1173767752715121
0.05204081632653061
0.006481481481481483
-0.07333333333333333
-0.017272727272727276
0.008333333333333331
0.1976190476190476
0.23392857142857143
0.16794871794871793
0.1875
-0.125
-0.08256802721088437
-0.1333333333333333
0.043750000000000004
0.013109320511664245
-0.5
0.2
0.07828282828282829
0.2
0.11335034013605441
0.0
-0.06547348484848485
0.09
-0.015497835497835464
-0.07357954545454545
-0.5
-0.5
-0.16666666666666666
-0.017708333333333333
0.054761904761904755
-0.03333333333333333
0.190625
0.26666666666666666
0.19791666666666663
0.12333333333333334
0.375
0.45
0.07132592936164363
-0.010714285714285713
0.25606060606060604
0.09625850340136055
-0.05750000000000001
0.0
0.03796365914786967
0.046995085627161086
0.8
-0.3333333333333333
0.03631168831168831
0.14356060606060606
0.3111111111111111
0.6
0.19852121212121218
0.1777272727272727
-0.02451388888888889
0.10690170940170941
0.6
-0.03333333333333333
-0.15333333333333335
0.06349206349206349
0.13636363636363635
0.06017316017316018
0.04821428571428575
-0.1730050505050505
0.1105308258569128
-0.18866758241758244
-0.19375
0.11851351351351354
0.13636363636363635
0.05
0.007142857142857133
-0.4000000000000001
0.2
-0.01315545157456921
-0.05
0.14166666666666666
0.05000000000000002
0.20416666666666666
0.02222222222222223
-0.18333333333333335
-0.1654882154882155
-0.03528225806451612
0.3333333333333333
0.23890109890109892
0.11856048166392993
0.4
0.14008928571428572
0.06915584415584412
0.4333333333333333
0.048888888888888885
0.07727272727272728
-0.012121212121212099
-0.05683333333333333
0.5
0.15757575757575756
0.14053751803751802
0.1
0.20833333333333334
0.10500000000000001
0.0
-0.0035714285714285726
0.03425324675324675
0.1805489964580874
-0.3333333333333333
0.1470588235294118
-0.02452380952380953
0.01100000000000001
0.31666666666666665
0.04615384615384616
0.0031249999999999924
0.16212121212121214
0.0014592933947772677
-0.09265381083562901
0.025982142857142853
0.007142857142857133
-0.19999999999999998
0.0
0.025000000000000005
-0.016666666666666663
0.21666666666666667
0.0471590909090909
0.125
0.03314393939393939
-0.3352465986394558
0.051515151515151514
0.21666666666666667
0.20454545454545459
-0.11420454545454546
0.23333333333333336
0.16190476190476188
0.15416666666666665
-0.022962962962962966
-0.5
0.0
0.14285714285714285
0.4
0.017948717948717965
0.2636904761904762
-0.023809523809523836
-0.031031746031746032
-0.15
0.0
-0.05
0.05216053391053392
0.07091666666666666
0.1633333333333333
0.10555555555555556
0.1464285714285714
0.08351806239737275
-0.275
0.10069444444444443
0.18035714285714285
0.08392857142857144
0.003930437378713236
0.145
-0.05829725829725828
-0.3333333333333333
0.2818181818181818
0.1
-0.125
0.005357142857142838
0.2
-0.06874999999999996
-0.20340909090909093
-0.05833333333333334
0.35
0.0875
0.008019255050505047
0.16249999999999998
0.19449999999999998
0.02597222222222222
-0.03344907407407407
0.3416666666666667
0.12053571428571429
-0.29999999999999993
0.03805555555555555
-0.1
0.11962962962962966
-0.16666666666666666
-0.2763888888888889
-0.07500000000000001
-0.13727272727272727
0.1443939393939394
0.052422480620155046
0.05557851239669421
0.2
-0.4333333333333333
0.08915945165945167
0.1418997668997669
0.15
0.26805555555555555
0.14180194805194804
-0.02045454545454546
0.1736111111111111
0.15289499389499392
0.27261904761904765
-0.21875
0.2
0.2333333333333333
0.14375
0.17941176470588238
0.5
0.07736985236985236
0.175
-0.01759259259259259
0.19886363636363638
0.04166666666666668
-0.09
0.2
-0.03435897435897436
0.4166666666666667
0.06652864044168391
0.2023809523809524
0.0
-0.10847537878787879
0.1015873015873016
0.05
0.1142857142857143
-0.10000000000000002
-0.1
-0.16276041666666669
-0.13333333333333333
0.0
-0.3666666666666667
0.0
-0.0358356290174472
-0.01691919191919192
0.35
-0.18333333333333332
-0.015443882098293863
-0.11476757369614511
-0.19642857142857145
7.93016446160826e-18
0.33
0.05
-0.03500000000000001
0.0
-0.20833333333333334
0.03583333333333333
0.02222222222222223
-0.06641414141414141
0.18545454545454546
-0.08261904761904762
0.15500000000000003
0.05423295454545454
0.33999999999999997
0.2944444444444445
-0.042499999999999996
-0.004166666666666668
0.0715
0.06666666666666667
0.06666666666666668
0.007500000000000004
0.15807291666666667
0.003968253968253966
0.07833333333333332
-0.25
0.11825396825396824
0.12903061224489795
-0.06458333333333334
0.13452380952380952
0.02500000000000001
0.09561688311688311
0.1427910052910053
0.038837387028176525
0.09742063492063492
-0.006006493506493514
0.2866666666666666
0.17222222222222222
-0.2125
0.3666666666666667
0.15333333333333335
0.18166666666666664
-0.0880952380952381
-0.010208333333333333
0.00986394557823129
0.25
-0.06752754820936638
0.043137254901960784
0.13035714285714284
0.02648148148148148
0.19749999999999998
0.059259259259259255
-0.285
0.05480769230769231
0.08428130511463844
-0.006617647058823532
0.19017857142857145
0.18603174603174602
-0.17321428571428574
0.018580246913580258
0.22333333333333333
-0.19166666666666665
0.0
0.13541666666666666
-0.04573412698412698
0.13502136752136754
0.1
0.14015873015873018
-0.40624999999999994
-0.05
-0.08095238095238097
0.125
0.2143939393939394
0.05826262626262624
0.4022727272727272
-0.3687499999999999
-0.06928571428571427
0.18833333333333335
-0.3999999999999999
0.017188009123492994
-0.05787037037037037
0.0976190476190476
0.08051948051948053
-0.2
0.32999999999999996
0.008712121212121204
0.04379084967320262
0.18611111111111112
0.02407407407407408
0.08640873015873017
-0.15
-0.5
0.12906498015873014
0.29
0.1464285714285714
0.2
0.2728354978354978
0.07177287581699346
0.06249999999999999
-0.18310185185185182
0.20653846153846153
0.02245454545454546
-0.5
0.06375598086124402
0.18775183150183153
-0.10000000000000002
-0.0409090909090909
0.18164335664335665
-0.1703333333333333
0.10548881673881674
-0.19642857142857142
0.06785649350649353
-0.2151360544217687
0.3385714285714286
-0.9765625
0.15821203755986363
0.01574074074074074
0.30238095238095236
-0.027083333333333338
-0.000196687370600426
0.17963636363636365
0.016606403614600324
-0.034375
0.0
-0.2351851851851852
-0.06749999999999999
0.014285714285714297
0.06740723562152133
-0.1
0.06785714285714287
0.32678571428571423
0.1
0.12142857142857141
0.09166666666666667
-0.5625
0.031130501443001436
0.3111111111111111
0.09846938775510206
-0.25
-0.07852564102564102
0.3444444444444444
-0.1859375
-0.15454545454545457
0.08198051948051949
0.11315767565767564
0.17500000000000002
0.03058473389355741
0.2777777777777778
-0.08333333333333334
-0.04166666666666666
0.06666666666666667
0.07456632653061224
0.08588235294117645
-0.060339506172839515
0.08333333333333333
0.08356481481481481
0.0
0.07222222222222223
-0.08518518518518518
-0.01578947368421054
0.016112689393939394
0.03971749106995008
-0.15651709401709402
-0.05
-0.04919217687074831
-0.08
0.0
0.2295833333333333
-0.07777777777777778
-0.6999999999999998
0.03724120082815734
0.18153846153846154
-0.09870129870129869
0.07057971014492755
0.07333333333333336
-0.05833333333333335
0.12659733625250869
0.04722222222222222
0.002468354430379756
0.10714285714285716
0.08148148148148147
0.056004569504569494
-0.05643239113827348
-0.017500000000000005
-0.173686974789916
0.03125
-0.05225694444444445
0.0007716049382716012
-0.014485861360861356
-0.09999999999999999
0.09603174603174602
0.10679824561403511
0.03971088435374149
-0.07777777777777779
0.059523809523809534
-0.25
0.049999999999999996
0.375
0.15175925925925926
-0.18833333333333335
-0.01666666666666668
0.16
0.0
-0.08333333333333333
0.08992753623188406
-0.16249999999999998
-0.04267006802721088
0.07126691873527316
-0.016666666666666663
0.13095238095238096
-0.4125
0.06555555555555555
0.00500000000000001
0.1014285714285714
0.15
0.1
0.2108796296296296
0.061111111111111116
0.08859649122807017
0.05708333333333334
0.07777777777777777
0.0
0.21666666666666667
0.12363636363636363
0.07083333333333335
0.2681818181818182
0.214140826873385
0.14104166666666668
0.15833333333333335
-0.010714285714285711
-0.028611111111111094
-0.02637477954144621
-0.07285714285714287
-0.4333333333333333
-0.15075757575757573
0.03833333333333334
0.13
0.0
0.125
0.031590909090909086
-0.19428571428571434
-0.12265625
0.05714285714285714
0.005769230769230755
-0.046218487394957986
0.25
-0.05392857142857144
0.20000000000000004
0.18714285714285714
0.09166666666666669
-0.05522683397683397
-0.0024999999999999966
0.08958333333333332
0.11024590163934428
-0.012499999999999983
0.2
0.06865079365079364
-0.07083333333333333
0.04513888888888889
-0.08992063492063491
0.004166666666666666
-0.2357142857142857
0.0
-0.08333333333333333
0.2
0.00833333333333333
-0.053333333333333344
-0.14074074074074072
-0.09157407407407407
0.01792929292929292
0.016666666666666663
0.46875
0.10000000000000002
-0.008119658119658134
0.030312650312650322
0.12976190476190474
0.3238095238095238
0.11249999999999999
0.0
-0.07777777777777779
-0.047658730158730137
-0.004999999999999993
0.006301530204407915
0.013888888888888876
0.15317460317460319
-0.0763888888888889
-0.10000000000000002
0.25
-0.06354166666666666
-0.14444444444444446
0.11555555555555558
0.08557971014492752
0.0
0.0375
0.6
0.04404761904761906
-0.15434782608695644
0.060375
0.24722222222222223
0.21994949494949498
-0.023600464576074325
-0.08207070707070709
-0.07645502645502646
0.12291790081263769
0.09166666666666666
-0.03293650793650794
0.05695652173913044
0.5
-0.3595238095238095
0.24500000000000002
-0.19999999999999998
0.0
0.04962962962962962
0.3
-0.05714285714285716
0.12705882352941175
0.040624999999999994
0.19190476190476188
0.019841269841269837
-0.020000000000000007
0.3334375
-0.033602150537634407
0.046875
-0.02797619047619047
0.24852092352092353
-0.11458333333333329
0.05134408602150538
-0.17222222222222228
0.0
0.0008318478906714157
0.15
0.18244047619047618
0.5750000000000001
0.2833673469387755
0.0625
-0.13333333333333333
0.06666666666666667
0.08906249999999999
0.005681818181818177
0.24444444444444444
0.03333333333333333
0.024999999999999994
0.055293958492487916
0.11249999999999999
0.23164251207729467
-0.025
0.11098983253588515
0.0
-0.01161297852474322
0.3
-0.3333333333333333
-0.1130460448642267
-0.21388888888888888
-0.5
0.0029437229437229437
0.0
0.0
0.0
-0.06901154401154402
-0.5
0.09743589743589744
-0.0014403292181069949
0.2849206349206349
0.06555555555555556
-0.04999999999999999
-0.011904761904761899
-0.1328125
0.0
-0.03241228070175437
-0.5
0.0
0.17040816326530614
-0.019047619047619042
0.0827651515151515
0.10123834498834501
-0.08055555555555555
0.0
-0.09266513056835637
0.13166666666666665
0.07115384615384614
0.0817791005291005
-0.09999999999999999
0.10835978835978836
-0.15
0.31785714285714284
0.07314814814814816
-0.19999999999999998
0.15
0.25
-0.09791666666666667
0.06797791580400275
-0.128125
0.029154903067946547
0.12709235209235206
0.1
-0.11499999999999999
0.06240158942364825
0.4229166666666666
0.2277777777777778
0.055960890960890984
0.10156249999999999
-0.5
0.015161249685059205
-0.08867322291235333
-0.07777777777777779
-0.005119047619047626
0.2535714285714286
0.20532921810699595
0.2125
-0.0475
-0.01590909090909091
0.375
-0.01777777777777777
-0.06944444444444442
-0.15937500000000002
0.016025641025641024
0.10000000000000002
0.037142857142857144
0.0
0.05474537037037037
0.007142857142857141
0.012777777777777768
0.16363636363636364
-0.11333333333333333
0.0
0.06853727621584767
0.159375
-0.15555555555555559
0.07970658970658971
0.3714285714285714
-0.00044242424242423083
0.056530612244897964
0.0
0.22857142857142856
-0.13333333333333333
0.02045454545454545
0.1814285714285714
0.2333333333333333
0.13001543209876543
0.07857142857142858
0.15
-0.24666666666666665
0.01499999999999999
0.025944444444444426
0.07630208333333333
-0.03749999999999999
0.061111111111111116
0.11151664427526496
0.0
0.0
-0.05595238095238096
0.35
0.014430014430014425
-0.07142857142857142
-0.09
0.019463869463869465
-0.0259009009009009
0.27499999999999997
0.08519069664902996
-0.16227678571428572
0.14109375000000002
0.27841269841269844
-0.011818181818181823
0.31754079254079254
0.0984375
0.030000000000000027
-0.049999999999999996
-0.2461309523809524
0.3
0.19206349206349208
0.15404040404040403
-0.10142857142857142
0.09812500000000002
0.04999999999999999
0.3113636363636364
0.0
-0.04761904761904762
0.0
0.13666666666666666
-0.03293650793650794
0.11899396899396898
0.1361111111111111
0.2
0.5
-0.06132872503840245
-0.18611111111111112
0.0
-0.13101851851851853
-0.09191919191919191
0.08144444444444446
0.12136886102403344
0.03793859649122805
-0.17
0.15
-0.15
0.037500000000000006
0.125
-0.13901785714285714
0.10000000000000002
0.09848484848484848
0.2540719696969697
0.03281249999999999
0.10297619047619046
-0.008012820512820519
-0.041666666666666664
-0.5
0.2632575757575758
-0.0375
0.11932471264367815
0.13775111607142856
-0.1
0.11150793650793651
-0.19999999999999998
-0.03816526610644256
-0.18571428571428572
0.0678571428571429
-0.024999999999999994
0.3333333333333333
0.13263546798029557
0.3125
0.1428831168831169
0.11081649831649831
-0.07033730158730159
0.1488095238095238
0.06802721088435375
0.2333333333333333
0.025
0.007142857142857141
0.01698717948717949
0.0625
-0.017447916666666667
0.3
0.11414141414141415
0.03574346405228758
0.14190476190476192
-0.10000000000000002
-0.13564814814814816
0.009126984126984147
0.5
0.07833333333333332
0.0
-0.2806944444444444
-0.12222222222222222
-0.08994708994708996
-0.078125
0.16458333333333333
-0.24583333333333335
-0.25416666666666665
0.1
0.19795918367346937
0.0
0.16147435897435897
0.06666666666666667
0.13836805555555556
0.007142857142857141
0.09369256474519631
-0.5
0.06666666666666667
-0.225
0.45
-0.2455988455988456
-0.04999999999999999
0.25
0.14605263157894738
-0.049999999999999996
-0.03714285714285715
6.938893903907228e-18
0.1045006045006045
0.16666666666666666
0.007738095238095237
0.3142857142857143
0.04999999999999999
0.1
0.06577777777777777
-0.13999999999999999
0.1
-0.65
0.13
0.12301587301587302
0.04444444444444443
0.13092885375494073
0.23234126984126988
0.049999999999999996
0.0893097643097643
0.125
0.15357142857142858
0.0
0.006944444444444445
0.12898351648351647
0.0
-0.24999999999999992
-0.07500000000000001
-0.13333333333333333
-0.15185185185185182
-0.02954545454545454
0.10281385281385282
0.05866666666666668
0.01666666666666668
0.10946428571428572
0.25
0.1425396825396825
0.0
0.03104166666666667
0.0
-0.18125
-0.02180451127819549
-0.153125
0.018750000000000006
-0.0031746031746031794
-0.0925925925925926
0.24727272727272723
-0.04677884839175162
0.03849206349206349
-0.13958333333333334
-0.08333333333333333
-0.15654882154882152
-0.2525
-0.022222222222222216
-0.09583333333333331
-0.13333333333333333
0.23521825396825394
0.05
-0.07485119047619047
-0.15625
-0.28750000000000003
0.06999859708193042
0.14814358693669039
0.010175736961451251
0.18720238095238093
-0.008333333333333326
0.06833460656990069
-0.2721491228070175
-0.10854218880534672
-0.012499999999999997
0.20952380952380953
-0.3125
0.03698559670781893
0.15
-0.01759259259259259
0.18959415584415587
-0.1639705882352941
-0.11296296296296296
-0.0784313725490196
0.07460714285714287
0.3
-0.024999999999999988
-0.06964285714285715
0.09615384615384617
0.1338888888888889
0.04784663865546218
0.03571428571428572
0.7
-0.2027777777777778
0.010777777777777782
-0.09722222222222221
-0.07777777777777779
0.1375
-0.04642857142857142
0.1
0.010000000000000009
-0.025925925925925932
0.17142857142857143
0.2974358974358975
-0.06666666666666667
0.078125
0.006547619047619044
-0.01893939393939394
0.020853174603174613
0.325
-0.14285714285714285
0.050726442507264435
0.03863636363636364
0.15338345864661654
-0.14814814814814814
0.1558201058201058
0.07421432733932733
-0.31851851851851853
0.13333333333333336
0.30428571428571427
0.32285714285714284
-0.08492063492063492
0.21651785714285715
-0.02068114177489177
0.2875
0.04472222222222222
0.26666666666666666
0.1075
0.0
0.19204545454545452
0.0
0.15416666666666667
0.04009740259740261
0.09910501700680271
0.0805383022774327
0.014285714285714306
-0.5
0.22272727272727275
0.03307291666666666
0.35
-0.388
-0.03425925925925926
-0.020304232804232807
0.0
0.16161616161616163
-0.1275
0.028571428571428557
0.015530303030303033
-0.029292929292929284
0.11528078403078403
0.09000000000000001
0.16944444444444443
-0.0875
0.04025974025974028
-0.04
0.2
0.185515873015873
0.20000000000000004
0.27989417989417986
0.09999999999999999
0.14206349206349206
0.27
0.13695054945054946
0.1245284780578898
0.125
0.2333333333333333
0.1795454545454546
0.2571428571428571
-0.05
0.14295977011494254
0.03217189314750291
0.14444444444444446
0.11874999999999998
-0.033333333333333326
0.15625000000000003
0.13257362677005535
0.11922757475083058
0.06830065359477124
0.029910714285714287
-0.09652777777777778
0.03125
-0.0884259259259259
0.125
0.2
0.175
0.25
-0.35000000000000003
-0.16
0.1814814814814815
0.17142857142857143
0.053289473684210525
0.08333333333333334
0.09483418367346938
0.11442307692307689
0.21666666666666667
0.20138888888888892
0.2388888888888889
0.037500000000000006
0.31333333333333335
0.15475895316804408
0.023774784885895996
0.2916666666666667
0.13109083850931674
0.1
0.14752066115702478
0.06805555555555555
-0.061111111111111116
0.2460858585858586
0.0
0.0
0.09994658119658122
0.041666666666666664
-0.5
0.07067099567099566
-0.11166666666666665
0.02077546296296296
-0.04952380952380954
0.11000000000000001
-0.033333333333333326
0.18852813852813852
0.07407407407407408
-0.06960784313725489
-0.2
-0.05462749615975422
0.22833333333333333
0.13030303030303034
-0.25
0.15000000000000002
-0.01964285714285712
0.139010989010989
0.1
0.6444444444444445
0.1792748917748918
-0.08228835978835979
0.10285714285714284
0.14351851851851852
-0.35
-0.0584426627793975
0.11617063492063492
0.2112847222222222
0.0719017094017094
-0.04999999999999998
-0.10178571428571431
0.2636363636363636
0.07777777777777778
-0.037812499999999985
0.07281746031746031
-0.019333333333333348
0.008333333333333338
0.07000000000000002
0.2
0.06994047619047619
-0.1
0.14157796451914095
0.0
-0.14854166666666666
-0.13041666666666665
0.0956140350877193
-0.006681096681096688
0.2
-0.021016483516483515
0.1762987012987013
-0.06266061980347694
-0.4
-0.03787878787878788
0.06343984962406017
0.0674498746867168
0.11666666666666668
-0.028409090909090915
0.06734305499769418
0.20833333333333337
-0.09523809523809523
0.05583333333333333
0.1398148148148148
-0.15925925925925924
0.11212121212121212
0.07500000000000001
0.15002791068580543
0.0
0.013928571428571457
0.1430555555555556
0.07339743589743591
-0.1375
-0.004166666666666669
0.2541666666666667
0.08898268398268398
0.6
0.125
-0.04013415404040403
0.05572916666666666
0.0015625000000000153
0.02316666666666666
-0.08938492063492064
0.09772079772079771
0.05989583333333333
-0.18452380952380953
0.18
-0.19351851851851853
-0.07291666666666667
0.08499999999999999
0.18912037037037036
0.0
0.1634920634920635
0.03583333333333333
0.10893939393939393
-0.33999999999999997
0.26969696969696966
0.26666666666666666
0.049026832955404366
0.17655279503105586
0.15
0.15714285714285717
0.01770833333333334
0.15912698412698412
-0.01814236111111111
0.2
0.12500000000000003
0.27414965986394557
0.12083333333333332
0.057499999999999996
0.2
-0.07318840579710144
-0.1785714285714286
-0.08734126984126984
0.06772727272727272
-0.03353174603174602
-0.03125
-0.8
0.05281385281385283
-0.08083333333333331
0.07173202614379086
-0.04166666666666666
0.0004676870748299343
0.045000000000000005
-0.25
0.125
0.24659090909090908
-0.07261904761904761
0.10242063492063491
0.15
0.4
-0.08425925925925928
-0.08
0.11136363636363633
0.3
-0.2020408163265306
0.09107142857142858
0.07899305555555557
0.08928571428571432
0.008333333333333331
0.20681818181818182
-0.06666666666666667
0.3666666666666667
0.25
0.013131313131313127
-0.011176470588235288
0.2707604180331453
-0.08666666666666667
0.2
0.032653061224489806
-0.08820512820512819
-0.175
-0.175
-0.0493939393939394
0.26428571428571435
0.24962384259259263
-0.43333333333333335
-0.05
0.0838693676395289
0.19999999999999998
0.215
0.17272727272727273
0.3318181818181818
-0.24285714285714285
0.31428571428571433
0.14999999999999997
-0.12
0.08
-0.16264880952380953
0.3125
0.040924369747899154
0.1933982683982684
-0.3333333333333333
0.20081168831168833
0.0
-0.021428571428571415
0.08724702380952383
0.075
0.01966145833333333
0.08711580086580085
0.17233333333333334
0.11428571428571428
0.1
0.007691295191295187
-0.14166666666666666
0.00972222222222222
-0.3729166666666667
0.13333333333333333
-0.10984848484848482
0.0
0.23392857142857143
-0.11682222222222222
-0.1597222222222222
0.03592171717171718
0.09903846153846155
0.03500000000000001
-0.5
0.0
0.2
-0.13333333333333333
-0.17777777777777773
0.22000000000000003
-0.049999999999999996
-0.04
0.6
-0.33035714285714285
0.086
0.05883859357696567
0.19888888888888887
-0.1
-0.12
0.05416666666666666
0.0
0.07360163468372424
0.075
0.09523809523809525
-0.3
-0.1277777777777778
0.17857142857142855
0.0
0.0
0.08408163265306123
0.0
0.06562499999999999
0.2583333333333333
0.35
0.011111111111111127
-0.10467948717948718
0.05666666666666667
0.09042699724517904
0.18727272727272729
-0.16666666666666666
0.0
0.21428571428571427
-0.03619047619047618
0.11410256410256411
-0.04578373015873016
0.06649305555555557
0.0
0.08986291486291485
0.0
0.01640625
0.057671957671957666
0.15999999999999998
-0.06666666666666667
-0.5
0.2833333333333333
0.21875
-0.2916666666666667
0.075
0.07368421052631578
0.015759637188208615
0.4454545454545455
0.15000000000000002
-0.175
0.03412798621131955
0.0
-0.016666666666666673
0.0
0.2
0.021551724137931036
0.18602292768959436
0.55
0.0425925925925926
0.10857142857142857
-0.021717171717171718
-0.3125
0.0041346153846153885
0.0805059523809524
0.18392207792207793
0.2
-0.07851239669421486
0.1125
0.05690476190476189
0.051010101010101006
-0.04642857142857143
-0.04642857142857143
0.07894736842105264
0.5
0.1488095238095238
-0.19999999999999998
-0.046047008547008536
0.18273809523809523
0.06113095238095238
0.18
-0.009027777777777763
0.5
0.03541666666666667
-0.009821428571428571
0.24916666666666665
0.0554144385026738
0.12304761904761904
0.33125
-0.04951899951899952
0.0
0.04
0.09999999999999999
-0.05925925925925927
0.04999999999999999
-0.13124999999999998
0.04166666666666666
0.20833333333333331
0.005820105820105816
0.015349927849927857
0.0888888888888889
-0.0703598484848485
0.022358276643990933
0.0986111111111111
-0.04374999999999998
0.10637755102040815
0.0
-0.0361111111111111
-0.140625
-0.3125
-0.5444444444444444
0.1669642857142857
0.0877840909090909
0.024999999999999994
0.1642857142857143
0.33999999999999997
0.05833333333333333
-0.05
0.2037037037037037
-0.04541666666666668
0.13666666666666666
-0.14333333333333334
0.18333333333333335
-0.025
0.07777777777777779
0.1
0.19166666666666665
0.125
0.1268560606060606
0.27499999999999997
0.0
0.44999999999999996
-0.26666666666666666
0.3020833333333333
0.29166666666666663
-0.0857638888888889
-0.025
0.0
0.16017195767195772
0.0
0.0
0.02727272727272728
0.159375
-0.003571428571428575
-0.10476190476190478
0.0
0.1988095238095238
0.007000000000000006
0.087512077294686
0.0024999999999999988
0.03333333333333335
0.55
-0.14375
-0.07500000000000001
0.08333333333333333
-0.1875
0.14999999999999997
0.1427227342549923
0.12187500000000001
0.0
-0.16672222222222224
-0.015476190476190477
-0.5
-0.08259443010602678
0.033134920634920635
0.07474025974025973
-0.08984126984126985
0.09
0.0
0.036010101010101006
-0.09311296639868068
0.08908175158175159
0.05
-0.04761904761904764
0.1064102564102564
0.19916666666666666
0.07987971230158729
0.01979166666666667
0.15454545454545454
0.008333333333333338
0.10320767195767194
-0.09196428571428572
0.1542032392894462
0.009523809523809526
0.5
0.020598484848484856
0.2
0.5
-0.04166666666666667
0.13333333333333333
0.38333333333333336
0.0464285714285714
0.16666666666666666
0.08333333333333333
0.0717687074829932
0.5
-0.12380952380952381
-0.43333333333333335
0.10584415584415581
0.1148809523809524
-0.4
-0.06666666666666667
0.08875000000000001
0.23999999999999994
0.3055555555555556
0.18824900793650795
0.19166666666666665
-0.2714285714285714
0.01822187158635757
0.25999999999999995
0.05535714285714286
-0.04142857142857143
0.06893827160493828
0.011468975468975481
0.19114583333333335
0.013492063492063484
-0.3125
-0.021258503401360557
0.0
0.19999999999999998
0.0
0.22261904761904763
0.19167097107438022
0.0
0.02423809523809524
-0.24166666666666667
0.4636363636363636
0.20833333333333334
0.0
-0.14285714285714285
0.10493827160493828
0.15714285714285714
-0.23958333333333334
-0.14366883116883114
0.07734108946608947
0.1
0.290625
-0.2333333333333333
0.1738095238095238
-0.042499999999999996
0.09999999999999999
0.01428571428571433
0.27603305785123966
0.1591517857142857
0.01759259259259259
-0.353125
0.10277777777777779
0.25555555555555554
0.13333333333333333
0.4375
0.016249999999999997
0.2333333333333333
0.165625
-0.29999999999999993
0.0979239256678281
-0.1015873015873016
0.2857142857142857
-0.4
0.042779749320446994
0.35357142857142854
0.26666666666666666
0.084375
0.20000000000000004
-0.3833333333333333
0.12545421749967203
0.22499999999999998
0.13143939393939394
0.02516025641025642
0.14722222222222223
0.08035714285714286
-0.07083333333333335
-0.07083333333333335
0.25
0.011837121212121219
0.05700280112044817
-0.013888888888888886
-0.08583333333333333
0.09166666666666667
0.24453125
0.25
0.26999999999999996
0.06380952380952384
0.03749999999999998
0.15000000000000002
-0.1888888888888889
-0.08571428571428572
0.06129629629629629
0.31666666666666665
0.0012820512820512797
0.09791666666666668
0.18375000000000002
0.03712121212121213
0.0620238095238095
-0.45
0.11666666666666667
0.05500000000000001
0.03536458333333335
0.24
0.2
-0.5
0.26666666666666666
0.24809523809523806
-0.115625
0.11666666666666665
0.008791208791208807
-0.09536730222391987
0.09505208333333331
0.061111111111111116
0.0
0.20416666666666664
-0.07739898989898991
-0.36666666666666664
0.5
-0.055555555555555566
0.10416666666666667
0.05584415584415585
0.08642857142857142
-0.03511904761904762
-0.045
-0.2311027568922306
0.11136363636363639
-0.002678571428571427
-0.08283926218708826
0.12675925925925927
0.054761904761904755
0.18765432098765433
-0.03333333333333333
0.07500000000000001
0.2619642857142857
0.17866666666666667
-0.07226562499999997
0.15625
-0.28568376068376067
0.3854166666666667
0.03051282051282051
0.16818181818181818
0.3333333333333333
0.007638888888888886
-0.16666666666666666
0.13194444444444445
0.10502387318563788
0.2426969696969697
0.0
-0.011363636363636364
0.017424242424242425
0.21230769230769228
0.08
0.16494490358126723
0.05823950066137567
-0.01885521885521886
0.09999999999999999
0.13999999999999999
0.08582015810276682
0.05952380952380952
0.15
0.1406878306878307
0.13096590909090905
0.24
-0.185
0.25104166666666666
-0.016666666666666663
-0.03333333333333333
-0.00555555555555556
0.5
0.04861111111111112
-0.07272727272727274
-0.00073260073260073
0.35
0.09722222222222222
-0.06536111111111112
0.01906130268199234
0.028211739241151012
0.10625000000000001
0.28611111111111115
-0.0625
0.19621212121212123
0.39285714285714285
0.12624716553287982
0.12288498622589532
0.05009276437847865
0.0
0.12288498622589532
0.18055154721821384
0.12288498622589532
-0.006181318681318689
-0.07500000000000001
0.0
-0.014950980392156858
-0.1910714285714286
0.1390811011904762
-0.09166666666666666
0.03125
0.07777777777777778
0.5888888888888889
0.05000000000000001
-0.024999999999999967
0.002623456790123463
-0.22204861111111113
0.07499999999999998
0.09999999999999999
0.14687499999999998
0.12288498622589532
0.23611111111111113
0.22518939393939394
0.0
0.32222222222222224
0.0375
0.10000000000000002
-0.01625138427464007
0.05
0.18571428571428572
0.2809523809523809
-0.24500000000000002
0.044444444444444446
0.12962962962962965
0.15892857142857142
0.165625
-0.07857142857142858
0.12499999999999999
-0.013333333333333353
0.0
0.09285714285714285
0.05637891520244461
0.0785714285714286
-0.0542478354978355
-0.09999999999999996
0.022857142857142843
0.2720588235294118
0.24345238095238092
-0.2
0.027783528870485387
-0.07962962962962965
0.029444444444444443
0.035256410256410256
-0.05714285714285715
-0.0033333333333333435
0.09242424242424244
0.06822916666666666
0.010393772893772883
-0.5
0.15324675324675321
-0.15555555555555559
-0.09999999999999999
0.08809523809523812
0.00104166666666667
0.03613636363636364
-0.04785353535353536
0.132
0.18214285714285713
0.0008771929824561431
-0.3333333333333333
0.4
-0.4145833333333333
0.190625
-0.06119047619047622
-0.18518518518518517
0.04
0.004999999999999988
-0.06553030303030304
0.09999999999999998
0.1
-0.10583333333333335
0.07839262187088275
-0.06703296703296703
0.3060606060606061
0.30000000000000004
-0.12430555555555556
-0.06136054421768707
0.25
-0.017276422764227622
-0.12666666666666668
0.040249433106575964
0.0919047619047619
0.1631336503871715
0.09444444444444444
0.10559523809523809
0.1320138888888889
-0.13609307359307357
0.6499999999999999
0.20555555555555557
0.07671911421911423
0.03863678804855276
0.30727272727272725
0.09722222222222222
0.3541666666666667
0.3166666666666667
0.13989521841794567
-0.1953125
0.0
0.15071022727272726
0.10215097402597402
0.19642857142857142
-0.013017751479289928
0.20106837606837608
0.2591836734693878
-0.32083333333333336
-0.10250000000000001
-0.012499999999999997
-0.18645833333333334
0.2916666666666667
-0.08333333333333333
0.0
-0.2212121212121212
0.1375
-0.01601280663780664
0.0
0.159796918767507
0.29791666666666666
-0.15737244897959182
-0.006249999999999999
0.0
0.25999999999999995
0.1125
0.20833333333333337
0.10559523809523809
0.10559523809523809
0.1375
-0.125
0.2648809523809524
0.08666666666666667
-0.041666666666666664
0.2857142857142857
0.13099747474747472
0.04317460317460317
0.28407407407407403
0.13685897435897437
0.14677489177489178
0.06862745098039216
0.023124999999999993
0.0
-0.007277541640749193
-0.2375
0.375
-0.016666666666666663
-0.45
0.0
0.1366666666666667
-0.049603174603174593
0.25833333333333336
0.20126262626262625
0.3555555555555556
0.2616666666666666
0.0888888888888889
-0.2923295454545455
-0.19166666666666665
0.375
0.019999999999999997
-0.1875
0.3333333333333333
0.058888888888888886
0.0
0.18055555555555558
0.07500000000000001
-0.2333333333333333
0.5
0.006249999999999996
-0.04612293570626904
-0.6
0.25
0.0
0.0341880341880342
0.010677083333333344
0.21458333333333335
-0.03826530612244899
-0.15
0.060795454545454534
0.2
0.10279720279720281
0.007936507936507934
0.09642857142857142
-0.3
-0.009999999999999986
0.31428571428571433
0.07840277777777778
0.03706004140786749
-0.14166666666666666
0.15833333333333335
-0.039999999999999966
0.5
0.03928571428571429
0.070651455026455
0.04999999999999999
0.2916666666666667
0.36666666666666664
0.15625541125541126
-0.01867283950617284
0.095
0.0
-0.05555555555555556
0.2333333333333333
0.07575757575757576
-0.10512187088274043
-0.037878787878787866
-0.07307692307692307
0.25606060606060604
0.013591269841269845
0.26460317460317456
-0.033333333333333326
0.11311046977713647
-0.018750000000000006
0.20000000000000004
0.16933673469387758
0.06330158730158732
0.175
0.2633333333333333
-0.09
0.17722868217054266
0.26785714285714285
0.06000000000000001
0.31866666666666676
-0.13830357142857141
0.19462962962962968
0.06388888888888888
0.2
0.0625
0.07327777777777778
0.1
-0.06666666666666667
0.046166666666666654
-0.2
-0.1
0.05833333333333333
-0.020833333333333332
0.07916666666666666
-0.35
-0.1448529411764706
0.06161989795918369
0.03386493506493504
0.09992063492063491
0.35
-0.005718954248366019
-0.3333333333333333
-0.125
0.0
0.03150352733686067
0.07939976689976688
0.1324621212121212
-0.12305325421704733
-0.09226190476190475
0.4666666666666666
0.11653225806451617
-0.07971552257266544
0.016666666666666646
-0.11666666666666667
0.05571428571428573
0.02407407407407408
0.05555555555555558
-0.0031250000000000028
-0.5
-0.296025641025641
-0.07962962962962962
0.0
-0.2
0.061811224489795924
0.03125000000000001
0.9765625
-0.23958333333333331
-0.21875
0.18184761904761906
0.0
0.005681818181818177
-0.31
0.2625
0.1366666666666667
0.08285714285714285
-0.275
-0.03439180107526882
-0.041666666666666664
0.18571428571428572
0.036000000000000004
0.55
0.25
0.06785714285714287
-0.04085470085470085
0.26666666666666666
0.04759920634920635
0.225
0.18076984126984127
0.051000000000000004
0.12254901960784315
-0.07854191263282172
0.2818181818181818
-0.05500000000000001
0.0
0.3101010101010101
0.3101010101010101
0.3101010101010101
0.3101010101010101
-0.0875
0.025310245310245314
-0.003333333333333314
-0.31999999999999995
-0.059999999999999984
-0.15625
-0.021049783549783554
0.16666666666666666
0.0
-0.36
0.07343749999999999
0.136
0.10714285714285714
-0.25839285714285715
0.10035714285714285
-0.15833333333333335
0.5
-0.011111111111111113
0.24444444444444446
0.35
0.0
0.04999999999999999
0.75
-0.3666666666666667
0.11979166666666664
0.18214285714285716
-0.37333333333333335
0.027878787878787878
-0.039285714285714285
-0.18
-0.11000000000000001
0.23265306122448984
0.056573498964803313
-0.0005128205128205097
0.09169004863449308
0.2
-0.09285714285714285
-0.12333333333333334
-0.020518518518518516
0.02738095238095239
0.16
-0.13333333333333328
-0.024999999999999984
0.14523809523809522
0.0
0.2265714285714286
-0.009148550724637678
-0.03630208333333333
-0.1875
0.05384615384615384
-0.125
0.1
0.2
-0.012499999999999997
-0.35000000000000003
0.11113636363636363
0.1425
-0.30000000000000004
0.5
0.0
0.010256410256410255
-0.11249999999999999
0.5583333333333333
-0.07916666666666665
0.06292138712351479
0.10083333333333333
0.22272727272727275
-0.25
0.0
-0.07083333333333335
0.125
0.1858585858585859
0.06527777777777778
-0.09062500000000001
-0.015747640337804274
0.0
0.13999999999999999
0.20069444444444443
0.375
0.20714285714285713
0.2
-0.016666666666666646
0.1729166666666667
-0.06588748346560847
0.3822727272727272
0.0625
-0.030769230769230785
0.2116161616161616
0.019500000000000007
-0.10000000000000002
0.2049019607843137
0.039999999999999994
0.028787878787878796
-0.025
-0.28125000000000006
0.2866666666666667
-0.26
-0.19250000000000003
0.12133333333333333
0.0
-0.08571428571428572
0.20750000000000002
0.25
-0.011538461538461536
0.1148148148148148
0.0
-0.3333333333333333
-0.0303968253968254
0.0
-0.06881377551020411
-0.20714285714285713
0.07847222222222221
-0.14606060606060609
-0.07232142857142859
0.19333333333333336
-0.35892857142857143
-0.203125
0.14023809523809522
0.10578703703703704
-0.05
0.20119047619047617
0.004464285714285709
-0.03311688311688313
0.1023148148148148
0.0569047619047619
-0.40625
0.2756410256410256
-0.45
-0.35
0.05288095238095239
-0.35
0.0
0.375
-0.0013265306122448924
0.058692810457516335
-0.025668724279835405
0.43333333333333335
0.08049095607235142
-0.24629629629629632
-0.3833333333333333
0.13749999999999998
0.0052749719416386115
0.04122807017543859
0.10588235294117644
0.10252525252525253
-0.18055555555555555
-0.0025686813186813163
0.20714285714285713
0.36
-0.17630591630591627
0.13071428571428573
0.30000000000000004
0.06999999999999999
-0.7999999999999999
-0.31083333333333335
0.2011559139784947
0.2211538461538462
0.08711052322163436
-0.2
0.0
0.0
0.3125
-0.18214285714285713
0.3
0.19166666666666668
0.14129464285714283
0.4666666666666666
0.0
-0.15833333333333333
-0.11943115364167996
0.07500000000000004
-0.4375
0.011666666666666667
-0.04096829640947286
-0.1033234126984127
0.23450000000000001
0.052571770334928214
0.2
-0.02777777777777778
0.2979591836734694
0.13636363636363635
0.1025
-0.044444444444444446
0.015000000000000003
-0.1
-0.00833333333333334
0.15
-0.0125
0.35
0.2625
-0.15861111111111106
0.01703542392566783
-0.13935185185185184
0.00208333333333334
0.051916666666666667
0.13373015873015873
-0.05625000000000001
0.35
0.0
0.10238095238095239
0.06111111111111111
0.1300767414403778
0.0
0.265
-0.01752777777777777
0.0665079365079365
0.07500000000000001
-0.015974025974025974
0.19375
-0.20833333333333334
0.3984848484848485
0.26250000000000007
-0.05
0.0
-0.43333333333333335
0.3
-0.12265306122448977
-0.20476190476190476
0.1708333333333333
-0.01454545454545455
0.22500000000000003
-0.15
-0.25
-0.46666666666666673
0.06999999999999999
0.0036363636363636377
-0.03715986394557823
0.4444444444444445
0.06093749999999999
0.031730769230769236
0.0
0.12333766233766234
0.3416666666666666
0.2
0.22000000000000003
0.5
0.0
0.0
0.15999999999999998
0.19142857142857142
0.13941387559808613
0.10386297730047732
0.19015151515151515
0.08281250000000001
0.08547008547008544
-0.5
0.012222222222222212
-0.05000000000000001
-0.3
-0.5
0.25
0.0
0.1246031746031746
0.1246031746031746
0.03750568875568875
0.09046594982078855
0.12083333333333332
0.0
-0.0625
0.40173160173160166
0.23333333333333334
0.17777777777777776
0.0
0.17
-0.041666666666666644
0.060174311504098736
-0.007333333333333298
-0.048
0.004166666666666661
0.17222222222222222
0.10138888888888888
-0.025000000000000022
0.007345779220779225
-0.0018186540045178874
-0.15
-0.025000000000000005
-0.0975
0.28585858585858587
0.125
-0.035449735449735446
-0.000708616780045349
-0.29999999999999993
-0.08666666666666664
0.13653846153846153
-0.013612440191387553
0.1219047619047619
0.15639880952380952
0.011111111111111108
-0.04
-0.33333333333333326
0.061078431372549036
0.14684523809523808
0.25
0.0
-0.35333333333333333
0.2
0.012440191387559819
-0.011435786435786447
-0.05416666666666666
-0.05555555555555555
-0.09230769230769229
0.24328947368421056
0.12962962962962965
0.19821428571428573
-0.02380952380952381
0.1955128205128205
0.15
0.1418767507002801
-0.044897959183673466
0.29166666666666663
0.13371212121212123
0.16666666666666666
0.13582010582010584
-0.014285714285714287
0.2222222222222222
0.3
-0.06666666666666668
0.08125
-0.0053968253968254
0.16534391534391535
0.25
0.1
-0.15
0.025626477541371148
0.5
0.15071428571428572
-0.21164021164021166
0.06333333333333334
0.18888888888888888
0.19999999999999998
-0.14886363636363634
-0.37777777777777777
-0.09015151515151515
0.08386044833719254
-0.5
0.062019969278033805
0.10727272727272727
0.0
0.0
-0.0375
0.07117012617012618
0.022023809523809532
0.06748737373737372
-0.5
0.1111111111111111
0.1625
0.0
-0.159375
0.75
0.04940476190476189
0.15000000000000002
0.23333333333333334
0.4
0.0625
-0.875
0.0
0.0
0.11071428571428572
-0.019999999999999952
0.19
0.35714285714285715
0.23166666666666663
0.5
-0.0009706959706959723
0.16363636363636366
-0.16
0.034848484848484844
0.4214285714285714
-0.0361111111111111
-0.55
0.051923076923076926
-0.19444444444444442
0.18333333333333338
0.2
0.5
0.0029761904761904795
0.12523809523809523
0.0
0.044791666666666674
0.09575216450216449
0.013392857142857142
0.07083333333333333
0.43333333333333335
-0.002777777777777768
0.0375
0.1
0.028030303030303027
0.08095238095238098
0.0752767602767603
0.5
0.2803030303030303
0.01161616161616163
0.2096590909090909
0.16794871794871793
-0.11333333333333333
0.12678571428571428
0.8
0.1
0.09353835978835978
0.1729166666666667
0.12291666666666667
0.1787730243612596
0.35
0.21523809523809526
0.03727678571428572
0.39999999999999997
0.0
0.26
0.20833333333333331
0.25044642857142857
0.14455128205128204
0.2634920634920635
0.24411764705882355
0.1796875
0.10634920634920632
-0.08299319727891157
0.009090909090909094
0.10491071428571429
0.08472222222222221
0.5
-0.23285714285714293
0.09890804597701149
-0.023142857142857135
0.0
-0.23809523809523808
0.16666666666666666
-0.15499999999999997
0.33
-0.023958333333333325
-0.13166666666666665
-0.049999999999999996
0.11666666666666665
0.08595238095238097
0.06477272727272727
-0.025
0.07623753058535668
-0.08072916666666667
-0.022222222222222213
-0.5
0.4
0.041666666666666685
-0.025
0.35
-0.09999999999999999
0.11666666666666664
0.2
0.0510233918128655
-0.015307172251616695
0.1265079365079365
-0.049999999999999996
0.375
-0.0943452380952381
-0.4666666666666666
0.00833333333333336
0.08442307692307692
0.15210542078466607
0.18
0.5
0.0
0.033333333333333326
0.1025
-0.12210911495911496
0.1744107744107744
-0.33749999999999997
-0.05
-0.21000000000000002
0.1
0.0713888888888889
0.15564625850340136
0.25
0.12448158837047726
-0.1090686274509804
0.0030303030303030346
0.09272012578616354
-0.08571428571428573
0.1380952380952381
0.12166666666666667
-0.2333333333333333
0.2226605758582503
0.13333333333333333
0.12499999999999999
-0.042129629629629614
0.36
0.10952380952380952
0.2125
0.225
0.19722222222222222
0.17869210538565375
0.17083333333333334
-0.015909090909090914
0.06472943722943723
0.0
0.0
0.16190476190476188
0.07543841475984331
0.08253968253968252
0.17
-0.08009259259259259
0.03676104676104677
-0.09999999999999999
-0.13416666666666668
-0.02005050505050506
-0.025
0.017857142857142856
0.22083333333333338
0.2408125
-0.01325440917107584
-0.04194444444444445
0.06829213184476343
0.006249999999999999
-0.13214285714285715
-0.008333333333333323
-0.05
0.19097222222222224
-0.07857142857142857
0.05462962962962964
0.05500000000000001
0.16233495670995676
0.2998757575757576
-0.04188034188034187
0.10714285714285714
0.3125
-0.06666666666666667
0.07685525202766581
-0.033796296296296297
-0.04069548872180451
0.1630769230769231
0.10324925845759171
-0.125
-0.011336805555555546
-0.09999999999999999
0.04500000000000002
0.21666666666666667
0.35
-0.11749999999999998
0.25
0.039999999999999994
0.3
-0.02999999999999999
0.08214285714285714
0.14285714285714285
-0.02825814536340852
0.2
-0.6749999999999999
0.15624999999999997
0.09206349206349208
-0.17857142857142858
-0.17857142857142858
0.15119047619047618
0.24
0.08333333333333333
0.09166666666666667
-0.75
0.225
-0.29907407407407405
0.12817512531328323
-0.275
-0.10535714285714286
0.125
0.0
0.07
-0.06666666666666665
0.25
0.1344781144781145
-0.04671717171717171
-0.3
0.35
0.20625
0.10805506993006991
-0.23333333333333334
-0.1
-0.18095238095238095
0.25828373015873013
-0.12361111111111112
-0.10938888888888887
-0.08266666666666667
-0.01717171717171718
0.02976190476190476
0.09145299145299145
0.05919796798029557
0.19058333333333333
-0.03697916666666667
0.0029202279202279226
0.26666666666666666
-0.15871212121212122
-0.030318571557410846
0.29583333333333334
0.02924242424242425
0.0
0.11071428571428572
0.1
0.19307291666666668
0.0
0.175
0.16571969696969696
0.06666666666666667
0.13928571428571426
0.0
0.20833333333333334
0.0
-0.07500000000000001
0.012820512820512843
0.25730557790292297
0.2
0.12916666666666665
0.09185463659147873
0.11222674851190476
0.32333333333333336
0.05796458796458798
0.033680555555555554
0.20000000000000004
-0.24000000000000005
-0.08529411764705883
-0.011000000000000001
-0.024999999999999994
0.08333333333333333
0.0449404761904762
0.009615384615384633
-0.11026234567901233
-0.02666666666666666
-0.040901360544217676
-0.09429112554112555
0.13148148148148148
0.011699735449735455
0.1524242424242424
0.20000000000000004
0.42415364583333337
0.12685185185185185
-0.009722222222222222
0.1093276515151515
0.13645833333333335
-0.28557692307692306
0.10812138078371844
0.170995670995671
0.1328125
0.0
-0.11000000000000001
0.07857142857142858
-0.11632653061224489
0.3
0.09166666666666667
0.29999999999999993
0.4333333333333333
0.038095238095238106
-0.3597222222222222
0.11499999999999999
0.012
-0.125
0.02179437229437228
0.12345679012345677
0.05757575757575757
0.1538888888888889
0.12875344352617082
0.22049735449735444
-0.04166666666666666
-0.06835664335664335
-0.11666666666666665
0.029166666666666674
-0.42500000000000004
0.17510348583877997
0.0285632183908046
0.13157894736842107
-0.02109090909090911
0.09575184240362809
-0.22606060606060607
0.0
0.35357142857142854
0.3
0.09585616438356159
-0.0854166666666667
0.35
0.4107142857142857
0.04184303350970017
0.10127551020408163
0.515625
-0.1375
-0.06188949938949938
0.05
-0.1833333333333333
0.20274725274725278
-0.0488095238095238
0.17382142857142854
0.16990740740740745
0.0
-0.04358974358974358
0.16023253367003365
0.18142857142857144
0.09256262626262628
-0.020116213151927433
-0.5
0.18337962962962964
0.027500000000000007
0.11586091234347048
0.05054009482580911
0.14285714285714285
0.0
0.15555555555555556
0.12
-0.08564814814814817
0.0
0.125
0.43333333333333335
-0.10499999999999998
-0.12257575757575756
0.1
-0.09639037433155082
0.15095990965556186
0.18333333333333335
0.07500000000000001
-0.5
0.06818181818181818
0.04714285714285714
0.22738095238095238
0.10089285714285713
0.004666666666666664
0.20000000000000004
0.04737654320987654
-0.053333333333333344
-0.02936813186813186
0.12
0.1520408163265306
0.02766257040450591
0.21233766233766235
-0.16142070051160953
0.0
0.15
0.16322115384615385
0.0
0.0
-0.012500000000000011
0.18718820861678007
0.055952380952380955
0.0
-0.5041666666666667
0.08
0.20833333333333334
0.6
0.11294642857142856
0.025324675324675326
0.1267080745341615
0.3416666666666667
-0.3333333333333333
0.13333333333333333
-0.025000000000000005
-0.013194444444444446
0.19
0.15293717909996982
0.02244623655913981
0.20833333333333334
-0.07379277216923702
-0.4333333333333333
0.07149470899470901
0.2505208333333333
0.2
0.03500000000000001
0.5
-0.016666666666666663
0.15047619047619049
0.5333333333333333
0.03409090909090909
-0.25625
0.10557291666666667
0.0666666666666667
0.2071428571428571
0.10492424242424243
0.07460317460317462
0.09506666666666667
0.0
-0.10000000000000002
-0.018333333333333323
0.07148760330578513
-0.02689393939393937
-0.3333333333333333
0.2020833333333333
-0.07625
-0.15151515151515152
-0.0035714285714285657
-0.012499999999999997
-0.18999999999999995
0.08333333333333334
-0.15480769230769229
0.25039682539682545
-0.3333333333333333
-0.1416666666666667
0.06607142857142857
-0.25999999999999995
0.043055555555555555
0.18796992481203012
0.15297123015873015
0.15619047619047619
0.19333333333333333
-0.09999999999999999
-0.10965608465608466
0.06603084415584416
0.033333333333333354
-0.014166666666666671
-0.03590909090909092
-0.8749999999999998
-0.016130086293776772
0.1850877192982456
-0.1910714285714286
0.014523809523809522
-0.3333333333333333
0.5599999999999999
0.006806418219461702
0.39999999999999997
-0.23666666666666666
0.22916666666666666
0.045454545454545456
0.0
-0.1
0.07666666666666666
-0.075
-0.06750992063492062
0.02415972222222222
0.11907894736842106
0.10525210084033615
0.19285714285714284
0.31659340659340657
0.11250450937950938
0.3333333333333333
-0.20800000000000002
0.10663919413919415
0.21481481481481482
-0.125
0.15
0.11367578849721707
0.14583333333333334
0.047958333333333346
0.022222222222222237
0.3142857142857144
-0.059523809523809514
-0.037500000000000006
0.01818181818181818
0.03692307692307692
-0.16249999999999998
0.1684461152882206
0.10030303030303032
0.25
0.06999627976190476
0.0
0.0
-0.06879910213243547
0.15499999999999997
0.1
-0.15
-0.5
0.014999999999999996
0.3333333333333333
0.0638655462184874
0.16166666666666668
0.5089285714285714
0.08499999999999999
0.24583333333333335
0.09232993197278912
-0.5
-0.11536281179138322
0.09952380952380953
0.21666666666666665
-0.14047619047619048
0.15071428571428577
0.11786095077761749
0.2761904761904762
-0.002083333333333333
0.2
0.0
0.07365682884550809
-0.29074074074074074
0.1960858585858586
-0.09761904761904759
-0.32249999999999995
0.0480312049062049
0.5625
0.26217687074829926
0.2
0.23000000000000004
0.18775510204081636
0.1166666666666667
-0.020833333333333343
0.1742857142857143
0.14489795918367349
0.0
0.18333333333333335
-0.09999999999999999
0.15550193050193048
0.16594387755102039
-0.13041666666666668
0.0
0.15625
-0.1
0.08124999999999999
0.15359284332688586
0.2
-0.012727272727272731
0.204978354978355
-0.18693877551020405
-0.125
0.012000000000000005
-0.30000000000000004
-0.03636363636363635
0.16
0.008283068783068807
0.1439030401416765
0.16874999999999998
0.2544444444444445
0.3333333333333333
0.04833333333333334
0.04907407407407407
-0.03333333333333335
0.675
0.2488095238095238
2.7755575615628914e-17
-0.1035238095238095
0.04040404040404041
1.1102230246251566e-17
0.022062447786132013
0.05283110119047619
-0.03226677168984861
0.16166666666666665
0.05638227513227515
0.058333333333333334
0.21714285714285717
0.19285714285714284
0.02666666666666666
0.11470588235294121
0.07954545454545454
0.07625822686798296
0.38409090909090904
0.18300189393939392
0.11515151515151514
0.22354497354497355
0.17857142857142858
0.08744356833642548
0.12083333333333332
-0.20000000000000004
0.005550900712191034
-0.03602941176470587
0.13999999999999999
0.08680555555555558
0.05304214015151514
-0.0625
0.03787878787878789
-0.02065217391304348
0.037500000000000006
0.06428571428571428
0.31250000000000006
0.11000000000000001
0.09452380952380951
0.2602272727272727
0.11495726495726497
0.08333333333333333
0.038888888888888896
-0.15
0.08939393939393944
0.09444444444444444
0.02105654761904762
-0.11759259259259257
0.18333333333333335
0.052083333333333336
0.24814271749755623
-0.0483716804029304
0.09031793272864704
0.20867346938775508
-0.4666666666666666
0.7
0.2164021164021164
0.09812030075187969
0.16704545454545455
0.07752525252525254
0.019444444444444438
0.028985987103174606
0.30680272108843537
0.030129870129870135
0.15
-0.5
-0.006966991341991335
-0.033333333333333326
0.16225671120067664
0.04500605326876513
0.13888888888888892
0.0
-0.14062049062049062
0.4833333333333334
0.03787878787878788
-0.3333333333333333
-0.02219967532467532
0.1714285714285714
0.021450617283950618
-0.09999999999999999
0.023809523809523822
-0.5
-0.09999999999999999
