-0.13852222222222224
-0.17017171717171717
-0.2114446127946128
-0.2779606060606061
-0.030400854700854674
-0.2008327748383304
0.16756666666666667
0.13506121400769613
0.015513888888888891
-0.07150092592592593
-0.16197601410934745
-0.2901476851851852
-0.027091975308641977
-0.20731666666666668
-0.04436632996632997
-0.2577333333333333
0.03340333333333334
-0.16851904761904765
-0.08906666666666667
0.28131666666666666
-0.07743540507111937
-0.05664583333333333
0.13985740740740746
0.24660000000000004
-0.32510648148148147
-0.03817592592592594
0.12040000000000001
0.07726666666666669
-0.06705818255818254
0.20004444444444447
-0.10452444444444443
0.1267005291005291
-0.01845523809523808
0.0014902777777777803
0.0695
-0.052578070672713535
-0.17043333333333333
-0.0168095238095238
-0.1058053872053872
0.05538536324786326
-0.11285685111989459
0.045918518518518504
-0.31684646464646465
-0.022306878306878306
-0.25936666666666663
-0.12822314814814814
-0.11568809523809524
-0.10556666666666668
-0.1605037037037037
-0.015125925925925932
-0.10455555555555551
-0.11944642857142856
-0.19047777777777775
-0.25976697530864196
-0.03112
-0.10552077922077922
0.14172500000000002
-0.026666666666666672
0.26109444444444446
0.020724091710758386
-0.09810029761904764
-0.22469753086419755
-0.014154921509466971
0.07031944444444445
0.019631440329218108
-0.00175832130832132
-0.18241515151515153
0.03894955026455027
0.05438257575757575
-0.035790689390689384
-0.18275
0.21690833333333334
0.08609135802469138
-0.14076111111111111
