-0.057346189164370974
0.009259259259259252
0.12222222222222226
0.279375
-0.04930555555555555
0.4055555555555556
0.065
-0.09040277777777775
-0.2571428571428571
-0.25
-0.13333333333333333
-0.125
0.0
0.061963725929243166
0.0
0.2333333333333333
0.16
-0.075
0.15714285714285714
0.009999999999999986
0.1825
0.18972222222222224
0.18666666666666668
-0.01846153846153846
-0.039246031746031744
0.08675595238095238
0.27126984126984127
0.1361111111111111
0.09484589685676646
-0.09062499999999997
0.028333333333333342
0.055654761904761915
-0.03854166666666667
0.0047619047619047545
0.0
-0.13392857142857142
-0.02405303030303031
-0.27777777777777773
-0.6
0.0
0.0031250000000000028
0.12916666666666665
0.0
0.125
0.17291666666666666
0.06666666666666665
0.13874999999999998
0.1522842056932966
0.18516404891404892
-0.024999999999999994
-0.16458333333333333
0.14833333333333332
-0.07619047619047617
0.0
-0.12083333333333333
0.05000000000000001
0.1
0.03630787037037036
-0.31190476190476185
-0.11166666666666666
0.14464285714285713
-0.15000000000000002
0.043333333333333335
0.46499999999999997
-0.0555676961926962
0.39375
0.19288888888888883
-0.07336363636363638
-0.07142857142857144
0.30625
0.275
0.005208333333333336
0.3571428571428571
0.19
0.04000000000000001
-0.07
0.003030303030303032
0.15925925925925924
0.06666666666666667
-0.2
0.07884615384615386
0.029999999999999992
0.0
0.0
0.0
0.17505050505050504
0.2
0.020833333333333332
-7.93016446160826e-18
0.01972121212121214
0.0
0.0693226911976912
0.12012121212121216
0.0
0.1716666666666667
0.1
0.13541666666666666
0.0
-0.17166666666666663
0.06597576530612245
0.175
0.20714285714285716
0.10000000000000002
0.0
0.30000000000000004
-0.017142857142857137
-0.15555555555555559
0.0625
0.019196428571428573
0.02697072072072072
-0.06666666666666667
0.15988095238095237
0.32999999999999996
0.04999999999999999
0.25
0.0
0.06666666666666667
-0.03690476190476189
0.0
0.04
-0.05312499999999999
-0.3
-1.0
-0.26666666666666666
-0.015401785714285703
0.16666666666666666
0.06999999999999999
0.0
0.1435897435897436
0.0
-0.13572443181818183
-0.14976615646258504
0.07809523809523808
0.16
-0.30877976190476186
-0.23482142857142851
0.04384553203997648
0.032125603864734294
0.19037037037037036
0.0393064182194617
0.09791666666666667
-0.26666666666666666
0.0467288961038961
-0.5
0.06666666666666667
0.0
-0.15
-0.08333333333333333
0.0
0.3
0.28229166666666666
0.028571428571428564
0.11061224489795918
0.2
-0.0372239475500345
-0.04916666666666667
-0.10714285714285714
-0.05
0.2
-0.024999999999999994
0.09615702479338845
0.13055555555555556
0.15
0.0
-0.6999999999999998
0.34375000000000006
0.06666666666666668
0.2333333333333333
-0.025396825396825393
0.17172110717565264
0.06637806637806637
0.10000000000000002
0.007097701149425287
-0.02727272727272727
0.07117857142857142
0.10312500000000001
0.2
-0.1
0.22083333333333335
0.3
0.0
0.06499999999999997
0.155
0.08666666666666667
0.09074074074074073
-0.009259259259259267
0.075
-0.028253119429590023
0.18454545454545454
0.23249999999999998
0.17416666666666666
-0.2916666666666667
-0.10833333333333328
-0.013596491228070174
-0.024999999999999994
0.047352941176470556
-0.010416666666666671
0.12416666666666665
-0.04220779220779221
0.10700000000000001
-0.024305555555555542
0.020833333333333336
0.16111111111111112
0.2125
0.09000000000000001
-0.008333333333333318
0.26666666666666666
-0.019999999999999997
0.002083333333333333
-0.01068007662835249
0.25
0.009848484848484851
-0.08736263736263737
0.05
0.19083333333333335
0.65625
-0.8
0.0625
0.39999999999999997
-0.3541666666666667
-0.4
-0.13333333333333333
-0.033018207282913166
-0.2157300420168067
0.275
-0.014285714285714282
0.053333333333333344
-0.3
0.013492063492063491
0.049999999999999996
-0.19444444444444445
-0.25
0.0
0.19166666666666665
0.2333333333333333
0.13386243386243385
0.03333333333333333
-0.06011904761904763
-0.1866666666666667
-0.0625
-0.5
-0.18475274725274723
0.0
0.19176470588235295
0.0
-0.1666666666666667
0.171875
0.10021730914588056
0.03611111111111111
0.08124999999999999
-0.026785714285714288
-0.0900297619047619
-0.2232142857142857
0.33428571428571424
0.06562500000000002
-0.01130952380952381
0.34659090909090906
0.26
-0.2
0.0
-0.06342592592592593
-0.05694444444444446
0.15119047619047618
-0.14166666666666666
0.06319444444444444
0.0018750000000000127
-0.223015873015873
0.6083333333333334
-0.13999999999999999
0.012568681318681317
0.9
0.12690202517788726
0.13200000000000003
-0.13602813852813853
-0.0625
0.19374999999999998
-0.26749999999999996
0.5
0.1707070707070707
0.10952380952380954
0.12569444444444444
0.01499999999999999
-0.3
0.0
0.05833333333333334
0.13722222222222225
-0.07714285714285711
0.27083333333333337
0.17500000000000002
-0.18285714285714283
-0.046671075837742514
0.12333333333333334
0.39999999999999997
0.0004761904761904745
0.2
0.42142857142857143
-0.08333333333333333
0.1361111111111111
0.25
-0.15
-0.03809523809523807
0.26666666666666666
0.0
0.037500000000000006
0.08214285714285716
0.2
0.004687499999999997
0.25
-0.020833333333333332
0.15
0.15714285714285717
-0.02121212121212122
0.38
0.12
-0.0666666666666667
-0.5
0.10906142167011731
0.0
0.05
0.033333333333333326
0.17500000000000002
0.029999999999999995
-0.3625
0.0111111111111111
0.09111111111111111
0.078125
0.5
0.125
0.0
-0.026190476190476184
-0.21666666666666667
0.0
-0.4600000000000001
0.0
0.10833333333333334
5.939796637471002e-05
0.5
0.30727272727272725
0.302518315018315
0.04609374999999999
0.08333333333333334
0.16818181818181818
0.22152777777777777
0.3125
-0.205
-0.01335227272727273
0.2
0.2631746031746031
-0.08333333333333333
0.1625
0.0
0.11666666666666667
-0.13409090909090907
-0.022222222222222213
-0.14166666666666666
0.0038985635576544594
0.004329004329004299
-0.04748204022988506
0.6
0.16
-0.1
0.18285714285714288
-0.03125
0.1416666666666667
-0.27649999999999997
0.2019047619047619
0.045827320827320814
0.01296992481203007
0.10303030303030303
0.19345238095238093
-0.0896551724137931
0.08713924963924964
0.1470238095238095
0.07876984126984127
0.03194444444444444
0.0038461538461538494
-0.04814814814814814
0.07166666666666664
0.09554247835497835
-0.051005291005291005
0.10941176470588236
-0.0019047619047619028
0.16333333333333333
-0.10892857142857142
0.09500000000000001
0.021507936507936507
0.15872652347652347
0.11428571428571427
0.2257142857142857
0.11437728937728936
-0.020000000000000007
0.00019047619047618536
-0.0024122807017543948
-0.05673611111111111
0.17371904052231918
0.11845238095238095
0.16249999999999998
-0.8
0.08872009569377991
0.13541666666666666
0.151925505050505
0.10018150252525251
0.007074420677361846
0.02500000000000001
-0.12375
0.25
-0.026262626262626262
-0.03472222222222222
0.0
-0.028958333333333336
0.2222222222222222
0.22499999999999998
0.13333333333333333
0.1475714285714286
0.11130952380952379
0.0
-0.033333333333333326
-0.2
0.3333333333333333
0.33001443001443004
0.175
0.2714285714285714
0.2
0.008333333333333326
-0.19999999999999996
-0.08076923076923076
2.0816681711721685e-17
0.0
0.10714285714285715
0.04545454545454545
0.04272727272727272
0.029437229437229453
-0.027272727272727258
-0.2
0.0530952380952381
-0.5
-0.007499999999999995
0.19666666666666666
0.1
0.39999999999999997
0.24166666666666667
0.04842857142857143
0.07500000000000001
0.125
0.1302666666666667
0.27166666666666667
0.021428571428571432
0.19999999999999998
-0.125
0.03333333333333333
0.02878787878787879
0.16433333333333333
0.028497023809523812
-0.15075
0.030416666666666668
-0.1
0.19545454545454546
-0.025
0.1
0.35
0.00576923076923077
0.18666666666666668
0.07314814814814814
0.3
0.07682539682539682
-0.03360881542699725
-0.07256944444444445
0.023493173493173487
-0.09999999999999999
0.20972222222222223
0.13333333333333333
-0.04950980392156862
-0.5
0.19635416666666666
-0.10111111111111111
0.0
-0.17222222222222222
0.0
-0.06922642574816487
-0.02857142857142855
-0.375
-0.1111111111111111
0.0
0.0
0.125
0.17190425315425314
-0.01000000000000002
0.00154411764705882
0.059464285714285726
0.008971861471861462
-0.13666666666666663
-0.05
0.18363636363636365
0.053846153846153835
-0.3
0.13208333333333333
-0.035317460317460324
-0.0018518518518518515
0.03451994434137291
0.162
0.3
-0.3125
-0.028846153846153858
0.0
0.027083333333333338
0.0
0.0
0.2
-0.09583333333333335
0.04999999999999999
0.07500000000000001
0.3069128787878788
-0.025
-0.07083333333333333
-0.22448979591836737
0.016666666666666673
0.1325
0.16
-0.17500000000000002
-0.13214285714285715
0.0
0.22285714285714286
-0.16875
0.10047043010752685
-0.19249999999999998
-0.008333333333333323
0.06071428571428572
0.22064814814814818
0.05250850340136055
-0.14650793650793648
0.02976190476190475
-0.25
0.05961538461538461
