0.1875
-0.259375
0.14166666666666666
0.0
-0.11249999999999999
-0.047206439393939384
-0.02499999999999998
0.11833333333333336
0.28363636363636363
0.16527777777777777
0.06999999999999999
0.03333333333333335
0.1103896103896104
-0.08841991341991343
-0.15
0.06266080617495712
-0.030654761904761893
0.028472222222222232
0.29659090909090907
0.0
0.032837301587301596
0.03227272727272727
0.0789651837524178
0.15490079365079368
0.26249999999999996
0.05
0.04791666666666666
-0.09999999999999998
0.07840370248598096
0.13999999999999999
0.017500000000000005
0.0
-0.0625
0.23787878787878788
-0.11249999999999996
0.09220219435736679
0.045238095238095244
-0.10000000000000002
0.021428571428571432
0.06032967032967031
0.012857142857142867
0.3333333333333333
0.2031746031746032
0.19166666666666665
0.075
0.08749999999999998
0.11502976190476193
0.05785646645021644
0.057127192982456144
0.0
0.1855982905982906
0.13125
0.07582417582417583
0.115625
-0.017788461538461538
0.25833333333333336
-0.05000000000000001
-9.25185853854297e-18
-0.04194444444444444
0.03710227272727275
0.18229166666666666
-0.15
0.5
0.13567460317460314
0.05699404761904762
0.1255952380952381
-0.4666666666666666
0.2664835164835165
0.1300952380952381
-0.05
0.14343434343434344
0.14473443223443222
0.07023809523809524
0.0
0.2729166666666667
-0.041666666666666664
0.11696022727272726
-0.08463128306878305
0.0825
0.14883597883597888
-0.03124195624195625
0.1501041666666667
0.16500192789666474
0.06666666666666667
0.09038461538461541
0.32291666666666663
0.056864250614250614
-0.08794642857142859
0.11584967320261438
0.16249999999999998
0.10531135531135533
0.17662337662337663
0.26357142857142857
0.22794117647058826
0.0
0.20209523809523816
-0.05416666666666667
0.13666666666666666
0.0647966374710561
-0.01626262626262626
0.06933333333333333
0.053084415584415574
-0.22760416666666666
-0.165625
-0.038888888888888855
0.18825757575757573
0.19960317460317456
0.09523809523809525
0.08781655844155847
0.061875
0.1737929894179894
-0.04642857142857143
0.08496240601503759
0.12857142857142856
0.051388888888888894
-0.2333333333333333
0.0817566944307451
-0.15
-0.002380952380952384
0.4625
0.13311688311688313
0.012499999999999994
0.09999999999999999
-0.016666666666666653
-0.020000000000000007
0.04444444444444445
-0.0069444444444444475
0.35
0.009753086419753068
0.10999999999999999
0.185
-0.21666666666666667
0.05000000000000001
-0.05972222222222218
0.21818181818181817
-0.27272727272727276
-0.09988425925925926
-0.08571428571428573
0.0961111111111111
0.13279220779220777
0.0
0.020833333333333346
-0.10666666666666669
0.05416666666666667
-0.008333333333333331
0.075
-0.32857142857142857
-0.0029629629629629507
0.08333333333333333
0.0
0.15367965367965367
0.1157142857142857
0.2521994047619048
0.03333333333333333
-0.004999999999999999
-0.15
0.02500000000000002
-0.08333333333333333
0.08222222222222224
0.2
-0.625
-0.03148148148148148
0.18
0.20625
0.12272727272727274
0.06624149659863945
-0.05263575605680868
0.12227272727272727
0.006
-0.17992424242424243
0.25
-0.057954545454545474
0.11750000000000001
0.03928571428571429
0.125
0.04305555555555555
0.3333333333333333
0.0
0.00476190476190476
-0.10499999999999998
0.20422222222222222
-0.039269841269841274
0.11507177033492824
0.07245370370370367
-0.29375
0.15288461538461537
0.09444444444444444
-0.09583333333333333
0.10111111111111111
0.02916666666666666
0.16276041666666669
-0.3333333333333333
-0.027777777777777773
0.16105555555555556
0.21388888888888888
0.1
0.05555555555555555
-0.07187499999999998
0.25961538461538464
0.22807017543859653
0.08068181818181817
-0.04
0.10983164983164985
0.03333333333333336
0.3165470494417863
0.08105820105820107
0.144896331738437
0.010763888888888878
0.0
0.2405357142857143
0.02785493827160494
0.1516983016983017
-0.0233356290174472
0.07857142857142857
0.35
0.06666666666666667
-0.003571428571428575
-0.04166666666666666
0.2916666666666667
-0.44749999999999995
-0.0564655172413793
0.07803030303030302
0.19116666666666668
-0.03055555555555553
0.09444444444444446
0.17388392857142854
0.17777777777777776
0.0885942760942761
0.18611111111111112
0.0052579365079365005
-0.04888682745825603
-0.1484375
0.054938271604938305
0.03694357366771161
0.8
-0.25
0.15
0.03409090909090913
0.03922344674105238
0.21043956043956044
0.0
0.07283068783068782
-0.3277777777777778
-0.10224358974358974
0.1616458541458542
0.054550264550264564
-0.03214285714285714
-0.17896825396825394
-0.26666666666666666
0.0
-0.08333333333333333
-0.07777777777777778
0.04172077922077922
0.2
-0.26666666666666666
0.18680555555555559
-0.091156462585034
-0.034999999999999996
-0.07142857142857142
-0.14233511586452763
-0.01358024691358026
0.016666666666666677
0.07515151515151515
0.2888888888888889
0.0
-0.06712327355184498
0.20016666666666666
0.08571428571428572
0.0
0.06224310776942355
0.17023809523809527
0.17857142857142855
0.09659090909090909
0.07190917107583775
0.20990936147186143
0.030166666666666658
0.5
0.08333333333333333
0.04666666666666667
0.1278409090909091
0.31666666666666665
-0.0375
0.23409090909090907
-0.325
0.03888888888888889
-0.045054945054945054
-0.12222222222222222
0.15
0.17285714285714285
0.03636712749615976
-0.12820512820512822
-0.037276785714285714
-0.05
0.19444444444444445
-0.2
0.08141025641025641
0.0
-0.16666666666666666
0.18827380952380954
-0.16574074074074074
-0.2011111111111111
0.1306122448979592
-0.5
0.13541666666666669
0.0016581632653061246
0.043333333333333335
0.054635989010989025
0.18896103896103897
0.053333333333333344
0.2
-0.8
0.10208333333333333
-0.009085213032581464
0.16461640211640213
-0.028888888888888884
0.09194214876033059
0.0
-0.25625
0.1512415824915825
0.22336956521739132
0.1
0.5
-0.19999999999999998
0.16666666666666669
0.20256373256373258
-0.2571428571428572
0.0
-0.12380952380952381
0.25999999999999995
-0.1464285714285714
-0.2333333333333333
0.1993801652892562
0.20870129870129867
0.10475490196078434
0.09071428571428572
0.03197278911564626
0.125
0.0
-0.07202380952380953
-0.5
0.09791666666666668
-0.08511862814188394
-0.03286749482401655
0.08333333333333333
-0.3
-0.05238095238095239
-0.041666666666666664
0.21428571428571427
0.0
1.0
0.1822916666666667
0.039415113871635606
0.26666666666666666
-0.03125
0.221875
0.1036139455782313
0.1
-0.5
0.0638095238095238
-0.18092105263157895
-0.08571428571428572
0.09537037037037038
0.0
-0.08571428571428572
0.18935185185185188
0.0
0.5
-0.21999999999999997
0.2
0.17857142857142858
0.0
0.0
0.5499999999999999
0.0
-0.07111111111111111
0.12275641025641026
0.032114512471655324
0.10714285714285716
-0.08499999999999999
0.19696969696969696
-0.043333333333333335
0.4166666666666667
-0.10416666666666667
-0.11666666666666668
-0.01428571428571429
-0.07142857142857142
-0.11172161172161171
0.012987012987012981
-0.125
-0.08333333333333333
0.39999999999999997
-0.04999999999999999
0.1809777102330294
-0.13489583333333333
-0.10430871212121212
-0.3
-0.18461538461538457
0.30142857142857143
0.1483974358974359
0.07317188983855652
0.05416666666666666
0.05137635281385282
0.05833333333333331
0.37083333333333335
0.19166666666666665
0.02826086956521739
0.0
0.10000000000000002
0.1196078431372549
0.17222222222222222
-0.25
-0.08750000000000001
0.25512820512820505
0.15104166666666666
-0.05
-0.03333333333333333
-0.03787878787878788
0.12723214285714288
-0.29166666666666663
0.20208333333333334
-0.5
-0.05351239669421488
0.14250000000000002
0.16606060606060605
0.0
0.2
0.07500000000000001
-0.14583333333333334
0.2
0.13213903743315508
0.09
-0.04803030303030303
-0.1833333333333333
0.060952380952380945
-0.005555555555555548
0.203015873015873
0.11190476190476188
0.13839285714285715
0.1803921568627451
0.16666666666666666
-0.5
-0.07261904761904762
0.24886363636363631
0.1107999108734403
0.2
-0.030877192982456152
0.035208734167067504
0.32857142857142857
0.3
-0.42500000000000004
0.0
0.07878787878787878
-0.5062499999999999
-0.13098958333333333
0.16666666666666666
0.275
0.15797833119261692
0.10041322314049586
0.05714285714285713
0.0698489010989011
-0.11793229166666666
-0.0142857142857143
-0.13454545454545455
-0.010000000000000004
0.12
0.08916666666666667
0.18642857142857144
-0.01836219336219336
0.018750000000000003
-0.03333333333333335
-0.125
-0.01
0.10680272108843537
0.01851459510357815
0.07833333333333332
0.22777777777777777
-0.07257309941520468
0.059090909090909104
-0.04285714285714286
0.07333333333333332
0.019642857142857146
0.0
0.34375000000000006
0.09182539682539682
0.0
-0.0029320987654320968
0.04642857142857142
0.2
0.14375000000000002
-0.01964285714285714
0.8
0.016844919786096257
-0.05295169946332737
0.35714285714285715
0.02499999999999999
0.19535714285714284
-0.25
0.12863636363636363
0.04999999999999999
0.14861111111111114
0.06493055555555555
0.031473214285714285
0.0642857142857143
-0.11999999999999997
-0.01484593837535014
0.1310714285714286
0.2
-0.3208333333333333
-0.038257575757575775
-0.09583333333333335
-0.059166666666666666
0.3778571428571429
-0.05055555555555556
0.037500000000000006
-1.0
-0.375
-0.4
-0.07440476190476189
-0.025000000000000005
0.09705387205387205
0.18421875000000004
0.075
-0.11611111111111112
0.10000000000000002
-0.30000000000000004
-0.03435786435786436
-0.2039285714285714
0.225
-0.041176470588235314
-0.24000000000000005
0.26666666666666666
0.1125
-0.03333333333333333
0.10204109914475769
0.16
0.031818181818181794
0.24553571428571427
0.7
0.17863636363636365
0.16062500000000002
0.10391156462585037
-0.21666666666666667
0.225
0.014285714285714282
0.15000000000000002
-0.06999999999999999
-0.14837662337662336
0.0
0.43148148148148147
0.009090909090909089
0.22000000000000003
-0.3333333333333333
0.274476911976912
0.005026455026455008
0.306060606060606
0.175
0.10000000000000002
0.25
-0.10714285714285714
0.09132653061224492
0.0
0.13333333333333333
-0.15555555555555559
0.13492857142857143
0.1722222222222222
0.2
0.03571428571428571
0.0
0.04166666666666668
0.19285714285714287
0.09474990589121023
-0.5
0.125
0.09285714285714286
0.24183673469387754
-0.030532598714416916
0.2857142857142857
0.21666666666666667
2.44902137784961e-18
-0.04285714285714286
0.10833333333333334
-0.050320512820512815
0.14777777777777779
0.10634920634920635
0.1215686274509804
0.0
0.03749999999999999
0.028485249318582637
-0.14305555555555555
0.19642857142857142
-0.057638888888888885
0.030000000000000006
0.20694444444444446
0.41
-0.061111111111111095
0.21666666666666665
0.021399331662489557
0.034347290640394094
0.0
0.08686882300089849
0.05
0.2964285714285715
0.07363636363636364
0.2333333333333333
0.11636904761904762
0.032592592592592604
-0.19999999999999996
0.06942084106369821
0.10401785714285713
-0.05
-0.1
-0.0029761904761904795
0.2
0.04534722222222222
0.05093890386343218
0.05164646464646465
-0.05357142857142856
0.13285714285714284
-0.028124999999999997
-0.028124999999999997
0.16
-0.05296717171717171
0.06666666666666668
0.07708333333333332
0.0
-0.06282051282051283
0.19999999999999998
-0.205
0.3384259259259259
0.03603896103896103
0.325
-0.2892857142857142
0.17607142857142857
0.055
0.5
0.16971655328798188
0.6
-0.060606060606060615
-0.10800000000000001
-0.075
0.22499999999999998
-0.26944444444444443
0.09166666666666665
0.75
0.06538461538461539
0.15
-0.11632653061224493
0.17546897546897544
0.004105090311986861
0.22291666666666668
-0.15
-0.2333333333333333
-0.0032407407407407385
0.21666666666666667
0.17500000000000002
0.16833333333333336
-0.04999999999999999
0.03731060606060606
0.2
0.22477678571428575
0.1826388888888889
-0.005742296918767513
-0.015656565656565664
-0.053645833333333344
0.35
0.11062500000000001
0.17083333333333334
-0.2916666666666667
-1.0
-0.096875
0.0
0.5
0.3571428571428571
-0.10666666666666666
0.09967948717948719
0.0016106442577030918
-0.13409090909090907
-0.06777777777777778
0.4000000000000001
-0.16253501400560225
0.19444444444444448
0.08333333333333333
0.09454137392661983
-0.033373015873015874
-0.006249999999999999
-0.0988095238095238
0.15
-0.02999999999999998
0.03472222222222223
-0.06851851851851853
0.03472222222222223
0.04104938271604938
0.2011904761904762
0.14666666666666667
0.19919270833333336
-0.1601190476190476
-0.17916666666666667
-0.025
0.027777777777777762
-0.059375
0.1898148148148148
1.0
0.10728438228438228
-0.5
0.22129629629629632
0.017142857142857144
0.2534391534391534
0.2078373015873016
-0.8
0.1012987012987013
-0.027247536945812806
0.05892857142857142
0.12246031746031749
0.0
0.125
0.4666666666666666
-0.3999999999999999
0.19166666666666665
0.4158730158730159
0.194739898989899
0.02000000000000001
0.12152777777777775
-0.21045454545454545
0.005191798941798945
0.32916666666666666
-0.04606060606060606
0.35714285714285715
-0.08059259259259258
0.18169642857142856
0.1
0.09375000000000003
0.15
0.10119047619047619
0.08333333333333337
0.13776041666666666
0.24833333333333335
0.3111111111111111
0.10485045257772531
-0.06597402597402596
0.2
-0.09070512820512823
0.375
0.06825396825396825
0.13808321308321306
0.18273809523809523
0.062254901960784315
-0.02
0.1
0.07976190476190476
-0.1
0.08181818181818182
-0.00922619047619048
-0.0443452380952381
-0.25
-0.029365079365079365
-0.1
-0.18783333333333332
0.03181818181818181
-0.1537037037037037
-0.3333333333333333
-0.18680555555555556
0.0
-0.01435185185185185
0.5
0.06666666666666667
0.1382828282828283
0.06785714285714285
0.09166666666666667
0.2857142857142857
0.10362403100775194
0.2
-0.005555555555555554
0.016666666666666666
0.010606060606060614
0.12250000000000001
0.15283127557663692
0.24333333333333335
0.09319264069264069
-0.18214285714285716
0.39
0.0
0.0
0.14930555555555555
-0.010537323037323042
0.15437499999999998
-0.0561643217893218
0.12666666666666665
-0.14910714285714285
0.03333333333333333
-0.1
-0.1
0.026666666666666675
0.018750000000000003
-0.10603174603174606
-0.5
0.23402270210409745
-0.22499999999999998
0.0
0.10277777777777776
0.16666666666666666
0.1
-0.019387755102040816
-0.1475
0.09166666666666667
-0.1333333333333333
0.31666666666666665
-0.0038011695906432818
0.2587301587301587
0.35119047619047616
0.18455988455988456
0.32083333333333336
0.2
-0.26666666666666666
0.35000000000000003
0.20624999999999996
-0.04800595238095237
0.0
0.0025883838383838494
-0.22499999999999998
0.01922015182884749
0.09717455163883736
-0.033333333333333326
0.05
0.21428571428571427
-0.031198412698412697
0.09186507936507937
0.13733766233766234
-0.0012528344671201706
0.6583333333333333
0.03888888888888888
-0.125
-0.1
0.002424242424242425
0.25833333333333336
0.019969278033794162
0.0375
0.012768817204301083
-0.25
0.01875
0.4000000000000001
0.12916666666666665
-0.041964285714285725
-0.08666666666666666
-0.225
0.13941326530612247
-0.15347222222222223
0.0
0.09057971014492754
0.0
0.15397727272727274
0.11319444444444444
-0.1755952380952381
0.08115079365079364
-0.025
0.03333333333333333
0.15916666666666668
0.11228174603174604
0.04
-0.15000000000000002
0.024693722943722938
-0.21944444444444444
-0.012962962962962963
-0.010972222222222225
0.22962962962962966
0.010011709601873534
0.06666666666666667
0.15748834498834502
-0.055637254901960774
0.4
0.0
-0.025
0.55
0.06666666666666665
0.0
0.07554112554112552
0.0
-0.015277777777777772
-0.09375
0.12261904761904763
1.0
0.09166666666666667
0.2708333333333333
0.075
0.03749999999999999
0.19444444444444445
-0.05416666666666666
-0.058650793650793655
-0.11666666666666665
0.038958333333333324
-0.03636363636363637
0.10535714285714286
-0.029166666666666664
0.06232782369146007
-0.04458333333333334
0.10727272727272727
-0.2583333333333333
0.3354166666666667
0.1644510582010582
0.14285714285714285
-0.09393939393939393
0.05068681318681318
0.17348484848484852
0.12234537493158185
0.07188693659281895
0.0
-0.01517857142857143
0.1462121212121212
-0.09166666666666667
-0.040476190476190464
0.02562500000000001
0.04438280986153327
0.06473243068987751
0.0
0.22777777777777777
-0.14166666666666666
0.10327523353839141
0.18125
0.06999999999999998
0.021172248803827745
0.06666666666666665
-0.06324786324786325
0.08233024691358026
0.02969329412725639
0.10000000000000002
-0.07500000000000001
0.0
-0.1080128205128205
-0.0753306878306878
0.13550097245749415
0.05833333333333335
0.1527777777777778
0.0
0.22175324675324673
0.10083333333333334
-0.05
0.039109002976190466
0.08269230769230769
0.08
0.022113997113997117
0.07890442890442892
0.2313131313131313
0.34199999999999997
0.0625
0.0790792540792541
0.0
-0.01581818181818182
-0.06815789473684208
0.25
0.06200000000000001
0.21156462585034017
0.06666666666666668
0.09575892857142858
0.0
0.049999999999999996
-0.29999999999999993
0.1565608465608466
0.375
0.14285714285714285
-0.011093073593073599
0.16481481481481483
0.057402597402597406
0.0
-0.03166099773242631
0.2
0.34285714285714286
0.11886691086691088
0.125
0.125
0.26666666666666666
-0.13312500000000002
0.0
-0.04375000000000001
0.26666666666666666
0.0625
-0.0018518518518518328
-0.01060606060606061
0.007142857142857145
0.14464285714285713
0.06420289855072463
-0.5
-0.04166666666666665
0.325
-0.1416666666666667
0.23345454545454547
-0.5
-0.17727272727272728
0.023106060606060602
0.6
0.018055555555555568
-0.2916666666666667
0.2317316017316017
0.04375
0.13549382716049385
0.09790607942781855
0.15153846153846154
0.15875
-0.054545454545454536
0.17283333333333334
0.26666666666666666
0.27749999999999997
0.232034632034632
0.0
0.3214285714285714
0.18013888888888888
0.39999999999999997
0.2826994434137291
0.0
0.031395833333333345
0.20714285714285713
0.013571428571428557
0.10446428571428573
0.18430476190476194
-0.10714285714285715
0.15
-0.025000000000000022
0.15188492063492065
-0.328125
0.2777777777777778
0.20416666666666666
-0.024999999999999988
0.35
-0.5
0.1598639455782313
-0.08638888888888889
0.04297664141414142
0.06855629465385567
0.058333333333333334
0.2409090909090909
0.04166666666666667
0.012500000000000016
-0.019480519480519487
0.275
0.09880952380952382
0.017777777777777778
0.16818181818181818
0.0
-0.1277777777777778
0.2
-0.08249999999999999
-0.061904761904761914
-0.1191919191919192
0.02159090909090909
-0.1416666666666667
0.0
0.09166666666666667
0.21842105263157896
-0.014102564102564078
0.005833333333333338
0.0
-0.0840909090909091
-0.25
-0.013095238095238097
0.016666666666666663
0.05
0.010000000000000009
0.11555555555555555
0.20997474747474745
-0.08571428571428573
0.2578125
0.0
-0.78125
0.27
0.18571428571428572
0.2166666666666667
-0.058333333333333334
0.06454545454545456
0.2
0.016531954887218037
0.07414965986394557
0.0028769841269841285
0.14414141414141415
0.10123456790123458
0.033333333333333305
-0.10000000000000002
0.014583333333333346
0.0
0.025000000000000022
-0.15
-0.049999999999999996
0.2115079365079365
0.0
0.019918799524062676
0.007777777777777774
0.0
-0.26749999999999996
0.26591630591630594
0.12887205387205392
-0.03624999999999998
-0.3333333333333333
0.11103741496598639
0.04275641025641026
-0.006666666666666654
0.15980531813865148
0.3659722222222222
-0.18671328671328674
-0.26904761904761904
-0.23571428571428577
0.13947916666666665
-0.0003571428571428614
0.18545454545454546
0.07542699724517905
0.0
-0.018483709273182946
-0.10833333333333328
-0.1
0.035934744268077606
0.0
0.13333333333333333
0.08333333333333333
0.07673430735930738
0.25
0.08420833333333337
0.06666666666666667
-0.1259259259259259
0.06805555555555555
0.1
0.0
-0.06309523809523811
0.17397959183673475
0.19479166666666667
0.18253968253968253
0.0
-0.01080246913580247
0.12424242424242425
0.1441865079365079
-0.29999999999999993
0.0
-0.07291666666666667
-0.35
0.010000000000000045
-0.00555555555555555
0.05509607351712615
-0.08333333333333337
0.06515151515151517
-0.042857142857142864
0.29375
0.08544973544973546
-0.3
0.14294871794871794
0.5
0.0
0.0
0.040004960317460314
0.17314814814814816
-0.12083333333333333
-0.020833333333333343
0.17142857142857143
0.25
0.03888888888888889
-0.04999999999999995
0.30416666666666664
-0.03628720238095237
0.15
0.11341145833333334
0.08125
-0.04999999999999999
-0.1708333333333333
0.2
0.03194444444444444
0.0
0.26666666666666666
0.10765434961863535
0.0
-0.225
0.16666666666666666
0.275
0.08472222222222221
-0.09583333333333333
0.36666666666666664
-0.239484126984127
0.125
0.07058823529411765
0.03482142857142857
0.03863636363636364
0.16024720893141947
0.0
-0.028095238095238097
0.05580808080808083
-0.027083333333333334
1.0
0.21428571428571427
0.0
-0.4
-0.0065029761904761806
0.0
-0.4
0.022824998384699882
0.1
-0.13491161616161618
0.06666666666666667
0.25999999999999995
0.1423809523809524
0.2
-0.049999999999999996
-0.011400966183574848
0.04274080086580087
0.090002442002442
0.04307960557960557
0.15476190476190474
0.2254251700680272
0.08354591836734693
-0.04666666666666666
0.2625
-0.29484126984126985
0.10996642246642246
-0.04749999999999999
0.1632352941176471
-0.14270833333333333
0.0744244027577361
0.10523809523809527
0.02499999999999999
-0.010937500000000003
-0.10833333333333334
0.17777777777777778
0.25
0.06944444444444445
0.3000000000000001
0.1560344827586207
0.1875
0.010714285714285707
0.11458333333333331
0.0
0.0
0.31142857142857144
0.18666666666666668
0.075
-0.10248015873015871
0.14235778841042002
-0.08627819548872177
0.07857142857142857
-0.25833333333333336
-0.008333333333333331
-0.475
-0.2
0.325
0.25
0.07125000000000001
0.0
0.04925925925925926
0.2
-0.25
0.3666666666666667
0.14360119047619047
-0.1881481481481481
0.06666666666666667
0.39999999999999997
0.04125000000000001
0.06856060606060604
0.10682234432234433
0.05397097266662482
0.08635392385392386
0.0
-0.04
-0.008653846153846153
0.04727272727272727
0.037820512820512825
-0.0875473484848485
0.010488505747126438
0.125
-0.11000000000000001
0.15563909774436094
0.15833333333333333
-0.0029671717171717176
0.05
0.1
0.09
-0.05833333333333332
-0.06333333333333332
0.0
-0.025
-0.029999999999999992
0.19208291708291708
0.16584415584415582
0.0
0.34095238095238095
-0.025000000000000005
0.024055555555555556
0.14028846153846153
0.20153061224489793
-0.425
0.09857142857142857
0.075
0.2857142857142857
0.0
0.10519480519480519
-0.0484375
0.08372727272727273
0.14985119047619047
-0.7000000000000001
0.007272727272727269
-0.27142857142857146
0.046666666666666676
0.0
0.23803418803418805
0.011904761904761899
0.44999999999999996
0.075
-0.15555555555555556
0.10146683673469388
0.23333333333333334
0.04999999999999999
0.17526041666666667
-0.03293650793650793
0.041919191919191946
0.22484126984126984
-0.2097222222222222
-0.02777777777777779
-0.19444444444444448
0.11507936507936507
0.15109890109890106
0.03333333333333333
-0.07272727272727271
-0.06191586191586192
0.07678571428571433
0.14028679653679657
0.20986394557823132
0.025000000000000005
0.08333333333333333
-0.006022727272727279
-0.15805555555555553
0.1107142857142857
-0.02666666666666666
-0.17052631578947366
-0.14166666666666664
0.24469696969696972
0.05952380952380952
0.26378205128205123
-0.3666666666666667
0.031972789115646265
0.3118181818181818
0.3181818181818182
0.13996031746031748
0.31999999999999995
0.11136363636363637
0.20441558441558438
0.2090909090909091
0.1532832080200501
-0.29270833333333335
0.22071428571428572
-0.044696969696969666
0.13438752605419274
0.3333333333333333
-0.021666666666666667
-0.01616883116883118
0.06615384615384615
0.07430555555555557
0.07095959595959594
0.0
0.09247720364741642
0.035869565217391305
0.0
-0.01811594202898551
-0.05
-0.5
-0.5
0.15848214285714285
0.09999999999999998
-0.2
-0.5
-0.27948717948717944
0.11333333333333337
0.0452756734006734
-0.125
0.05104166666666667
-0.027579365079365103
0.09820861678004536
0.06666666666666667
0.1921685340802988
0.0
-0.3333333333333333
-0.04259259259259259
-0.10000000000000002
-0.14583333333333337
0.0
0.05714285714285715
0.18333333333333335
0.13108766233766234
-0.13333333333333333
0.025974025974025972
0.20892857142857144
1.0
-0.041666666666666664
0.03169642857142857
0.13125
0.1036237373737374
0.35
0.024999999999999994
0.10833333333333335
0.5
0.1392857142857143
0.21000000000000002
0.0
0.1059183673469388
0.43943001443001445
0.23741258741258742
-0.03901098901098901
-0.024999999999999994
0.04619047619047617
-0.5
0.2150132275132275
-0.2285714285714286
-0.11875000000000001
0.346
0.0
-0.0091765873015873
-0.028939424772758102
0.07485207100591715
-0.5
0.07934282030026711
-0.0071428571428571435
0.026898585421312682
0.1675
0.1122038961038961
0.21904761904761905
0.2185185185185185
-0.0073989898989899
-0.058035714285714295
-0.019047619047619042
0.057638888888888885
0.02380952380952381
0.4533333333333333
0.3571428571428571
0.013271604938271604
0.09598765432098769
-0.05089285714285714
0.12405517762660617
0.00449404761904762
-0.061111111111111116
-0.075
0.18802083333333333
-0.175
0.28006493506493507
0.10703703703703701
-0.1386904761904762
-0.10238095238095239
0.04691176470588234
0.1315076788291074
-0.02363365800865801
-0.2571428571428572
0.18
-0.07110682110682111
0.04545454545454545
0.08333333333333333
-0.05757575757575757
-0.225
-0.04999999999999988
-0.07083333333333335
0.035714285714285705
0.23988095238095236
0.030000000000000006
0.18333333333333335
0.08
0.2334090909090909
0.12317927170868345
-0.09523809523809523
0.04963924963924964
0.08687500000000001
-0.1962962962962963
-0.0008928571428571397
0.08854166666666667
0.10323129251700679
0.12018890200708383
-0.0625
0.1750280583613917
0.1326190476190476
0.1890625
0.044999999999999984
-0.029689153439153442
0.1034580498866213
-0.18625
-0.027083333333333334
0.125
0.1706666666666667
-0.5
0.17656250000000004
0.1886363636363636
0.08569207533759773
-0.20833333333333334
0.05227272727272729
0.16093871406371407
0.3
0.07656862745098039
0.2188034188034188
0.075
0.06666666666666667
0.13748697916666666
0.0897108843537415
0.12571428571428572
0.1571428571428571
-0.002838827838827833
0.13666666666666666
0.2833333333333334
-0.06632870370370368
0.09561403508771929
-0.008863636363636357
0.125
0.1724247491638796
-0.2755859375
0.2814484126984127
0.06825396825396825
0.10281385281385282
0.0
0.0
0.225
-0.05910714285714287
0.0
-0.13165266106442577
0.10015151515151514
-0.02166666666666667
0.16145833333333334
0.0
0.13047619047619047
0.27380952380952384
0.10257575757575758
0.1867361111111111
0.030328282828282826
-0.004239766081871349
-0.25
-0.14756944444444442
0.11818181818181818
0.052083333333333315
0.18392857142857144
-0.03333333333333333
0.0
-0.012500000000000002
-0.004999999999999999
0.40937500000000004
-0.1
-0.04021851164708309
-0.3
-0.07585034013605442
0.2431818181818182
-0.36249999999999993
-0.007020202020202026
-0.06770833333333334
0.14285714285714285
-0.024999999999999994
0.25
0.055
-0.01642857142857143
0.13714285714285715
0.13333333333333333
0.05
-0.1
-0.08571428571428573
-0.24166666666666667
-0.18333333333333335
-0.010747354497354483
0.010416666666666657
-0.17976190476190476
0.16666666666666669
0.2
0.01091269841269841
-0.03880952380952381
-0.025
0.02248883928571428
0.05086507936507938
0.0
-0.06029411764705882
0.08333333333333333
0.06777777777777777
-0.10131257631257633
0.06858878968253973
0.1875
-0.03392857142857143
0.425
0.10476190476190474
-0.023299319727891146
0.17256868131868133
-0.03635912698412699
0.08192193565433004
0.0
0.2
0.09774410774410776
0.13636363636363635
0.07419400352733688
0.11841044372294371
-0.04821428571428571
-0.00208333333333334
-0.4333333333333333
0.09930555555555558
-0.11999999999999997
-0.049999999999999996
0.003904693190407485
-0.034027777777777775
-0.2486111111111111
0.3095703125
0.1670386904761905
0.19821428571428576
0.26
0.0
0.2
-0.25
0.11000000000000001
0.0
0.07142857142857145
0.0888777888777889
0.12292707292707294
0.1143023643023643
0.11428571428571428
0.05888888888888888
-0.029999999999999992
-0.20833333333333334
-0.048484848484848485
-0.04583333333333334
-0.21666666666666667
0.31666666666666665
0.10000000000000002
-0.19494949494949496
-0.052050264550264576
-0.049999999999999996
0.06666666666666665
0.07603305785123966
-0.3
0.11011904761904762
-0.14250000000000002
0.45
0.27499999999999997
0.24666666666666673
0.175
0.03333333333333334
-0.004166666666666661
0.2
-0.09629629629629631
0.25
-0.08830336330336329
-0.008596009253903997
0.16555555555555554
-0.275
-0.24791666666666667
-0.006249999999999996
0.19494214876033056
-0.027705627705627706
0.3
0.11250000000000004
0.09387755102040816
0.03560606060606061
0.1892857142857143
-0.06160714285714286
-0.019999999999999997
0.37916666666666665
0.37916666666666665
0.25
-0.1111111111111111
-0.04999999999999998
0.23500000000000001
-0.2089285714285714
0.13878306878306879
0.17222222222222225
-0.049
-0.04773242630385487
-0.07500000000000001
0.21461538461538462
-0.375
0.19098639455782315
0.0
0.08194444444444446
0.0
0.13405172413793104
-0.02708333333333333
0.44166666666666665
0.21666666666666665
-0.0123015873015873
0.009141838553603262
0.016666666666666663
-0.16041666666666668
0.07880123844409559
0.6
0.3303075396825397
0.15
0.55
-0.025
-0.010076788291074012
-0.1636969696969697
-0.4
0.17964285714285713
0.15274725274725276
0.0666666666666667
0.021917204111081647
-0.016666666666666663
0.12611111111111112
-0.06666666666666667
0.04838951200314837
0.10750852682670864
-0.20000000000000004
0.07381696428571428
0.1831959706959707
-0.275
-0.4
-0.23333333333333336
0.17857142857142858
0.02364953886693018
2.3129646346357427e-18
0.05833333333333332
-0.03125
-0.13333333333333333
0.0
-0.07999999999999999
0.07969861239950525
-0.0036342689568496065
0.07804292929292929
0.2
-0.02083333333333333
0.07377466659313793
0.08603368176538909
0.36
-0.11226851851851853
0.07691503267973857
0.12222222222222223
-0.0640432098765432
-0.051515151515151514
0.2333333333333333
0.5750000000000001
-0.24999999999999992
0.13424242424242425
0.4
0.3020833333333333
0.1
0.052083333333333336
0.041334019204389554
0.15478395061728395
-0.2333333333333333
-0.01333333333333333
0.052083333333333336
-0.25
0.0
0.12003367003367
0.2111111111111111
0.075
0.015480895915678522
0.09242424242424242
0.2
-0.045138888888888895
0.2
-0.20567129629629632
-0.30511363636363636
0.11833333333333333
5.551115123125783e-17
-0.15807050092764377
-0.12272727272727273
0.08305891848264729
-0.005092592592592599
-0.07121212121212121
0.04903089334907517
0.21714285714285717
-0.125
0.18751873126873125
-0.40625
0.010000000000000004
0.049542124542124547
-0.14600000000000002
0.04285714285714285
0.0475
0.2064102564102564
0.0
0.11090476190476194
0.25
-0.08387276785714284
-0.3333333333333333
-0.16
-0.009375000000000001
0.0
-0.01788067005458311
0.0
0.1625
0.20416666666666666
0.06826388888888889
0.18919753086419752
-0.22121212121212122
0.0453125
0.35
0.10638528138528137
0.22222222222222224
0.3151785714285714
0.13636363636363635
0.31666666666666665
0.12646666666666667
0.12646666666666667
-0.015000000000000003
0.25
0.09047619047619049
-0.125
0.1589043140767279
-0.06324404761904762
0.08422898502123852
0.2
0.1875
0.0
0.2
0.06666666666666667
0.1625
-0.2
0.12345238095238097
1.0
0.0984375
0.17500000000000002
0.0
0.1361111111111111
0.048809523809523796
0.0
0.0
-0.485
0.22499999999999998
0.6
0.3555555555555555
0.34285714285714286
0.12272727272727273
0.03333333333333332
0.08333333333333334
-0.29393939393939394
0.07645046524356873
0.09767857142857146
-0.1869047619047619
0.12237654320987655
-0.12133680555555555
-0.8
-0.05097402597402597
0.11904761904761905
0.13770833333333335
-0.1625
0.08930555555555555
0.08688672438672439
0.21574074074074076
0.07777777777777779
0.0
0.5
0.2375
0.038865546218487396
0.24595238095238098
0.024129629629629626
0.028888888888888888
0.008673469387755064
-0.014583333333333318
0.3
0.036904761904761905
0.16322393822393824
0.1
0.003373015873015864
-0.12178932178932178
0.009923469387755112
0.026029411764705884
-0.2
-0.09270408163265306
0.125
0.1500214629120879
-0.07291666666666666
0.02559523809523808
-0.042499999999999996
0.08041666666666668
-0.07857142857142854
0.21666666666666667
-0.43888888888888894
0.2357944832944833
0.15
0.09177777777777776
0.1722222222222222
0.07083333333333333
-0.002941176470588242
-0.07443181818181818
-0.1017857142857143
0.08484848484848485
0.028787878787878793
0.4928571428571428
0.1692307692307692
0.0
-0.022619047619047622
0.1077719155844156
-0.03857142857142857
0.1585
0.18559874809874807
-0.1
0.2
0.03925925925925927
0.051666666666666666
0.1621347402597403
0.12889030612244898
0.020952380952380965
0.125
-0.08974358974358973
0.2526190476190476
0.013787878787878814
0.15694444444444447
0.07313988095238094
0.0
0.22653061224489796
-0.09875
0.00960884353741497
-0.019146825396825405
0.09767857142857146
0.17500000000000002
0.0642857142857143
0.5301587301587302
-0.09999999999999999
-0.03333333333333335
0.07040372670807453
0.4
0.16
0.33722222222222226
-0.33999999999999997
0.10740740740740742
0.1013840788840789
0.25
0.3020833333333333
-0.13356060606060607
0.056884057971014486
0.03208333333333334
-0.06285714285714286
0.005915422446034702
-0.041666666666666664
0.0375
0.08189033189033187
-0.5409722222222223
0.06666666666666667
-0.25
0.04548469387755103
-0.16666666666666666
-0.125
0.1111111111111111
0.07685185185185185
-0.016396103896103905
0.0947860962566845
0.04027777777777778
-0.5518518518518518
0.042599206349206345
0.10248955722639935
-0.12
0.1110714285714286
-0.125
-0.3333333333333333
-0.02083333333333333
-0.06922867063492064
0.04285714285714287
0.14404761904761904
0.01428571428571429
-0.005555555555555573
0.37804232804232807
0.13526785714285716
-0.1
0.125
-0.05750000000000001
0.15000000000000002
0.03672906403940883
0.29365079365079366
0.21379676870748301
0.09145021645021645
-0.006111111111111114
0.06011904761904762
0.0
0.3184444444444445
0.15000000000000002
-0.09523809523809523
-0.5
-0.05
0.037500000000000006
0.225
0.07857142857142856
0.033333333333333326
0.14017857142857143
0.6000000000000001
0.0387218045112782
0.15300788954635108
0.047619047619047616
-0.017857142857142853
0.14785714285714285
0.05449999999999999
0.041305114638447965
-1.0
-0.15875000000000003
0.5
0.06068181818181819
-0.0961948051948052
0.1728009259259259
-0.31833333333333336
0.02986111111111112
0.033333333333333326
-0.05208333333333333
0.033796296296296297
0.2
-0.04428571428571429
0.15518939393939396
0.15210084033613444
0.059333333333333335
0.005338411588411591
0.3270408163265306
0.1391991341991342
0.18166666666666664
0.05876953331221625
0.0
-0.19166666666666665
0.075
-0.18833333333333332
-0.16785714285714287
0.27142857142857146
0.11984126984126986
0.030000000000000006
0.225
0.07250000000000001
0.17714285714285716
0.005555555555555564
0.005952380952380957
0.5333333333333333
0.5285714285714286
-0.125
0.195
0.1544823232323232
0.10781249999999996
0.10600000000000001
-0.08499999999999999
0.021868987493987496
0.04777777777777779
0.07824074074074074
0.09932012432012433
0.17121212121212123
0.0
0.016666666666666677
0.08750000000000001
0.45625
-0.19874999999999995
0.0921875
0.13938208616780046
-0.02
0.08727855477855477
0.16441387559808618
-0.025000000000000005
0.07436974789915966
-0.075
0.36
0.12292824822236591
0.09169850680720248
-0.009520202020202028
-0.18425925925925923
-0.21309523809523812
0.075
0.22954545454545452
0.04795918367346937
0.23611111111111113
0.005507376395534283
-0.125
-0.028645833333333343
0.1388888888888889
-0.060271023302938216
0.2
0.20714285714285713
0.12564022323058469
0.17777777777777776
0.03333333333333333
0.32148760330578513
-0.07142857142857144
-0.06666666666666665
0.15
0.12899305555555554
-0.19444444444444445
0.0
-0.06969696969696969
0.2333333333333333
-0.0656926406926407
-0.11217757936507936
-0.25312499999999993
0.03731060606060605
0.14285714285714282
0.0
0.2
-0.3113095238095238
0.09285714285714285
0.275
-7.936507936508031e-05
0.26166666666666666
-0.04791666666666666
0.1625
-0.06312499999999999
0.21041666666666667
0.09583333333333333
0.055673160173160166
0.0925
-0.15625
0.28727272727272724
-0.5
-0.1270408163265306
0.43333333333333335
0.04999999999999998
0.8
0.006249999999999978
-0.206439393939394
0.05333333333333332
0.13104682539682536
0.16885336885336885
0.025000000000000005
0.0
0.020351239669421498
0.053333333333333344
-0.09615384615384619
0.0
-0.01587301587301588
0.0
-0.0125
0.78125
-0.14999999999999994
-0.0717857142857143
0.019999999999999997
0.032692307692307694
0.0
0.06834045584045584
-0.10208333333333335
-0.09999999999999999
0.15625
0.07326775214834914
0.01388888888888889
0.13852813852813856
0.39166666666666666
-0.4
0.2440244279529994
0.20000000000000004
0.2464285714285714
0.10626102292768962
0.11875000000000001
0.1
0.11666666666666665
0.16334586466165416
0.04715909090909091
-0.12685185185185185
0.18148148148148147
-0.09499999999999997
0.25
0.4666666666666667
0.2277083333333334
-0.08322510822510823
0.3
0.09999999999999998
-0.008571428571428572
0.1125
-0.2107142857142857
-0.2778882575757576
0.49444444444444446
0.05583333333333332
-0.78125
0.016666666666666663
0.0986824769433465
-0.07544642857142858
0.11952380952380953
0.2555555555555556
0.0
0.0
0.0
0.1607142857142857
0.21250000000000002
0.10467622655122652
0.04722222222222223
-0.005519480519480512
0.18699999999999994
0.44166666666666665
-0.16666666666666666
-0.4
0.0
-0.15555555555555553
-0.12734374999999998
0.0
0.017857142857142856
0.10070175438596492
0.2591836734693878
0.10000000000000002
0.015624999999999993
0.20166666666666666
0.1630555555555556
0.11777777777777781
-0.001388888888888897
0.11785714285714285
0.09875000000000003
0.15000000000000002
-0.18333333333333326
-0.35
0.1111607142857143
0.2
0.12840909090909092
0.09999999999999998
-0.14789562289562289
0.04920634920634922
0.15728114478114477
0.00145833333333333
0.06000000000000001
0.1622222222222222
0.0
0.06187996031746033
-0.15232142857142855
-0.3125
-0.25
-0.020947570947570947
-0.2708333333333333
0.5
0.2
0.017163228927934805
-0.5
0.03333333333333335
0.21428571428571427
0.13399122807017544
0.03194444444444447
-0.30000000000000004
0.14734962406015037
-0.020000000000000014
-0.3444444444444444
-0.13333333333333336
-0.5
0.035897435897435895
-0.0532051282051282
0.0
0.002568655303030314
-0.018840579710144932
-0.228125
0.18110119047619047
-0.06666666666666667
-0.010735705266955267
-0.18285714285714286
0.125
-0.025
-0.043333333333333335
0.1875
-0.15
0.05104166666666668
-0.02312499999999999
0.007058201058201065
-0.05
-0.016787878787878782
-0.125
0.058333333333333334
0.0726079700322125
-0.08333333333333331
0.15
0.03690476190476194
0.24285714285714283
0.3357142857142857
0.0
0.36666666666666664
0.18333333333333335
-0.12999999999999998
-0.05384615384615384
0.05694444444444444
0.384375
0.013710517877184546
-0.1
0.1638888888888889
-0.17592592592592593
0.0028305119932478455
-0.20052910052910056
0.07063492063492063
0.2866666666666667
0.04285714285714286
0.1531283068783069
0.0
0.14325396825396824
0.05481481481481481
0.01130952380952381
-0.1749019607843137
-0.18571428571428572
0.05136904761904761
0.09666666666666666
0.0
0.10000000000000002
0.09019607843137256
-0.09340277777777778
-0.09
-0.19166666666666665
0.14075906851768916
-0.016333333333333328
0.0
0.12976190476190477
-0.4083333333333332
0.06259259259259259
0.03833333333333333
-0.056249999999999994
0.06666666666666667
-0.08407738095238095
-0.2111111111111111
-0.4000000000000001
0.125
0.17225378787878787
0.24515151515151515
0.03701298701298701
0.0
0.22642195767195764
0.0
0.08888888888888889
-0.06287878787878788
-0.13020833333333331
-0.016666666666666663
0.3
0.1785714285714286
-0.14166666666666666
0.020317460317460328
-0.03842592592592594
-0.04166666666666666
-0.27037037037037037
0.6
-0.062121212121212105
-0.04772727272727273
0.028303303303303294
0.2
-0.10000000000000002
0.16250000000000003
-0.026948051948051954
0.12857142857142856
0.039540816326530615
0.05230566534914361
-0.04583333333333332
0.39642857142857146
-0.5
0.19292929292929292
0.27888888888888885
0.1590909090909091
-0.008653846153846163
0.0
0.2
0.06891304347826088
-0.07479166666666667
0.021387721755368808
0.25918367346938775
-0.10000000000000003
-0.3
0.021938775510204088
0.03590288679574394
-0.184
-0.26623376623376627
-0.15243055555555554
0.045454545454545456
-0.3333333333333333
0.14158417508417506
0.17444444444444443
-0.020279720279720272
0.1494345238095238
0.27888888888888885
-0.033333333333333354
0.06319444444444443
0.2
-0.09629629629629627
0.03571428571428571
0.5
-0.37499999999999994
-0.03675982967649634
0.2010989010989011
-0.20158730158730157
-0.01333333333333333
0.042857142857142864
0.0
0.10416666666666667
-0.03312590187590187
0.15391156462585034
0.053703703703703705
-0.24583333333333335
0.25
-0.109375
0.10315702815702817
0.13645833333333335
0.10402298850574715
-0.002056277056277069
-0.05
-0.002777777777777782
0.01638655462184874
-0.16666666666666666
0.0717151675485009
0.03296296296296297
0.195970695970696
0.22116071428571424
-0.0625
-0.020833333333333332
0.04888888888888889
0.05795281582952818
0.3027777777777778
-0.022222222222222216
0.04927106512386887
0.125
-0.007589285714285723
0.24513888888888893
0.12355555555555556
0.22857142857142856
-0.057291666666666685
0.2
0.3
0.16818181818181818
0.24545454545454545
0.34285714285714286
-0.30833333333333335
-0.3333333333333333
0.21787878787878787
0.010606060606060608
0.0030303030303030346
-0.084375
0.17358695652173917
0.03333333333333333
-0.0017045454545454516
0.05249999999999999
-0.01875
0.09166666666666666
-0.35
0.2
-0.16666666666666666
0.043291208791208804
0.14489795918367346
0.12395833333333334
-0.2053030303030303
0.05052083333333333
0.0
-0.2
-0.020000000000000004
0.0
-0.4
0.09249999999999999
-0.5
0.1409090909090909
0.4
0.25999999999999995
0.048159090909090915
0.0
0.06190476190476191
-0.03701814058956916
0.012500000000000002
-0.05
0.05
-0.009973359973359967
0.1367816091954023
0.00854166666666667
0.1926020408163265
-0.16249999999999998
-0.026190476190476198
0.19999999999999998
-0.051428571428571414
0.09761904761904765
-0.10000000000000002
-0.26666666666666666
0.08452380952380951
0.125
0.07361111111111113
-0.03333333333333333
-0.006000000000000003
0.06135590599876314
-0.002083333333333326
0.024999999999999994
-0.009999999999999998
0.15555555555555556
0.13333333333333333
0.05416666666666667
-0.2
0.18668546365914782
0.10349927849927855
-0.00928571428571428
-0.4
-0.03999999999999998
0.2619047619047619
0.15
0.09621212121212121
0.17099999999999999
0.05666666666666668
0.0
-0.20535714285714285
0.0
-0.09999999999999999
0.3396258503401361
-0.016694139194139195
-0.17472451790633606
-0.1281926406926407
0.21999999999999997
-0.09821428571428571
-0.39999999999999997
-0.05833333333333333
-0.24444444444444444
-0.06155462184873951
0.2
0.05
-0.33828125
0.04642857142857143
-0.3
-0.007142857142857141
0.096875
-0.05
-0.14846938775510202
-0.1357142857142857
0.23958333333333334
-0.1875220458553792
0.20681818181818185
0.08666666666666666
-0.07196969696969696
-0.15
0.0
0.0
0.07187500000000001
-0.13611111111111113
0.0
0.13403061224489796
-0.013571428571428578
0.25
0.172
0.07410714285714286
0.04709249084249086
-0.1
0.2333333333333333
0.5
0.16103896103896106
0.38333333333333336
0.23638157894736847
0.0
0.16875
0.0
0.3
-0.045068027210884355
0.1525
0.23750000000000002
0.13762755102040816
0.08694444444444444
0.09757575757575758
0.0
0.030952380952380957
-0.0625
0.07538494703128851
-0.009880952380952369
-0.055906593406593416
0.0
0.43333333333333335
0.13444444444444445
0.042330297017797024
0.06200892857142859
-0.05111471861471862
-0.023809523809523808
0.07727272727272726
0.042699040090344434
0.11142857142857142
0.04499999999999999
-0.15
0.3426346801346802
-0.09545454545454546
0.3455357142857143
0.05
0.09999999999999998
0.10075757575757574
-0.4
1.0
0.10075757575757574
0.35
-0.06931818181818179
0.05013888888888891
-0.1
-0.0011126893939393924
0.0
-0.4
0.0
0.0
-0.06555555555555556
0.0
0.0
0.0
0.11680548705865158
0.08297258297258296
0.3333333333333333
0.16291666666666665
0.08746279761904761
0.024590664296021438
0.3158730158730159
0.13450520833333332
0.14444444444444443
0.029158312447786133
-0.3177777777777778
0.15
-0.02142857142857143
0.0
0.18938492063492063
0.005952380952380955
0.19642857142857142
-0.3833333333333333
0.0
-0.23749999999999996
-0.5
-0.19521604938271608
0.18115680615680613
0.00555555555555556
-0.3
-0.22000000000000003
0.1315055315055315
-0.012932900432900418
-0.00833333333333334
0.013564213564213563
0.16547619047619047
0.14075757575757575
-0.09359307359307359
0.0615625
-0.047499999999999994
0.20600258799171844
0.03741629464285714
0.2053221288515406
0.1074074074074074
0.14739583333333334
0.125
0.20666666666666664
-0.325
-0.10416666666666667
0.05891812865497076
-0.65
0.4625
0.12
0.11766439909297051
0.07430555555555557
0.016666666666666663
0.2
0.0
0.02783189033189033
-0.041666666666666664
0.059375
0.15515262515262515
0.25
0.2619047619047619
0.0
0.2
0.1354858104858105
0.0
0.4
0.23333333333333334
0.25
0.07500000000000001
0.25
-0.04475308641975309
-0.375
0.08875000000000001
0.08552018633540373
0.13376623376623376
0.08762755102040819
-0.012962962962962966
-0.28483072916666674
0.01625905797101449
-0.053282206299447694
-0.17499999999999996
-0.002777777777777777
0.0
0.08260416666666667
0.09946969696969696
0.25
-0.023529411764705882
0.1
0.4928571428571428
0.24369047619047618
0.10769230769230768
-0.0235930735930736
0.15833333333333333
0.1928571428571428
-0.13333333333333333
0.1142857142857143
0.24800000000000005
-0.04910379303236445
-0.495
0.15833333333333335
0.05328282828282828
0.6
0.017388392857142856
0.084375
0.25
0.12285714285714286
0.17333333333333334
0.11346230158730163
-0.04642857142857143
0.07886904761904762
0.2328205128205128
0.415
0.0
-0.625
-0.5
0.03909481721981724
-0.005128205128205114
0.15333333333333335
0.11130952380952383
0.03014991181657849
0.2071428571428571
0.0781060606060606
0.10416666666666666
0.27951388888888884
0.0375
0.2262896825396825
0.1138888888888889
0.10250120250120252
0.07039473684210525
0.0018970814132104293
0.0
0.18625541125541123
0.13423049488390398
0.09119047619047618
0.00737179487179485
0.40249999999999997
0.11666666666666665
-0.041666666666666664
-0.05625
-0.025000000000000005
-0.23749999999999996
0.07139461845344197
0.4
-0.24583333333333335
0.2
0.625
0.10515873015873017
0.13644444444444445
0.15260416666666665
0.21874999999999997
0.25
0.17500000000000002
0.1803030303030303
0.08473905723905724
-0.28312499999999996
0.135
0.2250238095238095
-0.03714285714285715
0.126984126984127
0.026666666666666675
0.625
0.17619047619047618
-0.15633333333333335
-0.11000000000000001
-0.15075702075702074
0.21458333333333335
0.31428571428571433
0.056510416666666674
0.2003807920474587
0.20000000000000004
0.11511904761904762
0.20952380952380953
-0.15833333333333333
-0.14666666666666664
0.10324764389050105
-0.17
0.28484848484848485
0.15595238095238095
0.23939393939393938
0.1675
0.39999999999999997
0.26116071428571425
0.07417929292929294
-0.008333333333333331
0.22626262626262628
-0.5
0.0
0.1
-0.059523809523809534
0.030000000000000006
0.20476190476190478
0.09047619047619049
0.16309523809523813
-0.30000000000000004
-0.052500000000000005
-0.26875000000000004
0.0
0.11267779839208411
-0.07188552188552189
0.06712499999999999
0.16944444444444443
-0.0017857142857142713
0.21428571428571427
0.0
0.26579861111111114
0.184375
0.06913676447009781
0.05857142857142859
-0.5
-0.37833333333333335
0.00714285714285714
0.325
-0.16339285714285712
0.036805555555555564
0.14654761904761907
0.0
0.15
0.43888888888888894
-0.3125
0.11597222222222223
0.05277777777777778
0.1574074074074074
-0.18392857142857139
-0.2698412698412698
-0.004361720654824112
0.05
-0.024999999999999994
-0.3999999999999999
0.1560064935064935
-0.03489583333333333
0.1875
-0.06541666666666666
0.03333333333333333
-0.037484289903644746
-0.06488095238095237
0.0
0.05
0.2558441558441559
0.12727272727272726
-0.09285714285714286
0.065
-0.04537037037037036
0.375
0.23571428571428574
0.43333333333333335
0.06117777777777777
-0.6
0.1
0.6000000000000001
0.025630952380952386
-0.09513957307060752
0.09999999999999999
0.04444444444444443
0.2079365079365079
0.11111111111111112
0.11614583333333334
0.3
0.07340450995212901
-0.2619047619047619
0.01995341614906832
0.07916666666666666
0.4166666666666667
-0.1125
-0.06666666666666667
-0.195
-0.2
0.04545454545454545
0.25
0.05151515151515152
0.07777777777777779
0.0165909090909091
0.0
-0.3583333333333332
-0.18991402116402112
-0.005208333333333322
0.09196969696969698
-0.00714285714285715
0.06496420246420245
-0.18333333333333332
-0.23407738095238095
-0.3083333333333333
-0.03333333333333333
0.07272727272727274
-0.15694444444444444
0.14285714285714285
-0.06666666666666667
-0.25
0.07775974025974026
0.05857142857142857
-0.05
-0.0961948051948052
-0.13229166666666664
-0.023809523809523798
-0.1
-0.125
0.121875
0.9
0.22000000000000003
0.1340909090909091
0.03517316017316017
-0.09917615453329741
0.0
0.0
0.0
0.00833333333333334
0.00833333333333334
0.00833333333333334
0.035648148148148144
-0.4127272727272727
0.5
0.25378787878787884
0.5
0.11844884488448842
-0.028273809523809534
0.06666666666666667
0.14857142857142858
0.0021615985640375847
0.5
0.08230996944232238
0.6
-0.13333333333333333
0.018148148148148135
0.18611111111111112
-0.25
-0.1172434664101331
0.16111111111111112
0.044230769230769226
-0.0017857142857142867
-0.03333333333333335
0.2
0.0
0.0
0.1729166666666667
0.06502268050879162
0.23204099821746887
0.11098414702581368
-0.01190476190476191
-0.015968137254901954
0.26666666666666666
0.05655080213903743
-0.002727272727272724
0.09074074074074073
-0.5
0.5
0.05118055555555554
-0.15462962962962964
0.03351851851851853
-0.001093689508323659
-0.07500000000000001
0.05570175438596491
0.44999999999999996
0.0
0.015277777777777772
0.20625
0.29
-0.13242424242424242
0.0976190476190476
0.06380952380952383
0.09085407647907645
0.3375
0.0262962962962963
0.015506040800158445
0.044603174603174596
0.13654761904761903
-0.08571428571428572
-0.09656862745098038
0.0987878787878788
0.1794998502545672
0.2
0.14773809523809525
0.07477011494252875
-0.5650000000000001
-0.03333333333333333
-0.18208333333333332
0.21212121212121213
-0.09772569444444446
0.21200000000000002
-0.20381944444444447
0.09166666666666669
-0.06999999999999999
-0.2840909090909091
0.05000000000000002
0.010344827586206895
-0.13333333333333333
-0.425
0.3142857142857142
-0.5
0.0
-0.17916666666666667
0.05291005291005292
0.10571428571428572
0.008819709702062646
-0.1256410256410256
0.2
-0.024074074074074088
-0.2666666666666666
0.45
0.10909090909090909
0.11257418265813789
-0.01666666666666667
-0.025520464384100758
0.004870129870129885
0.03984953703703704
0.09423753665689151
-0.2
-0.25
0.07106290174471994
-0.275
-0.12000000000000002
0.13712121212121212
0.2665873015873016
0.10328483245149914
-0.015358627858627873
0.225
0.23333333333333328
-0.10625
0.06663690476190477
0.1357142857142857
-0.17410714285714288
0.136525974025974
-0.5
0.09461111111111112
0.1
0.048616071428571425
0.0001388888888888884
0.0907114624505929
0.038392857142857145
-0.04444444444444443
-0.205
0.2875
-0.033333333333333326
0.03697916666666669
0.020000000000000007
-0.16666666666666669
-0.0030612244897959173
0.09848484848484848
-0.013682539682539685
0.16125000000000006
-0.19487654320987652
-0.05952380952380952
0.15166666666666667
0.23121212121212123
-0.029421768707483024
0.0
0.35909090909090907
0.0073863636363636215
0.12049457994579947
-0.115625
0.1875
0.08670634920634922
0.165
-0.09328947368421048
0.13419642857142858
0.1599747474747475
0.03799603174603176
-0.10691391941391941
0.0
0.03208304853041696
0.3142857142857142
0.03440326445043427
0.125
0.165
-0.14166666666666666
0.11727272727272726
-0.2729166666666667
0.00591226302433199
-0.06583333333333334
-0.05
0.31875
-0.18833333333333332
0.05455182072829132
0.027314814814814816
-0.3691666666666666
-0.0625
-0.011883468834688344
0.3875
0.11666666666666668
0.03987468671679198
-0.0290614478114478
0.08125
0.040740740740740744
0.13941043083900231
0.4
0.0
0.11805555555555555
0.15416666666666667
0.19553571428571428
0.10669642857142858
0.038798701298701305
0.11659423909423913
0.11585920589826841
0.19968253968253968
0.0798076923076923
0.3325
0.08730158730158731
0.05555555555555555
0.16938825757575754
-0.01339285714285715
0.27395833333333336
0.0
0.19071180555555553
0.2
-0.26666666666666666
0.0
0.08613636363636364
0.3333333333333333
0.2318181818181818
0.10978226817042608
0.0
0.10314263322884012
0.20312500000000003
0.13872222222222225
-0.0007812500000000007
-0.5
0.0
0.3125
-0.021875000000000006
0.016369047619047616
0.14107142857142857
0.25400000000000006
0.135
-0.042857142857142864
-0.05
-0.22000000000000003
0.24073486328125
-0.1512396694214876
0.21000000000000005
0.15190476190476193
0.09444444444444444
-0.09166666666666667
0.06666666666666667
-0.015714285714285726
0.09
-0.4124999999999999
-0.06296296296296296
-0.04973544973544973
-0.06436274509803921
-0.09285714285714287
0.008072916666666683
0.2
0.11071428571428571
0.16666666666666666
0.12083333333333335
-0.4200757575757576
0.1422773921480818
0.032192460317460314
0.013860544217687076
0.07820512820512823
-0.16666666666666666
0.12410960251869341
-0.17500000000000002
0.18068833943833948
0.043636363636363626
-0.030555555555555558
0.11701388888888892
-0.01607142857142857
-0.4
-0.10761904761904764
0.06305555555555556
0.12962962962962965
0.13125
-0.025583705911574762
0.050000000000000024
0.45
0.14375000000000002
0.11696789321789322
0.13777777777777775
-0.12403846153846153
0.03967490842490843
-0.013437001594896329
0.04351851851851853
0.1245588235294118
0.1722222222222222
0.03694885361552028
0.13999999999999999
-0.0010487528344671323
-0.2083333333333333
0.2
0.09465005962401798
0.024999999999999994
0.08333333333333334
0.325
0.10937500000000003
0.11329128521751475
0.05604395604395603
0.06666666666666667
-0.125
-0.04687499999999989
0.11597222222222221
-0.15
0.15999999999999998
0.30416666666666664
-0.06851851851851852
0.18125
0.0
0.17916666666666664
-0.4270833333333333
0.24000000000000005
0.22857142857142856
0.04186507936507936
0.10986772486772484
0.07005494505494504
0.22291666666666668
-0.10105042016806723
0.16999999999999998
0.17142857142857143
0.13712121212121212
-0.03664482664482664
-0.13333333333333336
0.3
-0.035
1.0
-0.3
-0.5
-0.07500000000000001
0.15297619047619046
0.0
-0.19
0.0
0.20122655122655123
-0.125
0.16363636363636366
0.09126984126984128
0.18287124060150375
0.06111111111111111
-0.0423076923076923
-0.06481481481481481
-0.03166666666666666
0.04352504638218923
0.125
0.125
-0.021338383838383844
0.19166666666666668
-0.6666666666666666
0.17587719298245613
-0.05
0.09
0.2681818181818182
0.16471861471861468
0.08660714285714285
-0.03945707070707071
0.125
-0.13035714285714284
0.023901098901098896
0.07914148351648352
0.19444444444444445
0.4523809523809524
-0.2
0.20208333333333334
0.10148809523809524
0.014035087719298242
-0.04040404040404041
0.10663780663780664
-0.029411764705882353
0.20151515151515154
0.07523809523809526
0.125
0.0
0.1111111111111111
0.0
0.0985576923076923
-0.021052631578947368
0.2833333333333333
0.06425000000000002
-0.043406593406593405
0.15154067460317458
-0.04583333333333334
0.11454545454545455
-0.15
0.02367857142857142
0.030000000000000006
0.09583333333333331
0.14048496548496547
0.024166666666666663
0.1204081632653061
0.37784090909090906
0.14285714285714285
0.1537795537795538
0.033571428571428585
-0.004761904761904761
0.16666666666666666
0.08571428571428572
0.01
0.05555555555555555
0.03788610038610038
0.024999999999999988
0.2
-0.13198412698412698
0.10021645021645018
0.10106321839080461
0.1516233766233766
0.22499999999999998
0.0
0.06666666666666665
0.1125599747474748
0.11000000000000001
0.2027777777777778
0.22777777777777783
0.07307137307137308
0.14285714285714285
0.05083333333333333
0.02115384615384615
0.21666666666666667
0.041666666666666664
0.03483115842490843
0.08769268774703558
-0.1800865800865801
-0.375
-0.04523809523809525
0.04615384615384615
0.2
-0.1943672839506173
0.06051587301587302
-0.21055555555555552
-0.049999999999999996
0.15000000000000002
0.20000000000000004
0.11857142857142855
0.13392857142857142
-0.16666666666666666
0.11933899433899434
0.0
-0.2857142857142857
0.0
0.2920634920634921
0.24537037037037035
0.1416666666666667
0.25
-0.10972222222222221
0.11903659611992944
-0.02755102040816328
-0.5
-0.015277777777777774
-0.05
0.08516483516483517
0.0
0.3666666666666667
-0.11785714285714285
-0.0951388888888889
0.16163265306122448
-0.05833333333333333
-0.10984848484848485
0.10714285714285714
-0.2222222222222222
-0.009659090909090909
0.006649159663865552
-0.029957264957264952
0.10799319727891157
0.07062643239113826
0.0
0.2002403846153846
-0.06964285714285713
-0.11666666666666667
-0.25
0.03571428571428571
-0.040909090909090895
0.05
0.03125
0.19610389610389609
-0.12752895752895757
0.07999999999999999
0.022083333333333337
0.21666666666666667
0.30714285714285716
-0.0608022533022533
0.0
0.5
-0.5812499999999999
-0.07272727272727272
-0.06237468671679196
0.20227272727272733
0.12380952380952381
0.017857142857142867
-0.0595959595959596
-0.08333333333333333
0.15
-0.07979682024324881
0.0
-0.07446172248803828
0.125
0.14999999999999997
0.02083333333333333
0.3184873949579832
-0.030327080327080327
-0.14285714285714285
0.15328798185941048
0.25
-0.07916666666666666
-0.03333333333333334
0.25
0.08125
0.044999999999999984
0.375
-0.09910714285714284
-0.12053571428571429
-0.2523809523809523
-0.015277777777777779
-0.07708333333333332
-0.53125
-0.05087301587301588
0.20727272727272728
-0.0069184491978609595
0.0
-0.24439814814814811
0.08299185032139578
-0.007479745370370393
0.04267297030454925
-0.21266233766233758
0.15000000000000002
0.04989417989417988
0.45
-0.016141679957469426
0.2547619047619048
0.07809523809523809
-0.14545454545454545
-0.3433333333333333
0.0853900503290747
-0.02272727272727272
-0.05136363636363635
-0.16346153846153844
0.044397095959595956
0.05379290059687788
-0.061631846414455106
-0.0472222222222222
0.0
-0.17812499999999998
-0.8
0.14678571428571427
0.13280204643841004
0.0
0.4166666666666667
-0.07291666666666667
0.04829365079365079
0.18066666666666667
0.1854591836734694
-0.05703933747412009
-0.018353909465020583
0.14666666666666667
0.1923214285714286
0.16428571428571428
-0.20324074074074072
-0.30000000000000004
0.03571428571428571
0.03273584905660379
0.45833333333333337
0.22095864661654133
-0.025
0.03125
0.16111111111111115
0.07750000000000001
0.011181972789115641
0.23316326530612247
-0.03430735930735931
0.11805555555555554
-0.037142857142857144
-0.007039141414141414
0.20112044817927174
-0.3175
-0.06311728395061728
-0.07857142857142857
0.049999999999999996
-0.026421568627450983
-0.06510416666666667
-0.03463203463203464
-0.01775793650793651
0.12333333333333336
0.05686813186813186
0.161801103988604
0.0
0.049483976671476665
-0.27264752791068575
0.028571428571428574
0.14523809523809522
0.04883557800224467
-0.2
0.13611111111111113
-0.12142857142857143
-0.07222222222222223
-0.01080246913580247
0.26666666666666666
-0.1
0.5
0.1038365800865801
0.35999999999999993
-0.04282899416702235
-0.022222222222222216
-0.014115440115440097
-0.068
0.22031250000000002
0.09090909090909091
0.20888888888888887
0.0
0.25
-0.3
-0.23214285714285715
-0.005612244897959188
-0.47714285714285704
0.12407407407407407
0.18857142857142858
-0.15
0.14087301587301587
0.0
0.0
0.2271212121212121
-0.037359943977591036
-0.08467261904761905
0.020000000000000007
0.041666666666666664
-0.025
0.0
0.05171401515151516
-0.19999999999999996
-0.062037037037037036
-0.00970238095238095
0.1
0.21666666666666667
-0.06736842105263158
-0.12499999999999993
0.029375566294170943
0.23933333333333331
0.13999999999999999
0.0
0.2038095238095238
0.35
0.45
0.19445346320346318
0.1708333333333333
0.1
0.0625
0.0009615384615384753
0.35
0.08928571428571429
0.13999999999999999
-0.09098566308243729
-0.0021324354657688005
0.05
0.1901691017316017
0.052625
0.1
0.2722222222222222
0.19722222222222227
-0.0375
0.030000000000000013
-0.1027777777777778
-0.023809523809523808
0.09375
-0.5
0.10551242236024842
0.19666666666666666
0.01848290598290599
0.10833333333333334
0.12142857142857144
0.11785714285714285
0.07818181818181819
0.07425925925925927
0.009374999999999994
0.07807971014492752
-0.08
0.02
0.47187500000000004
-0.25357142857142856
0.056666666666666664
0.03125
-0.05555555555555555
0.12
0.1148148148148148
0.06666666666666667
0.15232877241805814
0.4166666666666667
-0.39999999999999997
0.15732142857142856
-0.3333333333333333
-0.3499999999999999
-0.006365239698573031
0.04027777777777777
0.17192982456140352
-0.04166666666666666
-0.11666666666666665
0.0625
0.04958333333333333
0.12115384615384617
-0.153125
0.01611111111111112
-0.06
0.07023809523809525
0.17500000000000002
0.23537414965986395
0.11642857142857142
0.04583333333333334
0.17154882154882153
0.001678876678876673
-0.17936507936507937
0.0
0.18223684210526314
0.18182539682539683
0.06273809523809527
-0.15590909090909089
0.14714285714285716
0.14583333333333331
-0.6
-0.011904761904761902
0.08666666666666668
-0.010054904445148343
0.0
0.20833333333333334
-0.07857142857142854
0.09388888888888891
0.14338709677419353
0.2
-0.047222222222222214
0.14902597402597403
-0.0015151515151515188
0.5
0.10619047619047618
0.17380952380952383
-0.05371376811594203
0.02
-0.10555555555555556
-0.09366071428571428
-0.158
0.32882205513784457
0.625
0.042539532227032224
0.0
0.024999999999999967
0.09100927128427128
0.08253968253968255
0.10183982683982684
0.2238095238095238
-0.0767857142857143
0.016666666666666656
0.11904761904761904
0.0
0.06279761904761905
0.21000000000000002
-0.23000927643784785
-0.19166666666666665
0.0
0.0
-0.04179971988795518
0.22044444444444444
-0.015625
-0.0911028689674523
0.09141865079365079
0.0
0.051428571428571455
0.08333333333333333
0.07500000000000001
0.26149891774891776
0.18125000000000002
0.19205034213098732
0.03693853427895979
0.37575757575757573
0.0
0.07563311688311689
0.0273313492063492
-0.38749999999999996
0.15333333333333338
-0.16818181818181815
0.05758928571428572
0.0737179487179487
0.5
0.324234693877551
0.092375
0.2591575091575092
0.046059113300492616
0.4166666666666667
0.09722222222222222
0.05312499999999999
-0.03333333333333335
0.21135119047619044
-0.09999999999999999
0.15277777777777776
0.010416666666666664
0.0
-0.26666666666666666
0.14285714285714285
0.0
0.12817460317460316
0.3666666666666667
-0.24285714285714288
0.0
0.06727272727272728
0.1476190476190476
-0.0055871212121212195
0.10416666666666667
0.09999999999999999
0.09375
0.08852413019079686
0.26249999999999996
0.10515873015873016
-0.0035714285714285726
0.014420454545454537
-0.14285714285714285
0.003869047619047619
0.08540372670807454
0.17678571428571432
0.08521270396270397
0.1395833333333333
-0.762939453125
0.09226387249114519
0.07960557960557961
0.06025641025641026
0.054562451437451434
-0.15
-0.04536098310291857
0.07253086419753085
0.03095238095238096
0.11326530612244898
0.13333333333333333
0.08271560139207199
0.006818181818181821
-0.13090909090909095
-0.08749999999999998
-0.08499999999999999
0.09464285714285717
0.04
-0.15
0.25
-0.16666666666666666
-0.4
0.1880952380952381
0.13809523809523808
0.0257996632996633
-0.23333333333333336
0.07663690476190475
-0.5
-0.19416666666666665
-0.08452380952380951
0.45
-0.07142857142857144
0.1
0.021883971291866033
0.2
0.24259259259259258
-0.09375
0.18928571428571428
-0.4
-0.1527777777777778
0.475
0.14750000000000002
-0.11999999999999997
-0.125
0.15
0.0
0.23541666666666666
-0.17499999999999993
-0.225
-0.10999999999999999
-0.14285714285714285
0.159375
-0.03888888888888889
0.0
0.7449999999999999
-0.012121212121212116
0.22222222222222224
-0.16666666666666666
-0.21666666666666665
-0.041666666666666664
-0.05000000000000001
-0.08484848484848485
0.26805555555555555
0.16666666666666666
0.012184873949579837
-0.5
-0.2986111111111111
0.2611111111111111
0.16666666666666666
0.2625
0.0
-0.15
0.10714285714285714
-0.10892857142857142
-0.10892857142857142
-0.2277777777777778
0.033333333333333326
0.06562499999999999
0.0
0.10416666666666667
-0.5
-0.38
0.092003367003367
0.08125
-0.006666666666666665
-0.26041666666666663
0.15833333333333335
0.0
0.4
0.13999999999999999
0.0
0.07976190476190477
0.2333333333333333
0.12222222222222223
0.07326388888888888
-0.09375
-0.22000000000000003
0.2
0.11319444444444444
-0.03239795918367348
-0.15
0.04916666666666668
-0.041666666666666664
-0.01666666666666668
0.05714285714285714
-0.18
0.08514705882352941
0.01785714285714285
0.15
0.2814814814814815
0.2
0.0
0.08482142857142859
0.023076923076923064
0.0
0.1
0.2557936507936508
-0.12
0.016666666666666677
0.38749999999999996
0.18999999999999997
0.6
0.2
0.5
-0.10666666666666669
0.05302197802197802
-0.0019444444444444361
0.0
-0.045
0.35
-0.030208333333333337
0.09722222222222222
0.2
0.09541666666666666
0.09285714285714285
0.06999999999999999
0.13333333333333333
-0.0028985507246376803
0.0
0.135
-0.06337719298245614
0.0550952380952381
0.16186274509803922
-0.5376736111111111
0.019999999999999997
0.21447727272727274
0.10392857142857145
0.16671428571428573
0.0
0.09465811965811967
0.06
0.3333333333333333
0.07377450980392157
0.05785714285714285
-0.1
0.11666666666666667
0.1444404761904762
0.16666666666666666
-0.19999999999999998
-0.024949494949494944
-0.3028571428571428
0.225
-0.375
-0.016666666666666646
0.0
-0.004251700680272101
0.010000000000000031
0.095
0.5
0.35000000000000003
0.19047619047619047
-0.33999999999999997
-0.011111111111111113
0.0858974358974359
0.017592592592592597
0.0
-0.011111111111111117
0.01805555555555554
0.08253968253968255
0.0
-0.07083333333333332
-0.5035714285714286
0.19527777777777777
0.00357142857142857
0.11718749999999997
-0.03333333333333333
0.0
0.018318329397874852
0.48333333333333334
-0.26666666666666666
0.39999999999999997
0.0
0.15000000000000002
0.175
0.04059523809523809
-0.03181818181818183
-0.1597222222222222
0.2
-0.08459249084249085
0.0
0.05535714285714285
0.019642857142857142
0.14952380952380953
0.05936911487758945
-0.19999999999999998
-0.328125
-0.24846938775510205
0.08571428571428573
0.007638888888888894
0.075
0.17142857142857143
-0.020878136200716838
0.0
-0.05340909090909092
0.5166666666666666
0.15
-0.07857142857142858
0.04862756351392716
0.05714285714285714
-0.2261904761904762
0.08928571428571429
-0.4
0.09999999999999998
0.15548245614035086
0.0
0.06886827458256031
0.02349206349206348
-0.19464285714285712
-0.8
-0.07045454545454544
-0.013186813186813185
0.5
0.05
0.09367283950617283
0.0921768707482993
-0.5666666666666665
0.21749999999999997
0.1275
-0.3125
0.16474358974358974
-0.12222222222222223
-0.033967803030303036
0.18857142857142858
0.06208333333333334
0.027777777777777776
0.0
-0.3333333333333333
0.325
0.8
0.2857142857142857
0.046345755693581764
0.024999999999999967
-0.26666666666666666
-0.08333333333333333
0.21428571428571427
0.2555555555555556
-0.018215811965811974
0.17421428571428574
0.07222222222222223
-0.040624999999999994
0.0875
-0.11417410714285714
0.0
0.1732142857142857
0.13636363636363635
0.36818181818181817
-0.03809523809523809
-0.08806818181818182
0.13636363636363635
-0.24583333333333332
0.05000000000000002
-0.05462962962962963
0.027777777777777773
-0.125
-0.2745370370370371
-0.4444444444444445
0.12170405352223534
-0.27999999999999997
0.13636363636363635
-0.13466666666666666
0.10997474747474749
0.10997474747474749
-0.17976190476190473
0.03055555555555555
-0.5
0.10589225589225587
-0.5
-0.10000000000000002
-0.025103305785123965
1.3877787807814457e-17
0.10068800247371676
0.10000000000000002
0.2976190476190476
-0.18750000000000003
0.16458333333333333
-0.25039682539682545
0.22575757575757574
-0.10873579545454545
-0.19999999999999998
0.03813025210084033
-0.04166666666666666
0.1486111111111111
0.11037037037037038
0.16944444444444443
0.0
0.04404761904761906
0.11446208112874778
0.21428571428571427
0.5
-0.1
-0.08020833333333331
0.40909090909090906
-0.45
0.041666666666666664
0.10909090909090909
-0.04777777777777779
-0.02121212121212122
-0.04214285714285715
-0.07303030303030303
0.18717948717948715
-0.04255050505050506
0.0
-0.13333333333333333
0.03958333333333333
-0.05
-0.06000000000000001
0.3
-0.012209145021645022
-0.013888888888888888
0.2170995670995671
0.2813986013986014
0.12650793650793654
-0.12000000000000002
0.10441176470588233
-0.146875
0.07196969696969696
0.02777777777777778
0.15194128787878788
0.0
-0.2
0.24375000000000002
-0.29000000000000004
-0.5
0.15654761904761907
-0.04999999999999999
0.16392045454545454
0.43
-0.16319444444444445
0.04392857142857144
0.17207792207792208
-0.03699633699633701
0.23333333333333336
0.0
0.12569444444444441
0.12797619047619047
0.11666666666666667
-0.11333333333333333
0.18333333333333332
0.15853174603174602
0.5
-0.055488721804511275
0.16
0.45
0.17023809523809522
-0.22187500000000004
0.1576388888888889
-0.01818181818181818
-0.05111111111111113
0.08125
0.0
-0.13194444444444445
0.14581228956228953
0.04285714285714285
-0.15
-0.0625
-0.056249999999999994
0.2
0.09999999999999999
0.0032407407407407506
0.22499999999999998
0.23333333333333334
0.14365530303030302
0.20666666666666667
-0.022321428571428575
0.1393939393939394
0.036904761904761905
0.15322871572871574
0.03775510204081632
0.07348484848484849
0.16567460317460314
-0.04241477272727272
0.14404761904761904
0.0671875
0.10476190476190476
-0.09732142857142856
-0.08333333333333333
0.0
0.030111111111111102
0.0
-0.019047619047619042
-0.006666666666666664
0.042857142857142864
0.0
0.1707070707070707
-0.325
0.10420662670662673
0.04166666666666666
0.25
-0.02708333333333333
0.5499999999999999
0.017500000000000005
-0.04489795918367349
0.06621913580246915
0.0466765873015873
0.0
0.11016666666666666
-0.008759018759018758
-0.05
0.0
-0.5
0.07999999999999999
-0.017592592592592604
-0.3833333333333333
-0.2
-0.04749999999999999
0.2333333333333333
0.009890109890109895
-0.08472222222222221
0.27142857142857146
0.32857142857142857
0.2333333333333333
0.03814814814814815
0.1
0.043492063492063485
0.0
-0.16683201058201058
-0.016666666666666663
0.01375313283208021
-0.04999999999999999
-0.19049999999999997
0.10000000000000002
0.06555555555555556
0.11428571428571425
0.0
0.17592592592592593
0.08392857142857144
-0.2625
0.27499999999999997
0.012121212121212109
0.1527972027972028
0.2
-0.1333333333333334
0.1603896103896104
0.13194444444444445
0.3854166666666667
0.07142857142857145
-0.4
-0.25
-0.054713349713349714
0.04642857142857142
0.02083333333333333
0.2615384615384615
0.125
0.15
-0.22000000000000003
0.16666666666666666
0.03499999999999999
0.02574074074074074
-0.09797979797979799
-0.1
0.09375
-0.044871794871794865
0.14536435786435786
0.09177777777777778
-0.15833333333333335
0.016666666666666663
0.062
-0.04666666666666667
-0.0962962962962963
-0.042675865800865784
-0.2785714285714286
0.21628787878787878
0.05000000000000001
0.17889957264957262
0.07380952380952381
0.1967391304347826
0.11685606060606063
0.14233511586452763
0.15833333333333335
-0.03445707070707071
0.01236772486772486
-0.051190476190476196
-0.12121212121212122
0.19693877551020406
0.029166666666666674
-0.25
0.14
-0.03749999999999999
0.1473458452116989
0.11726791726791726
-0.3063775510204082
0.11764705882352944
0.2336996336996337
0.05069444444444445
-0.4
0.09696969696969698
-0.24910714285714283
0.2071287819648475
-0.5
0.16666666666666666
-0.06350250626566416
-0.0696969696969697
0.11666666666666668
0.0
-0.30277777777777776
-0.3333333333333333
0.07708333333333332
0.04999999999999999
-0.10535714285714286
0.14356261022927688
-0.425
0.062499999999999986
0.11835978835978837
-0.10476190476190474
0.10012531328320802
-0.016071428571428577
0.08115942028985508
-0.6666666666666666
0.08757142857142858
-0.1604166666666667
0.07857142857142856
-0.027861174772939493
0.125
-0.049999999999999996
0.0028822055137844626
0.15416666666666667
-0.16875
0.0949579831932773
-0.25
0.0875
-0.103125
-0.3
0.05661616161616162
0.05454545454545454
-0.048731060606060625
0.012499999999999987
0.35
0.35
0.01111111111111112
-0.03472222222222222
0.0
0.1948767006802721
0.15416666666666667
0.06968484102104794
0.07142857142857142
-0.21
0.06005974525226757
-0.029551282051282036
0.14074074074074072
-0.07622549019607844
0.12538651824366112
0.06865079365079364
0.07500000000000001
-0.12047619047619045
-0.08333333333333333
0.15
0.07387566137566137
-0.25
-0.045
0.02483660130718954
-0.01875
-0.30357142857142855
0.06785714285714285
-0.03214285714285714
-0.2
-0.2333333333333333
0.06250000000000001
0.12696666666666664
0.0
-0.17833333333333334
0.2
-0.09285714285714283
0.24285714285714285
-0.17500000000000002
0.21000000000000002
0.022023809523809532
0.15666666666666668
0.08777777777777777
0.2
0.0
-0.1
0.016666666666666677
0.19692760942760945
0.1031578947368421
0.13219588744588745
-0.2333333333333333
0.24826388888888887
0.08741258741258741
-0.05000000000000001
0.05500000000000001
-0.11467803030303032
0.013753387533875335
-0.11666666666666668
0.037500000000000006
-0.0022321428571428544
-0.1155844155844156
0.05
-0.0863095238095238
0.16875
-0.06304096638655464
0.0
0.04120370370370371
-0.0380050505050505
0.00017788724685276728
-0.11180555555555556
0.09523809523809523
0.004999999999999993
0.2
0.051043956043956056
0.11845238095238095
0.06964285714285713
-0.4375
0.08035714285714286
0.009523809523809521
0.175
-0.024999999999999988
0.03975848712690818
-0.19999999999999998
0.0
0.12000000000000002
-0.0318421052631579
0.06595117845117844
0.0028409090909090884
0.053333333333333344
0.0
0.5
-0.1
0.0651736111111111
-0.375
-0.125
0.023877876509455456
-0.08864583333333334
0.09606481481481483
0.12452050264550266
0.1142857142857143
-0.1671111111111111
-0.07430555555555553
0.33888888888888896
0.10522727272727272
0.13720238095238096
0.10380658436213992
0.0
-0.19666666666666663
-0.022727272727272735
0.27159090909090905
0.10634920634920635
0.0
0.019130952380952394
0.22499999999999998
0.09997979797979797
-0.07037037037037036
0.13777777777777778
0.02888888888888888
0.12976190476190477
0.2955357142857143
0.2786904761904762
0.44999999999999996
0.015384615384615403
0.18639455782312925
0.2575126262626263
0.08035714285714286
-0.125
0.2
0.08035714285714286
0.021938775510204084
0.01864252645502645
-0.12361111111111112
-0.05613685556867375
0.03606089856089858
-0.08787878787878789
-0.08744588744588745
0.09642857142857143
0.0875
-0.06366995073891625
0.11224489795918369
0.11987179487179488
0.10170454545454545
0.08
0.24030612244897961
0.0768939393939394
0.09562499999999999
-0.25
0.05421626984126984
0.09128787878787878
-0.09523809523809523
0.1
-0.12999999999999998
0.1375
0.0
0.55
-0.1708333333333333
0.0
0.030000000000000016
0.10203703703703704
0.0
0.13636363636363635
-0.015017361111111106
0.0
0.05925925925925927
0.11751934933753118
0.445
-0.06617647058823531
-0.00555555555555556
0.02793209876543209
0.11714285714285713
0.024999999999999984
0.21904761904761905
0.15694444444444447
0.15055831423478483
0.09914285714285714
0.0625
0.15341880341880337
-0.01458333333333333
0.01857142857142857
0.10324074074074074
-0.15208333333333332
-0.16666666666666666
0.07034391534391536
0.18217592592592596
0.25
0.23000000000000004
0.038142857142857145
-0.06532738095238096
0.20198412698412696
0.10000000000000002
-0.21222222222222217
0.33
0.07063492063492065
0.008333333333333323
-0.12646825396825395
-0.22916666666666666
-0.01060606060606061
-0.025
-0.05916666666666667
0.13391666666666668
0.08333333333333331
-0.08333333333333333
0.06666666666666667
0.04166666666666667
-0.03333333333333333
0.04404761904761905
-0.15000000000000002
0.0992857142857143
-0.011686991869918693
0.2611111111111111
-0.08750000000000001
0.05714285714285714
0.16999999999999998
0.22993697478991595
0.3
0.12757334183673472
0.12109523809523808
0.1
-0.3930803571428571
0.07178996598639455
-0.006400966183574892
0.038095238095238126
0.11863636363636362
-0.25
0.2
0.1264751552795031
-0.118859649122807
0.03219298245614036
-0.015572390572390574
-0.07592592592592591
0.13132215743440234
-0.2637581168831169
0.18452380952380953
0.030079365079365088
0.1598901098901099
-0.0890625
0.16
0.09224999999999998
0.1
-0.06208687564109252
0.19999999999999998
0.044734432234432235
-0.20000000000000004
-0.04
0.2666666666666667
0.10791666666666669
0.09002267573696145
0.10065497076023393
0.16875
-0.016666666666666663
0.04999999999999999
0.1
0.1
0.025
0.0
-0.059999999999999984
-0.07727272727272728
0.006750737185519794
0.021031746031746044
-0.002397660818713457
0.06034226190476189
-0.125
0.31666666666666665
0.11965488215488215
-0.010714285714285713
-0.017639189514189534
0.12447916666666667
0.11666666666666665
0.17961538461538462
0.1951923076923077
0.2269047619047619
-0.21875
0.11228632478632478
-0.038732323232323236
0.012870945479641132
-0.5
-0.05670731707317073
0.04
0.037500000000000006
0.1306369047619048
-0.1486111111111111
-1.0
-0.12800000000000003
0.2228571428571428
-0.054255214482487206
-0.08735795454545454
0.0
0.09166666666666667
-0.02727272727272726
-0.375
0.02
0.3333333333333333
-0.05208333333333333
0.2
0.18536458333333333
0.22000000000000003
0.4166666666666667
-0.1630952380952381
0.021071428571428567
-0.08000000000000002
-0.1056547619047619
-0.5
-0.04723639455782312
-0.12930555555555556
-0.16875
-0.034027777777777775
-0.00858585858585859
-0.08518518518518518
0.174468085106383
0.12272727272727274
0.2857142857142857
-0.09542735042735041
0.1
0.0
0.06666666666666665
0.12
0.007189542483660123
0.35833333333333334
-0.12447916666666667
-0.17833333333333332
0.1237878787878788
-0.18179012345679008
-0.11666666666666668
0.12857142857142856
0.07252597402597404
-0.05877551020408162
0.0
0.08333333333333333
-0.1875
0.14166666666666666
0.17815341848544972
0.15
0.1460076782192167
0.15857142857142859
-0.07500000000000001
-0.033333333333333326
0.1755050505050505
0.029174603174603176
0.07199620427881301
0.08833333333333333
0.15000000000000002
0.02289682539682538
0.5
-0.240625
0.03333333333333333
-0.11333333333333333
-0.15
-0.14166666666666666
0.0
-0.002856587856587863
-0.29375
0.08
0.07777777777777777
-0.005637254901960751
0.2185897435897436
0.08499999999999999
0.1
-0.025
0.05686813186813187
-0.03333333333333333
-0.031875
0.09999999999999999
-0.08571428571428573
0.08249999999999996
0.03125
0.13333333333333333
0.0
-0.21875
0.5166666666666666
0.023301450801450813
0.26833333333333337
0.0
0.5
0.09327651515151514
0.15833333333333335
-0.10666666666666666
-0.04857771260997067
0.11996753246753253
0.10654761904761906
0.1471861471861472
0.1787878787878788
0.2
0.0
-0.20625
-0.1138047138047138
-0.13749999999999998
0.11111111111111112
-0.18181818181818182
-0.16458333333333333
0.0
0.08241584804084803
0.13560606060606062
-0.04999999999999999
0.06047619047619048
0.25
0.2380952380952381
0.026666666666666672
-0.07083333333333333
0.2
0.11071428571428572
0.21179935515873013
0.05555555555555555
0.0653951552562664
-0.14272727272727273
0.175
0.18153932178932178
-0.011111111111111122
0.17166666666666666
0.17430871212121213
-0.016666666666666663
-0.16666666666666666
-0.10000000000000002
-0.1261904761904762
-0.11583333333333332
-0.1
-0.14444444444444446
0.09727623727623724
0.06277777777777778
0.014285714285714287
-0.04999999999999999
0.034886494818313005
0.09863945578231292
0.01410256410256409
-0.0875
0.21020408163265308
0.0515934065934066
0.18958333333333335
-0.13333333333333333
0.022222222222222223
0.039999999999999994
-0.075
0.016666666666666677
-0.023809523809523808
0.0
0.20000000000000004
-0.0125
-0.06500000000000002
0.15357142857142855
0.13218355718355723
0.0038888888888888823
0.3757575757575758
0.3482456140350878
0.08138528138528138
-0.03380952380952379
0.0
-0.018881118881118885
0.13999999999999999
0.06875
-0.1258928571428571
0.2958333333333333
0.0037698412698412677
0.2814814814814815
-0.026190476190476184
0.265
0.1860526315789474
0.13750000000000004
-0.010410685805422632
0.06323674242424245
-0.061821064240419055
0.286
0.05555555555555555
0.1
0.225
-0.04642857142857142
0.053823260073260076
0.6125
0.09719179371353286
0.0164021164021164
0.3187074829931973
-0.11225749559082888
0.06471861471861472
-0.1625
-0.16666666666666666
0.0
0.5
-0.11145833333333333
-0.25
0.0038309228650137694
0.24770833333333334
-0.35000000000000003
-0.05
0.25000000000000006
0.1142857142857143
0.3125
-0.513888888888889
0.0
0.14629629629629629
0.13428571428571429
-0.17812499999999998
0.19999999999999998
0.08125
-0.027777777777777773
-0.2225
0.0791576479076479
-0.07330065263019808
0.1
0.12925641025641027
-0.014219576719576719
0.0
0.04848484848484849
-0.5
0.0
0.0
0.07894736842105263
-0.19558531746031743
0.26666666666666666
0.1395833333333333
-0.2079124579124579
0.375
-0.12708333333333333
-0.36666666666666664
0.175
-0.24666666666666667
0.15857142857142856
0.20208333333333334
0.03750000000000001
-0.008333333333333333
0.25
0.2390625
-0.25
-0.2666666666666666
-0.0625
0.19861111111111118
-0.1375
-0.07415994623655912
-0.04208333333333333
0.134375
-0.25
0.02656250000000001
0.1857142857142857
0.10833333333333332
-0.375
-0.1487654320987654
0.3297727272727273
0.3
0.13300653594771242
0.11309523809523811
0.01763392857142857
-0.51
0.15
0.033333333333333326
-0.0617283950617284
0.12
-0.23138020833333334
-0.054799107142857136
-0.2333333333333333
0.056549873737373725
-0.09780092592592593
0.16608422939068104
0.05814370596723539
-0.15999999999999998
0.0
0.35
0.10631313131313132
0.2
0.02113095238095238
0.0
-0.1625
0.20753976096367407
-0.07083333333333333
0.23281249999999998
0.19999999999999998
0.34375
0.08333333333333333
-0.18452380952380953
0.034523809523809526
0.11666666666666665
-0.12626262626262624
0.04648033126293995
0.02850220959595961
0.10547619047619047
-0.28767857142857145
0.3731404958677686
0.05308159722222223
-0.060791446208112866
0.18083333333333332
0.021874999999999995
0.1275
0.15000000000000002
0.15
0.20833333333333334
0.08499999999999999
0.059523809523809514
0.12499999999999999
-0.05166666666666666
0.08214285714285714
-0.007499999999999995
0.1608974358974359
0.1
0.12142857142857144
-0.2506172839506173
0.1824258207070707
0.04656111293769522
0.174025974025974
0.12249999999999998
0.3088888888888889
0.0
-0.2
0.10311447811447813
-0.0625
-0.028125000000000004
-0.15833333333333333
-0.15694444444444444
-0.01598639455782313
-0.1425925925925926
0.07294372294372296
0.14828042328042326
0.2
