0.23125
0.19166666666666665
0.0
0.16666666666666666
-0.07407407407407407
0.07380952380952381
0.21000000000000002
0.1
-0.12121212121212122
0.032761125283446706
0.14242424242424243
0.07714285714285714
0.011676587301587308
0.12166666666666667
0.019202380952380978
-0.08333333333333333
0.08951612903225807
0.21055555555555558
-0.3125
-0.1
0.25
0.006222222222222225
0.15244047619047618
0.17103710853710855
-0.2172067901234568
0.0
0.1692307692307692
0.13499999999999998
-0.037500000000000006
0.05
0.011288314176245212
0.21944444444444447
0.15
-0.125
0.2333333333333333
-0.043681318681318686
0.16666666666666666
0.04166666666666666
-0.053253968253968255
0.19562500000000002
-0.05
-0.20784722222222218
0.07440476190476189
0.13479938271604938
0.1325
-0.225
0.1625
0.11791396103896104
0.02298331749551262
0.05231198034769463
-0.016666666666666663
-0.2
0.07127247752247752
0.2937826541274817
-0.09999999999999999
-0.015625
0.021228403728403723
0.005263157894736844
0.11964285714285713
-0.45
-0.03965517241379309
-0.055357142857142834
0.10184717545828656
-0.0630952380952381
0.0
-0.2333333333333333
0.017857142857142856
0.5952380952380952
-0.05833333333333333
-0.05499999999999999
-0.011428571428571423
0.14761904761904762
0.5
0.0056666666666666515
0.16071428571428573
0.1396103896103896
0.037500000000000006
-0.16666666666666666
-0.125
-0.10920138888888888
0.4309523809523809
0.05195767195767195
0.025000000000000005
-0.05222222222222223
0.0
0.11706349206349209
-0.10492424242424242
0.09607843137254901
0.018333333333333326
-0.017261904761904746
0.0
-0.11250000000000002
-0.3249999999999999
0.10695985832349468
0.7
0.1464285714285714
0.11999999999999997
0.39999999999999997
0.16666666666666669
-0.15666666666666668
0.26666666666666666
0.0
0.16428571428571428
-0.3
0.2583116883116883
-0.13333333333333333
0.41000000000000003
0.06805555555555555
0.10493827160493827
0.2
0.08376623376623378
0.018750000000000017
0.018750000000000003
0.04593837535014006
0.07861689814814816
0.0
0.011111111111111108
-0.16666666666666666
0.01923076923076923
0.09999999999999998
0.06471549636803875
0.012585034013605436
0.1505952380952381
0.11533333333333333
0.06383928571428571
0.17618970863651717
-0.12038043478260871
-0.3626666666666667
0.058503401360544216
-0.6
-0.0365530303030303
0.16856060606060605
0.05000000000000001
0.09948051948051947
-0.028349282296650725
0.14270833333333335
0.15
0.019999999999999983
0.04999999999999999
0.12000000000000001
-0.175
0.1016203703703704
-0.05208333333333333
0.13636363636363635
-0.05
0.15404040404040403
0.5
-0.25
-0.03749999999999999
0.056755952380952365
0.3055555555555556
-0.012499999999999997
-0.10292397660818713
-0.0625
0.15397727272727274
0.02134353741496599
-0.325
0.018181818181818174
0.041666666666666664
0.1132996632996633
0.13376623376623376
0.03975757575757576
0.0664124503968254
-0.04761904761904764
-0.014880952380952373
0.16666666666666666
0.04777777777777778
0.275
0.07354497354497354
0.2588888888888889
-0.05
0.035512075643654585
0.013093434343434344
-0.8
0.29147186147186144
-0.07499999999999998
-0.10984126984126984
0.0964285714285714
-0.101031746031746
0.4
0.22695578231292518
0.31675427746856316
-0.07500000000000001
0.006641849529780566
0.10888888888888888
-0.04991645781119464
0.19982142857142857
0.055357142857142876
0.0
0.14323481116584563
0.008589743589743596
-0.13723958333333336
0.21439393939393936
0.03782738095238095
-0.19250000000000003
-0.04285714285714286
0.3111111111111111
0.07495535714285716
0.009629629629629627
-0.23459821428571426
0.21818181818181817
0.0
0.05212778293135436
0.06354166666666666
0.2125
0.06666666666666665
0.0015678400546821523
0.1222222222222222
0.13166666666666665
0.0
0.1851851851851852
-0.08751291989664083
0.0
0.039141414141414144
-0.3125
0.0340909090909091
0.0625
0.16
0.09375
0.09069444444444445
0.5
0.12166666666666666
0.1125
-0.1283333333333333
0.15000000000000002
-0.04698372615039282
0.09851190476190479
-0.05178571428571429
0.15
0.056795900178253124
0.2
0.27416666666666667
0.16
0.1259837962962963
-0.16666666666666666
0.29393939393939394
0.10055555555555556
0.20000000000000004
0.1
0.17301587301587304
0.09999999999999999
0.10212391774891776
0.03
0.06331018518518518
-0.05714285714285716
0.04148182064848731
0.2611111111111111
3.96508223080413e-18
-0.022685185185185183
0.1
0.0625
0.15918367346938775
-0.028787878787878786
0.041666666666666664
0.12343749999999999
0.4284722222222222
0.13928571428571426
0.11536111111111111
0.1619047619047619
0.0
-0.0935185185185185
0.125
0.0
-0.07142857142857142
0.0
-0.18166666666666667
0.5
-0.0014174737691686832
0.13857142857142854
-0.07125
0.05303571428571428
-0.1386309523809524
-0.125
0.18
0.025000000000000015
0.045718549127640035
-0.05604166666666666
0.30000000000000004
-0.1375
-0.08750000000000001
0.11687499999999999
0.0
0.24
0.15393939393939396
0.27999999999999997
0.009374999999999994
-0.40625
-0.017361111111111122
0.04333333333333334
-0.01925925925925926
0.050138888888888886
0.030000000000000006
0.0361111111111111
0.05333333333333334
0.052272727272727276
0.14375
0.42111111111111116
0.0005367317867317802
0.1265625
-0.09903799903799904
0.10238095238095239
-0.06547619047619047
0.04333333333333332
0.0037641723356009065
-0.2222222222222222
-0.0375
0.23981481481481481
0.20825487012987012
-0.1686507936507937
0.42000000000000004
-0.002817460317460314
-0.20999999999999996
0.045719618545705505
0.32499999999999996
-0.16296296296296292
0.16722222222222222
0.02272727272727273
-0.06014492753623187
0.030596440596440597
0.0875
0.012500000000000011
0.006779529993815715
0.13999999999999999
-0.2
-0.15555555555555559
-0.15555555555555559
-0.15138888888888888
-0.43333333333333335
0.16603641456582635
0.1777777777777778
0.12139804639804641
0.09869281045751632
-0.5666666666666667
-0.21749999999999997
-0.36
-0.15265151515151515
0.325
-0.20800000000000002
0.09999999999999999
0.3285714285714286
-0.2596354166666667
0.1761904761904762
-0.5
-0.32962962962962966
0.11
0.08825757575757576
0.2049825174825175
-0.020833333333333332
0.06333333333333334
-0.09583333333333333
0.057498955722639945
-0.024273989898989906
0.1421875
-0.15833333333333335
-0.275
-0.3
-0.22499999999999995
0.06984126984126984
0.053653846153846135
0.10714285714285714
-0.07092768719806763
0.4
0.01666666666666668
0.25
-0.21666666666666667
0.17857142857142858
0.17586831323438465
0.0
0.10000000000000003
-0.08179824561403506
0.1107142857142857
0.06431216931216933
-0.028571428571428564
-0.10414141414141415
0.11652958152958151
0.14910714285714285
0.07424242424242423
0.0033333333333333435
-0.11666666666666665
0.14952380952380953
0.18923160173160172
-0.32999999999999996
0.10047619047619048
-0.12678571428571428
0.17433035714285713
-0.030555555555555558
-0.07499298540965203
0.4
0.14375
0.02421052631578948
0.195
0.10301800472255018
0.04696969696969697
0.0787037037037037
0.11249999999999999
-0.07229960317460318
-0.16818181818181818
0.15
0.02222222222222224
-0.08441220238095237
0.03522727272727272
-0.008750000000000011
-0.235
0.02077454438565549
-0.109375
0.1825
0.1858893557422969
-0.0225
-0.39999999999999997
0.19523809523809524
0.3
0.20986394557823132
1.0
0.024999999999999984
0.30023809523809525
0.21743970315398883
0.16
0.0625
0.0
0.3333333333333333
0.06666666666666667
0.10177083333333331
0.17277777777777775
0.02037037037037037
0.04819680319680321
0.2006993006993007
0.25
0.05416666666666666
0.01499999999999999
0.09000000000000002
-0.011678004535147392
0.0
0.057638888888888885
0.075
0.029968102073365227
0.15504464285714287
0.1829109062980031
-0.027692307692307676
0.01666666666666667
0.04166666666666668
-0.5
0.23194444444444448
0.08301396316102197
-0.4666666666666667
-0.06499999999999999
0.12009209344115006
-0.275
0.07182539682539682
-0.31666666666666665
0.1875
0.29375
-0.06215277777777778
0.1358974358974359
-0.1
0.21979166666666664
-0.034960718294051646
0.5
-0.04209956709956709
-0.001360544217687078
0.04999999999999998
0.0
0.22222222222222224
0.06578282828282829
0.21666666666666667
0.02
0.08888888888888889
0.2
0.2583333333333333
0.09375
0.175
0.07500000000000001
-0.027380952380952374
0.6166666666666667
0.13333333333333333
-0.5
-0.0012566137566137415
0.11598039215686275
0.2
-0.1433333333333333
0.43333333333333335
0.0
0.26666666666666666
-0.06953125
0.02678571428571429
0.1223528439153439
-0.5
-0.42500000000000004
0.06666666666666667
0.05833333333333333
0.015209790209790203
0.15
-0.00588235294117645
0.044897959183673466
0.05541666666666666
-0.19035353535353536
0.0
0.15202380952380953
-0.15
0.13999999999999999
0.0
0.1319047619047619
0.05194805194805196
0.0
0.0
-0.051413690476190474
0.2443859649122807
0.0
-0.075
-0.05925925925925925
-0.075
0.07802341597796142
0.0
0.0
0.08611111111111112
0.0
0.052424242424242436
0.03035714285714286
-0.390625
0.27
0.13222222222222224
-0.125
-0.08333333333333333
0.2
0.0
-0.04816919191919192
0.1020414462081129
0.046666666666666676
0.06772959183673469
-0.22499999999999998
0.2333333333333333
0.2
0.09
0.6
0.19375
0.49529220779220784
0.033333333333333326
-0.19236111111111107
-0.15
0.08333333333333333
-0.049999999999999996
0.0010073260073260037
0.20000000000000004
0.0
0.15357142857142855
0.3454545454545455
-0.04553571428571429
0.03799019607843138
0.035119047619047605
0.4
-0.07839506172839508
-0.027272727272727264
0.1750401480240189
0.013611111111111107
0.25
0.19230769230769235
0.008112874779541444
0.10833333333333332
0.06666666666666667
0.23677142857142858
0.1375
-0.25
0.03773674242424242
-0.0625
-0.1449074074074074
0.04556451612903226
0.0002777777777777768
0.0
0.010714285714285692
0.0037931034482758495
0.14821428571428574
0.0
-0.033333333333333326
-0.06666666666666664
0.0659603851010101
-0.07341269841269843
-0.0875
0.0
-0.20729166666666668
0.27482142857142855
0.1
-0.1794444444444444
-0.1475378787878788
-0.06035289115646257
0.04
0.37408494825487015
-0.04305555555555555
0.013003663003663
-0.15694444444444444
0.0
-0.2
0.16904761904761909
0.10370370370370373
-0.10555555555555557
0.01725313693398799
0.14666666666666667
0.3081632653061224
-0.00861111111111112
0.008843537414965987
0.26
-0.1
0.159375
-0.0014835858585858324
0.06666666666666667
-2.7755575615628914e-17
-2.7755575615628914e-17
0.09074074074074072
0.16666666666666666
-0.004112554112554117
0.3066666666666667
-0.1846590909090909
0.2
-0.09722222222222221
0.35
0.04545454545454545
-0.02554347826086957
-0.00861111111111112
0.026893939393939397
0.15833333333333333
-0.06594387755102041
0.02272727272727274
-0.2525
0.0
-0.31666666666666665
0.0
0.45555555555555555
0.1088888888888889
0.425
0.425
-0.4
0.10999999999999999
0.015079365079365093
0.035150375939849626
0.016550925925925917
0.16999999999999998
-0.0625
0.0375
0.030000000000000006
-0.012857142857142855
0.17142857142857143
0.2875
0.011616161616161616
0.2
-0.125
0.1
0.027513227513227514
0.05892857142857143
-0.03333333333333333
-0.08499999999999999
0.015293847566574847
0.0
0.16666666666666666
-0.07667594902544352
0.2638888888888889
-0.012499999999999997
0.35
0.2479591836734694
0.033333333333333326
0.16686507936507936
0.30833333333333335
0.011666666666666659
0.16666666666666666
-0.15
0.45333333333333337
0.025000000000000005
0.125
0.5
0.08000000000000004
0.48333333333333334
0.3
0.01958333333333334
-0.08722943722943724
0.13153846153846155
-0.23333333333333336
-0.2710565476190476
0.06372549019607843
0.14505494505494504
0.0
-0.16666666666666666
0.01666666666666668
0.0869047619047619
0.1875
0.075
0.3012539682539683
0.07777777777777778
-0.5
0.10625
0.11399331662489556
0.0251351787327397
0.12
0.0
0.08888888888888889
0.16666666666666666
-0.125
0.33554027457757307
0.028124999999999983
-0.09166666666666667
0.10556818181818181
0.12255892255892255
0.05245098039215687
0.10089285714285713
-0.5
0.35
0.017763611727026358
0.017763611727026358
0.16666666666666666
0.13095238095238096
-0.3888888888888889
-0.12527272727272726
0.03478487886382624
0.26959183673469395
0.04687499999999999
-0.09528769841269842
0.041071428571428585
0.21528138528138527
0.35
0.01000000000000002
0.1
0.005454545454545459
0.24333333333333332
0.2
-0.11145833333333334
0.19444444444444448
-0.09833333333333333
0.035841836734693884
0.03500000000000001
0.04783298097251585
0.10714285714285716
-0.09999999999999996
-0.13779761904761903
0.125
0.13727272727272727
-0.050000000000000024
0.1
0.15293367346938774
0.175
0.0
0.2375
0.2666666666666667
0.27279411764705885
-0.01428571428571428
0.21725000000000003
-0.2
-0.4831949869791668
-0.06033057851239669
0.11325051759834369
0.09945887445887445
-0.3
0.0
-0.1148148148148148
-0.1
-0.09490740740740743
-0.09047619047619049
0.2
-0.005000000000000006
0.17692743764172336
-0.1125
-0.011488095238095242
0.1375
0.0
0.1166666666666667
0.225
0.0
0.175
-0.35
0.056198893698893713
-0.26666666666666666
0.08571428571428573
-0.024848484848484845
0.22031249999999997
0.15066666666666667
-0.02204775022956841
0.19285714285714287
0.22569444444444442
-0.0125
0.7666666666666666
-0.125
0.0
0.0
0.04462962962962962
-0.01964285714285714
0.16666666666666666
0.21579166666666666
-0.31333333333333335
0.45
0.2380952380952381
0.01970779220779221
0.11000000000000001
0.0175
0.1839285714285714
0.001623376623376622
-0.29375
0.09821428571428571
0.4444444444444445
0.01875
0.09497354497354497
-0.17291666666666664
0.3111111111111111
-0.007745098039215676
-0.10833333333333335
-0.2106060606060606
-0.31607142857142856
0.25
-0.009999999999999998
0.05819309163059164
-0.625
0.04164141414141414
-0.05952380952380952
0.27949907235621524
0.1498989898989899
-0.6
0.0816798941798942
0.17500000000000002
-0.04960317460317461
0.0
0.016666666666666663
0.12256220506220505
0.0710168454733672
-0.09111111111111111
0.17307692307692307
-1.850371707708594e-17
0.019166666666666665
0.03903508771929825
0.06190476190476191
0.25
0.08232782969063457
-0.29326923076923084
0.06875
0.13703703703703704
0.0
0.08125
0.10514705882352939
0.08333333333333333
0.19583333333333333
0.021666666666666667
0.30000000000000004
0.2333333333333333
-0.15
0.2
0.06388888888888888
0.125
-0.003995114185331581
-0.1259259259259259
0.16470588235294123
-0.13285714285714287
0.31999999999999995
0.16428571428571428
0.13356643356643358
-0.024999999999999994
0.2422222222222222
-0.04999999999999999
0.032948179271708684
-0.024999999999999994
-0.06428571428571432
0.03330578512396693
-0.06642857142857142
0.01431216931216931
0.2042892156862745
0.1370580808080808
-0.0008333333333333304
0.04097222222222222
-0.06500000000000002
-0.3
0.0852072310405644
0.36
0.0
0.2604166666666667
0.011111111111111108
0.11498316498316499
0.075
0.05284126984126985
0.23382352941176474
0.0023809523809523864
-0.359375
-0.29259259259259257
0.3333333333333333
0.0
0.35
-0.6000000000000001
-0.12000000000000001
-0.28333333333333327
0.0
0.06938775510204083
0.09589710884353742
-0.002210884353741497
-0.14285714285714285
-0.09234693877551019
-0.035141179403474485
0.05000000000000002
0.3
0.05750000000000001
0.10145454545454545
-0.20357142857142857
0.3055555555555556
-0.041666666666666664
0.10104166666666667
0.030018110152338323
0.057854554865424436
-0.29111111111111115
-0.06823308270676692
0.30833333333333335
0.17105263157894735
0.14500000000000002
0.21714285714285717
-0.18333333333333335
-0.16666666666666666
-0.03051948051948051
-0.08125
-0.06904761904761905
0.29554112554112555
-0.5
0.12269264069264069
0.06985085227272728
-0.1375
0.16
-0.04089962121212122
0.3
0.0879388528138528
0.06666666666666667
-0.09489795918367346
-0.041666666666666664
0.0
0.25
-0.005050505050505051
-0.0035416666666666444
-0.14857142857142855
-0.1
-0.11111111111111112
0.007895279323850743
0.27878787878787875
0.09484126984126984
-0.18312500000000007
0.0
-0.10666666666666667
0.17777777777777778
-0.07500000000000001
0.35
0.062499999999999986
-0.016666666666666663
-0.19615384615384615
0.009523809523809514
0.39999999999999997
-0.04513888888888889
0.06666666666666665
-0.0625
0.0
0.08222185086155673
-0.1111111111111111
0.0
0.047701590401785725
0.1787878787878788
-0.03749999999999999
0.0
0.15671428571428575
0.0
-0.0933673469387755
0.0074074074074074086
-0.4166666666666667
0.0
0.1624950241329552
-0.175
0.175
-0.18
0.1537878787878788
-0.23750000000000002
-0.13999999999999999
0.0
0.15000000000000002
0.10044444444444448
0.0
0.5
-0.16458333333333336
0.16666666666666666
0.41
0.27777777777777773
0.3
-0.008529900332225913
-0.13333333333333333
0.08051948051948052
-0.037500000000000006
-0.25
-0.06741419255710412
-0.029166666666666688
0.3
0.11643709825528008
0.1375
0.2333333333333333
0.2
0.09416666666666666
-0.007706763594861016
-0.05210301147801146
-0.03366960074808911
0.12142857142857141
0.24523809523809526
0.09776216497527973
-0.016983791402396056
0.0037499999999999942
0.10685131195335279
0.14010416666666667
0.07678571428571429
0.2111111111111111
0.14266256671018573
-0.33888888888888885
-0.11333333333333333
-0.16666666666666666
0.1399122807017544
0.0
0.037395833333333336
-0.013505747126436787
-0.034859584859584875
0.13106060606060607
-0.13333333333333333
-0.22291666666666665
0.020512820512820527
0.2786666666666667
-0.15208333333333332
0.09523809523809525
0.08464646464646464
0.04236111111111112
0.008980654761904761
0.04965277777777779
0.17619047619047618
0.08663419913419916
0.2
0.22796717171717165
0.07222222222222223
0.3
-0.06666666666666667
0.0
0.03749999999999999
0.35
0.0
0.15
0.1722222222222222
0.08499999999999999
-0.1
0.2
-0.005584415584415558
0.44999999999999996
-0.18
-0.2
-0.16666666666666666
-0.193
0.2
0.08624338624338623
0.09523809523809525
0.26666666666666666
0.07301587301587303
0.0
0.03480489417989418
-0.07395833333333333
-0.3333333333333333
0.0
0.09583333333333337
0.1568181818181818
0.1640740740740741
-0.04999999999999997
0.022222222222222237
-0.2475
0.09916666666666667
0.07685185185185185
0.09116950757575754
0.14896103896103896
-0.05870535714285714
-0.04166666666666663
0.07952380952380952
0.22
0.002777777777777768
0.041666666666666664
0.10833333333333335
-0.1125
0.18285714285714283
0.005555555555555542
0.10024587985114301
0.1409090909090909
0.08425000000000002
0.022499999999999985
-0.2
0.033333333333333326
0.0
0.04999999999999999
0.0
-0.14444444444444443
0.05833333333333334
0.029259259259259256
0.1875
0.0590909090909091
0.1
-0.2833333333333333
-0.00833333333333334
0.09764111705288175
-0.008333333333333331
0.625
0.1
0.3777777777777777
-0.04999999999999997
0.08333333333333333
-0.016928854875283443
-0.16499999999999998
0.0
0.01
0.26749999999999996
-0.04027777777777777
0.25
0.03452380952380953
0.027142857142857142
-0.3333333333333333
-0.07200000000000001
-0.10183080808080809
0.2
0.04583333333333334
0.0008181818181818105
0.1449945132028465
0.0773809523809524
0.11155753968253967
-0.025
0.3285714285714286
0.034166666666666665
0.15000000000000002
0.026895551257253382
0.06363636363636363
0.03166666666666667
-0.04999999999999999
-0.07500000000000001
0.12666666666666665
0.22999999999999998
0.08072916666666667
0.13033730158730156
0.0
0.22308802308802309
0.22308802308802309
0.05371031746031745
-0.020454545454545472
0.1130952380952381
-0.018542568542568545
-0.2
0.10878237259816209
-0.42500000000000004
0.011711640211640204
-0.008333333333333323
0.0558843537414966
0.2125
0.12424242424242427
0.29178571428571426
0.023333333333333327
0.2
0.33333333333333337
0.41111111111111115
-0.45
0.0369047619047619
0.05333333333333334
-0.0011363636363636391
0.19732142857142856
0.2
0.20860088985088987
0.0007169312169312121
-0.21666666666666667
-0.13177083333333334
0.39999999999999997
-0.4017857142857143
0.030000000000000006
-0.12999999999999998
0.009523809523809509
0.0
0.09428571428571428
0.09285714285714282
0.09743589743589744
0.0
-0.275
0.04595959595959596
-0.2875
-0.05
-0.03333333333333333
0.11139423076923076
-0.09116666666666666
0.03787878787878788
0.1416666666666667
-0.5125
0.0360479797979798
0.16666666666666666
-0.02614942528735632
-0.25999999999999995
0.009523809523809526
0.2
-0.0375
-0.13373015873015873
0.0
0.03020833333333335
0.13999999999999999
-0.11232638888888885
-0.013068181818181803
0.17916666666666667
0.25
-0.5
0.25
0.4
0.030357142857142853
0.13696969696969702
-0.025000000000000022
0.003124999999999989
-0.019280256780256782
-0.007407407407407422
0.07422664141414141
0.00381652661064427
0.16999999999999998
0.0
0.0
0.1
-0.021944148747427436
-0.125
0.05416666666666667
0.03261904761904762
0.0
-0.16666666666666666
0.07777777777777778
-0.05856481481481479
-0.228125
0.35
0.026813186813186826
0.2
0.0
0.1613636363636364
0.06977272727272726
-0.0012242965367965323
-0.07000000000000002
-0.05116201699535036
-0.08125000000000002
-0.25
0.022693452380952397
0.215625
0.052664783427495296
0.0685897435897436
0.375
0.17777777777777778
0.25999999999999995
0.032666666666666684
0.08892045454545454
0.19166666666666668
0.0625
0.037500000000000006
0.20500000000000002
-0.37333333333333335
0.01428571428571429
-0.24
0.044444444444444446
0.09375
0.11357142857142857
0.2
0.011144179894179887
0.07083333333333335
0.12488636363636363
0.24
0.0
0.058750000000000004
0.1
-0.049999999999999996
-0.046333333333333344
-0.06904761904761905
-0.13518518518518519
-0.2791666666666667
0.09375
0.030729166666666675
-0.07142857142857142
0.11602597402597403
0.5
-0.06666666666666668
-0.03125
-0.17500000000000002
0.65
-0.01851851851851852
0.14888888888888888
-0.014117647058823542
0.09252570346320346
0.1
0.18849206349206352
0.2361111111111111
0.09925213675213677
0.17937499999999998
0.05
-0.0009380622806548719
0.08958333333333335
0.13219298245614036
0.11333333333333334
-0.017261904761904766
-0.002380952380952368
-0.14096764346764343
0.06289473684210527
0.05667266407062327
0.08981092436974791
-0.06272321428571428
-0.06910919540229885
-0.08333333333333336
0.11613029827315542
-0.3
0.03425925925925925
0.18303030303030307
-0.034537457912457915
0.11305555555555558
0.030871212121212133
0.05961538461538461
0.2
-0.0803921568627451
0.026250000000000002
0.16910493827160497
-0.16666666666666666
0.12916666666666665
0.0
0.034821428571428566
0.025
-0.2
-0.2541666666666667
0.09291666666666666
0.06999999999999999
0.0530808080808081
0.003958793906710569
0.325
0.14375
0.049074074074074076
0.10254157218442929
-0.031136096413874197
-0.001041666666666663
-0.03761904761904763
-0.13701197691197692
0.2333333333333333
0.075
0.04529761904761904
0.25
-0.004310344827586207
0.03214285714285714
-0.29791666666666666
0.14106563421828905
0.0005102040816326592
0.056172839506172856
-0.08541666666666665
-0.026041666666666657
-0.2714285714285714
-0.19999999999999996
0.10892857142857142
-0.025139146567717985
-0.1416991610539997
0.05333333333333334
0.23749999999999996
0.3
0.1889393939393939
0.07678571428571429
0.10208333333333333
0.2
0.04012345679012346
0.0
0.2726190476190476
0.21930272108843535
0.049999999999999996
0.13999999999999999
0.5
-0.09375
-0.06818181818181818
-0.011111111111111117
0.1875
-0.06249999999999998
0.10000000000000002
0.16875
0.059494949494949496
0.07261904761904761
-0.13333333333333333
0.05768707482993198
0.19791666666666669
-0.24404761904761907
-0.06743303571428573
0.06597701149425286
0.11481481481481483
0.09296526340004602
0.021428571428571432
-0.020075757575757566
-0.55
0.27414965986394557
0.18931159420289853
0.33125
-0.02283950617283951
-0.4611111111111111
-0.2727272727272727
-0.016666666666666673
0.186525974025974
0.13435185185185183
0.013690476190476189
0.00833333333333334
-0.2894383394383394
0.14107142857142857
0.031632653061224494
-0.07916666666666666
-0.0825757575757576
0.2833333333333333
-0.104306891025641
0.040000000000000015
-0.44999999999999996
-0.15300751879699245
0.05384615384615384
0.4228571428571429
-0.005555555555555554
0.14107142857142857
-0.0011160714285714385
0.13333333333333333
-0.05999999999999996
0.17866666666666667
0.19166666666666668
-0.14791666666666667
-0.27878787878787875
-0.02440476190476189
0.1857142857142857
0.0
0.35
0.08106368563685637
0.2
0.1811111111111111
0.08095238095238097
-0.03492346938775511
-0.047142857142857146
0.23111111111111113
-0.04999999999999999
-0.15
0.2333333333333333
-0.05750915750915749
-0.07599067599067601
0.06666666666666667
-0.359375
0.0695641479732389
-0.2672307692307692
-0.00833333333333335
0.4366666666666667
-0.25
-0.22499999999999998
0.19
0.04999999999999999
0.07500000000000001
0.05204475308641976
0.203125
0.07614267676767678
-0.2
0.26363636363636367
-0.22678571428571423
0.05492424242424243
-0.25384615384615383
0.08333333333333334
0.2583333333333333
-0.033333333333333326
0.3458333333333334
-0.05
0.07088709677419358
-0.0628125
0.19308035714285715
0.039999999999999994
0.2333333333333333
-0.010416666666666671
0.18000000000000002
0.0
0.09047619047619047
0.14047619047619048
-0.35333333333333333
0.22208994708994712
0.21727272727272728
-0.061114718614718615
0.2375
-0.12250000000000001
-0.26666666666666666
0.10833333333333334
-0.004999999999999982
0.0
0.017439703153988885
-0.25
0.1469387755102041
-0.03333333333333333
0.04289992952783649
0.4
-0.027655677655677634
0.2
-0.1789285714285714
0.16249999999999998
0.15000000000000002
0.11363636363636362
-0.038591269841269815
0.09023232323232323
0.0
-0.08499999999999999
-0.125
0.10714285714285714
0.25
0.18149825783972126
-0.20583333333333337
-0.00955086580086581
0.12833333333333333
0.24423076923076922
0.11090909090909092
-0.12095238095238094
-0.03286526965098394
0.14803685897435898
-0.5
0.16666666666666669
-0.13813131313131316
0.29734848484848486
-0.02749999999999998
0.07562500000000001
0.03352693602693603
-0.26666666666666666
0.10901913875598086
-0.025011325883418905
0.12098214285714286
-0.010555555555555556
0.07953125
0.1005050505050505
0.07458333333333333
0.08904401154401155
0.13108024691358025
0.050515873015873014
0.25
-0.04454545454545454
-0.032638888888888884
0.08904997176736307
-0.0142857142857143
-0.011733405483405492
0.0541210752848684
0.061923076923076956
0.32
0.08584183673469388
-0.09166666666666667
0.18333333333333335
0.019013798701298715
0.09000000000000001
0.019
-0.005345528455284549
0.03333333333333333
-0.038541666666666675
0.1335897435897436
-0.022500000000000006
0.06313661086388361
0.028124999999999997
-0.5
0.25593333333333335
0.052083333333333336
0.31969696969696976
0.04999999999999999
0.13777777777777778
0.21212121212121213
0.2007936507936508
1.0
0.03409090909090909
-0.049999999999999996
0.0
0.1375
0.21753246753246752
0.17045454545454544
0.15833333333333333
0.1619047619047619
-0.0384259259259259
-0.033333333333333326
0.12916666666666665
0.11382813852813854
0.1275482093663912
-0.14687499999999998
0.08846153846153845
-0.495
0.1541871185816498
0.025
0.048888888888888885
0.0
0.1775
0.1
-0.08333333333333333
0.275
0.00835858585858586
-0.16999999999999998
-0.26
-0.19333333333333333
0.16298160173160176
-0.01547619047619047
-0.01822222222222222
-0.028246753246753232
-0.15999999999999998
0.01010101010101009
0.30654761904761907
-0.3666666666666667
0.3321428571428572
0.06224358974358974
-0.03992753623188406
-0.018357142857142864
-0.16526785714285713
0.24484848484848482
-0.19642857142857145
0.0
0.12662037037037036
-0.006925925925925928
0.09259259259259262
0.051798556998556976
-0.04999999999999996
0.10666666666666669
0.0
0.125
0.35
0.11666666666666668
0.15
-0.3333333333333333
-0.0236111111111111
0.01263888888888889
0.2998015873015873
0.003214285714285725
0.3177777777777778
0.17142857142857143
0.0
-0.2354166666666666
0.05000000000000001
0.26749999999999996
0.004380341880341882
0.016953262786596132
0.20153061224489793
-0.052450980392156864
0.17575187969924816
0.007196969696969682
0.0
0.14905612244897956
0.009999999999999998
0.05255102040816327
0.10718571428571429
-0.018750000000000017
0.0
-0.04902777777777776
0.2
0.09310245310245312
0.10706937095825984
-0.5499999999999999
0.006597222222222223
0.2875252525252525
-0.042336309523809526
0.44999999999999996
0.125
0.0
-0.004166666666666652
-0.2
-0.03826530612244898
-0.18973214285714285
0.025000000000000005
0.25
0.075
-0.4
-0.11250000000000004
0.0172138047138047
0.31428571428571433
0.10833333333333334
-0.25
0.04361471861471861
0.041785714285714294
0.2113636363636364
0.5266666666666666
0.20458333333333337
0.17372857494808716
0.11666666666666665
0.0
0.225
0.0
0.10717876039304605
0.07101934523809524
0.625
0.03793650793650793
0.13866666666666666
0.2285714285714286
0.045588235294117645
0.14976190476190476
-0.032521645021645014
0.0686737504919323
-0.026136363636363638
0.02607142857142857
-0.14666666666666667
0.0
0.13958333333333334
-0.02523148148148149
0.12589285714285714
0.4010416666666667
0.07271825396825393
0.20735294117647063
-0.007894736842105265
0.06484287317620649
-0.048941798941798946
0.05671875
0.25833333333333336
0.15110192837465564
0.11435185185185187
0.10312500000000002
0.16666666666666666
-0.09999999999999999
0.525
-0.24361111111111108
0.21184981684981688
0.10616496598639456
0.275
0.06792647456709955
0.16666666666666666
0.08182923707117254
-0.18333333333333335
-0.00763888888888888
0.1453703703703704
0.015942028985507242
-0.036276455026455046
0.10407575757575756
0.3530303030303031
0.16666666666666666
0.5666666666666667
0.06547619047619047
-0.16333333333333333
0.2
-0.45454545454545453
0.018333333333333333
-0.1782312925170068
-1.0
0.5
-0.26666666666666666
0.19
0.09618205868205867
0.11239669421487603
0.24722222222222223
0.0
0.2
0.2976190476190476
-0.12222222222222223
-0.3503401360544217
0.057199134199134215
-0.08750000000000002
-0.05166666666666666
-0.05185185185185185
0.17200000000000001
0.0
0.13500000000000004
0.2875
0.10317460317460318
0.0
0.15
0.075
0.25555555555555554
-0.07500000000000001
0.22499999999999998
-0.049999999999999996
-0.05729166666666666
0.38
0.023637529137529138
-0.0471957671957672
0.65
0.06333333333333332
0.12465437788018432
-0.09999999999999999
0.03888888888888889
0.265625
0.3287878787878788
0.21900252525252523
0.041361607142857144
0.0225
-0.11249999999999999
-0.049999999999999996
0.18600490196078434
0.2
-0.11190476190476191
0.19081632653061223
-0.25
0.11284313725490196
-0.13333333333333333
0.2733333333333334
0.5
0.1213365243004418
0.34659090909090906
0.006704545454545454
-0.05
-0.125
0.3509307359307359
0.10719246031746033
0.1072489848652639
-0.025
0.08474453178400546
0.007146278051450463
0.005454545454545478
0.042857142857142864
0.01153846153846155
-0.0777777777777778
0.19687500000000002
0.2
0.11450216450216452
0.15833333333333333
0.004807692307692299
0.06666666666666667
0.1919642857142857
0.27708333333333335
0.3
0.186734693877551
0.10999999999999999
0.048314668423364064
0.10000000000000002
0.06808373917748917
0.125
-0.2833333333333333
0.16545454545454544
0.023333333333333317
0.1
0.12727272727272726
0.06458333333333337
0.1518518518518519
0.0697210743801653
-0.04499999999999997
-0.19682539682539685
-0.015625
0.04814814814814815
0.02916666666666667
0.08630952380952382
0.296875
-7.709882115452476e-18
-0.16666666666666669
0.05004631776953205
0.14167650531286896
0.13333333333333336
0.14583333333333334
0.19230769230769232
0.1
-0.125
0.1527777777777778
0.10714285714285714
0.3
0.34285812672176313
0.04276315789473686
-0.0625
0.06666666666666665
-0.014584736251402917
-0.0619047619047619
0.07534391534391534
0.09166666666666665
0.19107142857142856
-0.02652691511387164
0.14981684981684984
0.05833333333333333
0.2828571428571428
0.05585248085248085
0.0
-0.009000000000000003
0.0
0.2
-0.25
0.008333333333333338
-0.2125
-0.24
-0.01916666666666667
0.2
1.0
0.2
0.013678571428571451
0.16984126984126982
-0.021249999999999995
0.04618407578084997
-0.2333333333333333
0.41704545454545455
0.09629225455614343
-0.3333333333333333
-0.29000000000000004
0.15227272727272725
0.06818181818181818
0.1
-0.08333333333333334
0.3
0.026515151515151512
0.040902777777777774
-0.08743506493506495
0.07333333333333333
0.025059523809523802
0.03609022556390978
-0.14662202380952383
-0.08888888888888885
-0.16565656565656564
0.040320910973084885
0.0
-0.45357142857142857
0.21428571428571427
0.0890625
0.0046785714285714295
-0.3458333333333333
-0.00833333333333334
-0.4
-0.50625
0.10833333333333334
-0.05263414217361586
-0.040956761492475784
0.10625000000000001
-0.2675275482093664
-0.09285714285714287
0.09401360544217688
-0.031091527520098958
0.145
0.15586274509803924
-0.3333333333333333
0.14852941176470585
0.17272727272727273
-0.04772727272727273
0.13166666666666668
0.27730654761904766
-0.042499999999999996
-0.33333333333333326
0.11027667984189722
0.0
-0.06276041666666668
0.06904761904761904
-0.12721560846560845
0.1875
0.3499999999999999
-0.060814814814814815
-0.05345052083333333
0.31428571428571433
-0.021626984126984133
0.11388888888888889
0.0
0.11666666666666668
-0.0875
0.125
-0.5
-0.06666666666666667
0.2857142857142857
-0.022857142857142864
0.03571428571428571
0.1733333333333333
-0.004849883676414282
-0.1
-0.15
0.031999999999999994
0.08024039316847535
0.06022727272727273
-0.045312500000000006
0.35
-0.26666666666666666
0.0
-0.21458333333333332
0.1
0.1142857142857143
0.08671294714057873
0.203125
0.2833333333333334
0.049999999999999996
0.0793915343915344
0.08442307692307693
0.0994326636904762
-0.5
0.03555555555555556
0.09687499999999999
0.06931818181818182
0.17142857142857146
0.2520408163265306
-0.07500000000000001
0.10373333333333333
0.08671536796536795
-0.16785714285714287
-0.05285714285714286
0.1272187027065076
0.1882716049382716
-0.08472222222222223
0.004050925925925934
0.11450617283950616
0.175
0.125
-0.2916666666666667
-0.02679738562091503
0.040384615384615366
0.14583333333333331
0.010079365079365087
0.11666666666666665
0.1875
0.43333333333333335
0.09867063492063491
-0.11000000000000001
-0.6
0.059999999999999984
0.040000000000000015
-0.2057142857142857
0.10063538611925707
0.17857142857142858
-0.004718271903286113
0.06444444444444444
-0.3
0.041666666666666664
0.1875
-0.25
0.09249999999999999
-0.04999999999999999
-0.13
0.0879340277777778
0.26
0.10882352941176472
-0.1106227106227106
0.3
0.2123376623376623
0.014976689976689977
0.09884259259259259
0.04827053429027114
-0.29374999999999996
-0.5
-0.1785123966942149
-0.1
-0.025802139037433173
-0.4
-0.06944444444444445
0.03086124401913876
0.0
0.1346103896103896
0.18322161709258483
0.34
0.14223985890652557
0.16238095238095238
0.10635416666666668
0.3625
-0.8
0.0
0.06842105263157892
-0.28
-0.3416666666666667
0.1
0.03055555555555554
1.0
0.03968749999999999
0.0
-0.23645833333333333
0.0
0.04993993993993997
0.0938888888888889
0.10083333333333333
-0.10000000000000002
-0.09227272727272728
0.22000000000000003
0.30833333333333335
0.12045454545454545
0.013541666666666674
-0.17243867243867245
0.06436181006493505
0.09705882352941178
0.08265639589169002
0.2
0.05
0.0
-0.015138888888888896
0.275
-0.24166666666666667
-0.030000000000000006
0.1291269841269841
0.0774537037037037
0.012608695652173907
-0.33999999999999997
0.06666666666666667
0.11212121212121212
0.10416666666666669
0.12083333333333335
0.01772959183673469
0.03437500000000004
0.425
0.08
0.4227272727272727
-0.12272727272727271
-0.16666666666666666
0.28660714285714284
-0.019999999999999997
0.2111111111111111
0.03657407407407407
-0.15
0.29606481481481484
0.10138888888888888
-0.5
-0.005952380952380955
0.0842687074829932
0.48333333333333334
0.024999999999999994
-0.06348484848484848
0.0
-0.30000000000000004
0.0
0.019444444444444448
-0.07187500000000001
-0.16077050264550272
0.014335664335664347
-0.05371572871572874
-0.06416666666666665
0.09523809523809525
-0.11164021164021164
0.125
0.13382936507936508
0.3757575757575758
0.06587301587301585
0.03424036281179138
-0.20285714285714285
0.059999999999999984
0.15
-0.075
-0.00277777777777778
0.22292929292929292
-0.03204633204633204
0.22254901960784315
0.0
-0.05000000000000001
-0.11965811965811968
0.050000000000000044
-0.050462962962962966
-0.2
0.08861145574855252
0.04999999999999997
0.1610164835164835
0.005555555555555558
0.09037037037037034
0.0
-0.00839826839826841
0.014444444444444423
0.022048611111111102
0.08333333333333333
0.07864152892561983
0.5
0.25
-0.026060606060606083
0.1416666666666667
0.013446969696969707
-0.1111111111111111
0.1044131794131794
0.13939393939393938
0.05712885154061626
0.0
0.05522486772486772
0.26222222222222225
0.24666666666666665
-0.033333333333333326
0.18995370370370376
0.01632323232323232
-0.17142857142857146
0.11075268817204302
0.001164021164021179
0.22727272727272727
0.2125
0.06647727272727273
0.12500000000000003
-0.05952380952380953
0.10204678362573101
0.04750000000000001
0.23349999999999996
0.04146329365079364
0.04083333333333332
0.14953703703703705
0.10555555555555556
0.0
0.0
0.026666666666666707
0.16666666666666669
0.11296296296296296
0.11998106060606059
0.0
0.20404040404040405
0.2619047619047619
-0.2
0.1571428571428571
0.11666666666666665
-0.12222222222222223
-0.125
0.006666666666666675
0.010439560439560437
0.019813519813519826
0.17559523809523808
-0.012121212121212116
1.3877787807814457e-17
0.1686147186147186
0.20714285714285713
0.08448067632850241
1.0
0.12045454545454547
-0.49999999999999994
0.03333333333333334
0.0
0.12321428571428572
0.21250000000000002
0.2333333333333333
0.19675925925925927
0.04166666666666667
-0.3
0.0
-0.09999999999999999
0.0
0.25
0.1419570707070707
-0.10763888888888891
0.1259259259259259
0.20476190476190478
0.08472222222222221
0.125
0.13465608465608464
-0.025
0.15625
-0.16666666666666663
-0.13809523809523805
0.4
-0.008333333333333349
0.12671717171717173
-0.07958333333333333
0.20833333333333334
0.15625
0.1708333333333333
0.1515873015873016
0.033928571428571426
0.012
0.18333333333333332
0.09384353741496601
-0.35
0.14714285714285713
0.26666666666666666
0.16354166666666667
0.0
0.0884920634920635
0.022881136950904393
0.052222222222222225
0.1
0.044761904761904774
0.06579131652661065
0.12142857142857143
0.22142857142857145
0.16507936507936508
0.25000000000000006
0.3729166666666667
0.3
0.027314814814814823
0.05909090909090908
0.0
0.23888888888888893
