0.0
0.14166666666666666
0.09623894623894623
0.10004897528631705
0.1833333333333333
0.09425595238095238
0.0
0.13333333333333333
-0.04999999999999999
0.03397435897435897
0.15069444444444444
-0.07899404761904756
-0.03402777777777778
-0.014505441876131528
0.15185185185185185
-0.3
0.12040229885057471
-0.05555555555555555
0.028005799232214332
0.16666666666666666
0.08219298245614035
0.08999999999999998
0.11510416666666665
0.027759740259740272
0.01670000000000003
0.2434375
-0.047420634920634926
0.16135531135531134
0.2
-0.0888876304573979
0.25
0.019163763066202103
0.0050000000000000044
0.09775641025641027
-0.053125000000000006
0.22714285714285715
0.0
0.35
-0.05000000000000001
0.05
-0.0271969696969697
-0.04070175438596491
-0.029761904761904757
0.05659340659340659
0.35
0.06122448979591836
0.125
-1.0
0.12222222222222223
-0.024999999999999998
0.016666666666666663
0.05944822373393802
0.13333333333333333
-0.022202380952380946
0.15
0.25
-0.03285714285714286
-0.25
0.2053030303030303
0.1142307692307692
0.35
0.13071428571428567
0.476
0.21327160493827158
0.08759398496240603
-0.45000000000000007
0.0
0.0
-0.9
0.01374999999999999
0.010714285714285723
-0.08763736263736263
0.0
-0.14125
0.0
0.0
0.21083333333333334
0.0
0.5
0.08863636363636364
-0.024537037037037038
0.030000000000000006
0.07222222222222222
0.2723746081504702
0.21984126984126987
0.26607142857142857
-0.35624999999999996
-0.19999999999999996
0.11428571428571428
-0.26000000000000006
0.04166666666666668
0.03263888888888889
-0.04583333333333332
0.15357420357420357
0.0
0.025000000000000005
0.01911764705882353
-0.09000000000000001
0.1571428571428572
-0.04580510069640503
-0.9375
-0.0937950937950938
0.08783333333333333
-0.15
-0.1
0.2485569985569986
0.00151515151515152
0.5
0.11666666666666665
0.08587962962962964
0.22916666666666669
0.06246031746031745
-0.5
0.0493095238095238
0.04583333333333334
-0.2583333333333333
0.06801724137931034
0.01692307692307693
-0.2625
0.0
0.05000000000000001
0.0
0.5
0.037500000000000006
0.225
0.09285714285714285
-0.10277777777777779
0.06821428571428571
0.20595238095238094
0.10714285714285714
0.14857142857142858
0.12756410256410258
0.14920634920634923
0.30277777777777776
-0.18055555555555558
0.10714285714285714
0.25
0.45
-0.014583333333333337
-0.2916666666666667
0.0
-0.13030303030303028
0.3142857142857142
0.054684873949579826
0.0
-0.14561688311688312
0.03803418803418804
-0.1
-0.07124125874125875
-0.25757575757575757
0.08333333333333333
0.025625
-0.016666666666666663
-0.153125
-0.18333333333333326
0.023693568336425483
0.10785256410256408
0.175
-0.5
0.13287037037037036
0.07361111111111111
0.17433862433862435
-0.08607638888888887
-0.13333333333333333
0.13101190476190477
0.04631583694083695
0.0
0.35
0.07
0.0
0.002916666666666661
-0.375
0.02391304347826087
-0.15285714285714286
0.14081632653061224
0.07272727272727274
0.0
0.09333333333333332
-0.00104166666666667
0.15
0.07477522477522477
0.016588423921757252
-0.07545787545787547
0.2111111111111111
0.175
0.21533333333333338
0.25
0.1480421584588251
0.15
0.125
-0.06666666666666667
-0.030797619047619063
-0.17
-0.06430288461538461
-0.3
0.1446311858076564
0.10884009009009007
0.09772727272727272
-0.3125
0.049038634321653216
0.20833333333333334
0.30796296296296294
0.023214285714285715
0.04338624338624337
0.35
0.2833333333333333
-0.05661157024793386
-0.024999999999999994
0.2236607142857143
0.020052083333333325
0.06949999999999999
-0.25
0.026666666666666672
0.014285714285714282
0.01666666666666668
0.1262363834422658
0.01962962962962963
0.06249315818281334
0.2
0.1
-0.11428571428571428
0.04166666666666666
0.4285714285714286
0.08249999999999999
0.041666666666666685
0.06798611111111112
0.2791666666666667
-0.2708333333333333
-0.14047619047619048
-0.24999999999999992
-0.030000000000000013
-0.2833333333333333
0.2857142857142857
0.010999999999999996
-0.09154621848739494
0.2
0.09519533571004157
0.14674242424242426
0.0
0.01309523809523809
0.0
0.16547619047619047
0.01180555555555556
-1.0
0.1886363636363637
0.10333333333333333
0.07886220580186097
-0.30000000000000004
0.006349206349206347
-0.12430555555555557
0.09083333333333335
-0.14166666666666666
0.06428571428571428
-0.17500000000000002
0.2
0.1
0.12
0.188956228956229
0.35833333333333334
-0.43333333333333335
-0.1
-0.08125000000000002
0.1062937062937063
0.20017825311942958
0.062037037037037036
-0.5333333333333333
0.027945570689473138
0.13152090816984432
-0.5
0.08783820346320345
0.19777930402930408
0.11348979145854148
0.04155483405483407
0.16666666666666666
0.17173913043478264
0.11805555555555555
-0.04112076648841353
0.24444444444444446
0.11666666666666665
0.1
0.06785714285714287
0.14409722222222227
0.2
0.375
0.03998316498316498
0.008241758241758238
-0.12142857142857144
-0.11083333333333334
0.06725731546934077
0.040625
0.09833333333333334
0.017361111111111105
-0.15166666666666667
-0.12275
0.2137272727272727
4.7580986769649563e-17
0.2
-0.00781934996220711
-0.3333333333333333
0.15833333333333335
0.11497252747252745
-0.4
-0.28125
-0.23749999999999996
0.2976190476190476
0.1983333333333334
-0.10000000000000002
0.4666666666666667
0.18541666666666665
0.016666666666666663
0.11926114890400605
-0.07500000000000001
0.03166666666666666
0.16874999999999998
-0.008402777777777775
0.03153846153846155
0.09861111111111111
0.14687499999999998
0.13427035330261136
0.1
0.17756410256410257
-0.004074074074074068
0.046363636363636364
0.0
0.6
0.09404761904761905
0.09732142857142859
0.08874458874458874
0.22999999999999998
0.03619601328903654
0.09107142857142857
0.05648148148148149
0.16102777777777774
-0.15363756613756616
0.025
0.5
-0.041666666666666664
0.006666666666666665
-0.08470588235294114
0.08231292517006802
-0.05
0.06376488095238098
-0.01041666666666665
0.005543650793650787
-0.08333333333333333
0.1858518862090291
0.057841269841269846
0.019831730769230754
-0.125
-0.2619047619047619
-0.16
-0.09702380952380953
-0.09388480392156862
0.041666666666666664
0.2839285714285714
0.01867895545314899
0.5
0.45999999999999996
0.05083333333333335
0.07976190476190476
0.0728965830231653
0.06
0.0
-0.1202380952380952
0.12961538461538463
-0.07142857142857142
0.0
-0.024090909090909086
-0.2813333333333333
0.11388888888888889
0.060714285714285714
-0.03736694677871147
-0.052166666666666674
0.07500000000000001
0.175
0.050974025974026
0.1650462962962963
0.16100131752305663
0.10416666666666667
0.1833333333333333
0.2325757575757576
-0.062444727891156473
-0.07697285353535355
0.057999999999999996
0.08809523809523809
0.06493506493506493
0.07500000000000001
0.19750000000000004
-0.10277777777777776
0.07500000000000001
-0.15
-0.07333333333333335
0.13166666666666665
0.14018723664156363
0.0801948051948052
0.1
-0.013333333333333294
-0.013333333333333294
0.1
0.3778409090909091
-0.016111111111111093
0.18512396694214875
0.1871924603174603
0.0947860962566845
-0.14791666666666664
0.13999999999999999
0.08000000000000003
0.35
0.01825396825396825
0.16250000000000003
-0.015277777777777782
0.25555555555555554
-0.02857142857142858
0.10083774250440918
0.10833333333333334
0.18543082611832612
0.031071428571428573
0.20357142857142857
-0.0659090909090909
-0.014732142857142867
-0.0020346628679961953
0.15904761904761905
-0.05833333333333333
0.18814814814814815
0.10747474747474747
0.15833333333333333
-0.062121212121212126
0.09305900621118013
0.1962719298245614
-0.03939393939393939
-0.2416666666666667
0.3
-0.13749999999999996
-0.029166666666666674
0.0
0.009722222222222228
0.018562484968734996
0.07809523809523809
-0.02196969696969697
0.06785714285714287
0.14285714285714285
0.11405723905723907
-0.020833333333333332
0.08319017949859071
-0.07607458829049737
0.06664987311539036
0.06664987311539036
0.06664987311539036
0.0638888888888889
0.45
0.009127946127946126
0.15
0.12317670262342398
0.11575014854426618
0.06782531194295902
-0.09375
-0.20624999999999996
-0.02043415521676393
0.18333333333333335
0.1
0.0
0.06707070707070707
-0.17843406593406597
-0.1742857142857143
0.5
0.13423280423280423
-0.009999999999999998
0.014784226190476178
0.3011904761904762
-0.009090909090909078
0.10804924242424238
0.24166666666666667
-0.13431372549019605
-0.16
-0.16904761904761909
0.057999999999999996
0.005897435897435904
-0.175
0.5
0.1
0.36388888888888893
0.016666666666666646
0.14285714285714285
0.10852130325814538
0.0
0.10833333333333334
0.0
0.1015625
0.07148692810457516
0.0
0.16964285714285715
-0.07323242187499998
0.19196428571428573
0.02222222222222222
0.10500000000000001
-0.1064102564102564
0.0
0.12710055096418735
0.7
-0.02291666666666667
-0.10104166666666665
-0.08333333333333334
0.11999999999999997
-0.33636363636363636
-0.19999999999999998
0.09314814814814815
-0.12962962962962962
-0.049999999999999996
0.06443181818181819
0.0
0.2
0.35
0.1
0.09597619047619048
-0.18214285714285713
0.2333333333333334
-0.03333333333333333
-0.25
0.07791666666666666
-0.23333333333333336
0.1357142857142857
0.006649831649831656
-0.09615384615384616
-0.10793650793650797
0.015994897959183674
0.0
-0.275
0.061581196581196575
0.325
-0.011111111111111108
-0.08888888888888886
0.20714285714285713
0.024322017268445826
0.011941558441558446
-0.025549450549450545
0.18675213675213678
0.037391774891774886
0.09523809523809525
0.23863636363636367
0.16
0.1
0.1294223137973138
0.4
0.04930555555555556
0.03285714285714284
-0.06727272727272728
0.2333333333333333
0.06195165945165946
0.18666666666666668
0.11708333333333332
-0.10178571428571428
0.19090909090909092
0.375
0.31153846153846154
0.0
0.17600000000000002
0.08472222222222221
-0.0037437343358396004
0.20333333333333337
0.37878787878787873
0.1222386343814915
0.2
-0.08888888888888886
0.027466442953020153
0.5
0.13240035826242724
0.22962962962962966
-0.026785714285714284
0.03333333333333336
-0.09062500000000001
0.03441558441558441
0.08007346189164372
0.16414390207493657
0.04525026068821688
-0.006341991341991365
0.06983058608058608
0.1
0.057142857142857134
0.16095238095238096
0.35
-0.03333333333333333
0.12142857142857146
0.06307359307359307
-0.35000000000000003
0.061154401154401156
-0.075
0.0
0.0513888888888889
-0.012500000000000011
-0.11249999999999999
-0.018961038961038956
0.07149739583333334
-0.20000000000000004
0.06666666666666665
0.06626689636893718
-0.08333333333333333
0.071875
0.053409090909090906
0.11666666666666668
0.22094155844155844
0.0
0.17256944444444441
0.14833333333333334
0.5
-0.5
0.04698925572419551
-0.017013888888888898
0.03901515151515151
0.04620379620379621
0.01172161172161172
0.00416666666666667
0.18809523809523812
0.1688888888888889
-0.03219155844155844
0.525
0.09232533670033667
0.11524042950513538
0.030740740740740735
0.04564393939393938
0.15
0.21727272727272728
0.04761904761904761
0.3666666666666667
-0.02113095238095238
0.061568694463431294
0.072
0.30833333333333335
0.006666666666666672
-0.06666666666666665
0.3118055555555556
0.25
0.3333333333333333
-0.26666666666666666
0.15
0.1656177156177156
0.057970006184291906
0.185
0.37333333333333335
0.2949074074074074
0.20554081632653062
0.06666666666666667
0.10249092970521541
0.11403508771929821
-0.03571428571428571
0.0
0.25
0.35285714285714287
-0.04839285714285713
0.06
0.4047619047619048
0.14886363636363634
0.39999999999999997
-0.1142857142857143
-0.16666666666666666
-0.05306542256542257
-0.10987103174603174
0.1564946581196581
-0.2518707482993197
0.11185374149659864
0.06603174603174604
0.1333333333333333
0.10098039215686275
0.06666666666666667
-0.08333333333333333
0.125
-0.13333333333333333
-0.3416666666666666
0.22929421768707486
0.04
-0.19999999999999996
0.020454545454545454
0.008110639360639356
-0.17777777777777778
-0.2
0.19345238095238096
-0.20050505050505052
0.008333333333333338
-0.021285714285714283
0.05733225108225107
0.0562227668845316
-0.09999999999999999
-0.625
-0.0715909090909091
0.16439393939393937
0.09899691358024693
0.09375
0.13169642857142858
0.04120879120879121
0.07083333333333333
0.06469155844155847
0.16666666666666666
-0.2391025641025641
0.1574074074074074
0.18333333333333332
0.0015625000000000014
0.0
0.08214285714285714
0.03749999999999999
-0.10625
0.03143939393939394
0.03030303030303031
-0.09305555555555556
0.07750000000000001
0.275
0.39
-0.2
0.0
-0.015000000000000003
-0.2717391304347826
0.15281385281385282
0.18333333333333335
0.0
-0.09895833333333334
0.0230921855921856
-0.20603174603174598
0.2371428571428571
0.012499999999999983
0.13344903581267217
0.135
0.05323696145124716
0.14551282051282052
0.17777777777777773
-0.030166666666666668
0.3
0.3180555555555556
-0.04999999999999999
0.14081632653061224
0.16
0.007692307692307693
-0.19999999999999998
0.2
-0.10416666666666667
0.27
0.00441176470588236
-0.0234375
-0.06428571428571427
-0.05354938271604939
0.0
0.06704545454545455
-0.008482142857142848
-0.10819327731092436
0.23259740259740255
0.03593749999999998
0.22757936507936508
0.017204301075268817
-0.35
0.041666666666666664
-0.030000000000000006
-0.02182539682539683
0.08227272727272728
-0.3055555555555555
0.2875
0.26666666666666666
0.07228632478632481
0.275
0.15999999999999998
-0.09722222222222221
-0.16
-0.09166666666666667
0.21000000000000005
0.11071428571428571
-0.29444444444444445
-0.0189625850340136
0.1989795918367347
0.20625
-0.35000000000000003
-0.0011904761904761862
-0.13437500000000002
0.06785714285714285
0.2
0.05789473684210527
-0.12083333333333335
0.18333333333333332
-0.02027777777777778
-0.4666666666666666
-0.03248556998556998
-0.1611904761904762
0.24285714285714285
0.12499999999999999
0.15714285714285714
0.03409090909090909
0.16
0.06515151515151514
0.06458333333333334
0.0
0.07777777777777778
-0.010536130536130527
0.07936507936507936
0.10714285714285714
0.11060606060606061
0.0940126050420168
-0.03308080808080809
0.07142857142857142
0.11452752976190475
0.1983974358974359
-0.275
-0.03333333333333333
0.1246031746031746
-0.27
0.11554687500000001
0.06172161172161172
-0.25
-0.0880952380952381
-0.0625
0.21666666666666665
-0.031623376623376616
-0.06666666666666667
0.306547619047619
0.3040816326530612
0.08333333333333334
0.3333333333333333
0.0
0.03285714285714287
0.0
-0.05045454545454547
0.005612244897959211
0.1
0.13273809523809524
0.08096590909090909
0.06964285714285715
-0.07638888888888888
0.14821428571428572
-0.00012755102040815487
-0.0625
0.04880870184667652
-0.04999999999999999
-0.14583333333333334
0.1925925925925926
0.14285714285714285
-0.10476190476190475
0.04523809523809522
0.5
0.05737734487734487
-0.5660714285714286
-0.08333333333333333
0.06581439393939395
-0.5
-0.06785714285714287
0.000595484264839096
-0.25
0.04772727272727273
0.028030303030303027
0.09814814814814815
0.11733832224685878
0.07179555293191653
0.0
0.0193452380952381
0.09166666666666667
0.041666666666666664
0.02710027100271001
-0.11000000000000001
-0.07435897435897434
-0.046363636363636364
0.08988095238095238
-0.12815570672713528
0.02098484848484848
0.15625
0.07041494133885436
-0.2435897435897436
-0.02046783625730995
0.15060606060606058
0.1325925925925926
-0.384375
0.09375
0.06833333333333333
-0.5
0.12041245791245792
-0.31666666666666665
0.0
0.1
0.35
-0.34375
0.0909090909090909
0.17222222222222222
-0.02083333333333333
0.44999999999999996
0.0
-0.003488137679314161
-0.13333333333333333
0.18589743589743588
0.0
-0.0067418981481481635
-0.034
0.0
0.39999999999999997
0.2
0.08359213250517597
-0.08445767195767194
0.225
-0.7
0.0
0.15802318295739348
0.3125
-0.30312500000000003
0.023333333333333334
0.15288888888888888
0.20442176870748294
0.15076923076923074
0.06762872628726287
-0.09444444444444444
-0.10000000000000002
-0.012499999999999997
-0.07125
-0.05
0.125
-0.1
-0.048571428571428564
0.06666666666666667
0.18
0.0
0.14166666666666666
0.2
0.044570707070707066
0.028571428571428574
0.0
0.2
0.15315315315315317
-0.22291666666666665
0.24000000000000005
0.13898809523809524
-0.21666666666666667
0.0
0.12296568627450982
0.24039888682745822
0.06833333333333333
-0.16666666666666666
0.06688311688311689
0.1
-0.1375
0.015952380952380957
-0.07666666666666666
0.5
-0.13111111111111112
0.02777777777777779
0.25
0.11590909090909089
0.05188492063492064
0.17500000000000002
-0.03749999999999999
0.11748866213151928
-0.26666666666666666
0.09348781179138321
0.19
0.0
0.2
0.5
0.25
0.07527777777777778
0.4125
-0.030555555555555558
-0.42232142857142857
-0.1583333333333333
0.20611111111111113
-0.05
-0.17583333333333334
-0.008225108225108234
-0.10402930402930403
-0.125
0.026783395176252337
0.036666666666666674
-0.16666666666666666
0.2396825396825397
0.25857142857142856
-0.1142857142857143
-0.011615646258503398
0.0
-0.09375996810207336
0.2875
0.1446608999043592
0.047222222222222214
0.09166666666666667
0.21
0.044305555555555556
-0.13333333333333333
0.285
0.22666666666666666
-0.08888888888888886
-0.04999999999999999
0.1613756613756614
0.13333333333333333
0.21875
0.07243018419489006
0.0749981103552532
-0.5
0.0
-0.0625
0.203125
0.20625
-0.046428571428571416
0.11666666666666667
0.07916666666666666
0.04583333333333331
0.1125
0.13392857142857142
-0.17857142857142858
0.052513227513227505
0.08221288515406162
0.0
0.06579999999999997
-0.08888888888888886
0.13714285714285712
0.06315007215007216
0.1537037037037037
0.2338888888888889
0.0
-0.04583333333333334
0.26
-0.2375
-0.20833333333333331
-0.2513888888888889
0.5787878787878787
0.024999999999999994
0.15204081632653063
-0.03468099360956503
0.06125793650793652
0.0
-0.2
-0.11333333333333333
0.11111111111111112
0.2626666666666666
-0.07500000000000001
0.1036348708762502
0.0
0.14081890331890332
-0.021031746031746026
0.020779220779220783
0.3836776859504132
0.1464285714285714
0.22199999999999998
0.10729166666666667
0.13055555555555556
0.2498299319727891
0.09720370370370372
0.29166666666666663
-0.08
0.15182539682539684
0.1761904761904762
0.2
0.025694444444444447
0.0
0.09248755672668718
0.0
0.13333333333333333
0.6
-0.18
-0.02731481481481481
0.0625
-0.8
-0.045555555555555495
0.5
-0.10357142857142859
0.10085263835263833
0.0
-0.3
0.5
0.1578395061728395
0.13968253968253969
0.03750000000000001
-0.4708333333333333
0.07738095238095237
0.1482142857142857
-0.10833333333333338
0.0
0.13972174411933447
0.46964285714285714
0.1298611111111111
-0.10714285714285714
-0.5
0.09766009852216749
-0.07187500000000001
0.040000000000000015
0.10083333333333333
0.044230769230769226
0.09663299663299665
0.155
-0.5
-0.011904761904761902
0.03573809523809524
-0.25
0.13333333333333333
0.21875
0.2285714285714286
0.25
-0.15761904761904763
0.019999999999999997
-0.3
0.0
-0.05555555555555556
0.2421455938697318
0.03473484848484848
0.4
0.0
0.0
0.06369305297876726
0.06363636363636366
0.0
-0.03712121212121208
0.2
0.14749729437229442
0.0
0.1875
0.10294871794871795
0.04666666666666665
0.10277777777777776
0.019047619047619053
-0.00416666666666667
0.0
0.09959415584415585
0.05052083333333333
-0.109375
0.006212121212121215
0.05800000000000001
-0.4453125
0.045975056689342375
0.04807692307692307
-0.15
-0.31875000000000003
0.0282051282051282
0.1
-0.022638888888888892
0.24570238095238098
0.07524844720496894
0.13679841897233203
-0.051150793650793634
0.06212121212121214
-0.19166666666666665
0.0
-0.21666666666666667
0.10561650992685476
-0.06041666666666668
0.08101597182011193
0.175
-0.0875
-0.03766233766233764
-0.4047619047619047
0.10714285714285716
0.05
0.05
-0.5
0.3466666666666667
0.16447368421052633
0.15229166666666666
0.0630769230769231
0.1282738095238095
-0.15041666666666667
0.05814814814814815
-0.07738095238095238
0.1
-0.09094650205761318
0.06435185185185184
-0.16574074074074074
0.2
0.0893939393939394
0.1240740740740741
0.375
-0.5
-0.01666666666666668
0.09694444444444442
0.11409429112554113
0.4161931818181818
0.10379464285714285
-0.16666666666666666
0.0015625000000000014
-0.06874999999999998
0.0
0.25
-0.22499999999999995
0.24007936507936506
-0.11666666666666665
0.0
0.20374985374985374
0.24722222222222223
0.26666666666666666
0.056215071097883616
0.06096491228070175
0.15241214225589225
-0.25
0.13819444444444448
-0.14791666666666667
-0.07660256410256411
0.041264069264069274
0.14696969696969697
-0.5999999999999999
0.025
-0.10927350427350427
-0.09500000000000001
-0.024999999999999998
0.5
0.0
0.043547390109890116
-0.07499999999999996
0.052006265664160396
0.25
0.4625
0.11111111111111112
0.10833333333333334
0.12261412829594645
-0.08088235294117647
-0.11852678571428571
0.08666666666666667
0.1078125
0.03981481481481483
0.12804379776602
0.2
-0.062037037037037036
-0.17271969696969697
0.15561224489795916
-0.026984126984126985
-0.05357142857142858
0.007115384615384613
0.08437499999999999
-0.48333333333333334
0.0625
0.08775793650793651
0.010714285714285716
0.20294117647058824
-0.007440476190476187
0.21212121212121213
-0.018750000000000006
-0.05714285714285714
0.022857142857142864
-0.19166666666666668
0.011904761904761904
-0.2333333333333333
-0.05965671755145437
-0.05327380952380952
0.08038033395176251
0.16428571428571428
0.1625
0.2096153846153846
-0.30000000000000004
-0.07416492972048527
0.11433566433566436
-0.06056443556443556
0.08260000000000002
-0.25
-0.11249999999999999
0.00714285714285715
0.06666666666666667
0.14626262626262626
0.12722983317495515
-0.04488636363636364
0.07030075187969925
-0.5
0.22916666666666669
-0.3333333333333333
0.008333333333333337
-0.04444444444444443
-0.1
0.2
0.5
-0.040909090909090916
0.2431457431457431
0.05740740740740741
-0.05
0.025000000000000005
0.05582010582010583
0.05089285714285715
0.2
0.14056372549019602
0.033035714285714286
0.06989474711172822
0.14897559337214508
-0.5
0.11666666666666665
-0.04027777777777777
0.024999999999999967
-0.03749999999999999
-0.025
0.22089805619217384
0.05225068141734809
-0.55
0.13125
0.09374999999999999
0.08487232574189095
0.17357142857142854
-0.1375
0.06417460317460319
-0.053821178821178824
0.18125
-0.027777777777777776
0.21665564373897708
-0.07500000000000001
0.04999999999999999
0.005494579945799467
0.15535714285714286
0.021645021645021644
0.12564102564102564
0.13464912280701755
0.038888888888888876
-0.04904118404118404
0.05
0.0532027867965368
0.0732142857142857
0.14285714285714285
-0.08263888888888886
-0.05671296296296296
0.10740740740740742
0.1341517857142857
0.10153061224489797
0.11567225045485917
0.08285714285714288
0.11729864785420344
-0.061111111111111095
0.375
0.03333333333333333
0.09886621315192744
0.35
0.08370370370370368
-0.30000000000000004
0.2
0.37083333333333335
-0.1
0.4583333333333333
0.3166666666666667
0.2
-0.0625
-0.06029761904761906
0.10714285714285714
-0.0375
0.08126984126984127
0.2
0.12121212121212122
0.0
0.2
-0.22000000000000003
-0.20681818181818176
0.2
0.13195238095238096
-0.08916666666666667
-0.14999999999999997
-0.005781335522714826
-0.08124999999999999
-0.0937127976190476
0.11297313797313799
-0.1138888888888889
-0.013888888888888895
0.1
0.18611111111111112
0.2076388888888889
-0.025
-0.225
0.25
0.09999999999999999
0.65
0.13508771929824565
0.16319444444444445
0.225
0.2
0.18285256410256412
0.021590909090909088
0.33
0.02187499999999999
0.08205128205128205
0.0
0.2571428571428571
0.5166666666666667
-0.5
-0.55
0.2681818181818182
0.1956521739130435
0.1111111111111111
-0.31124999999999997
0.1761904761904762
-0.04999999999999999
0.07083333333333333
0.02653061224489796
0.037500000000000006
0.08333333333333333
0.04791666666666668
0.08585858585858586
0.09771825396825395
0.38148148148148153
-0.007499999999999995
0.0
-0.10098039215686275
0.0
0.021568627450980395
0.10280583613916947
0.34375
0.12
-0.15
0.20625
0.0
0.15
0.010712301587301585
0.31666666666666665
0.125
