0.021428571428571432
0.09731182795698924
-0.35111111111111115
0.0033333333333333327
0.2
0.008333333333333331
-0.095
0.17142857142857143
-0.03263888888888889
0.10285967785967787
0.4375
-0.061111111111111095
0.04166666666666666
0.2
0.2807142857142857
0.032857142857142856
0.0
-0.050000000000000044
0.0
-0.057142857142857155
-0.028787878787878786
0.2
0.15274725274725276
0.07656250000000003
-0.07142857142857144
0.21141666666666667
0.27045454545454545
0.07261904761904761
0.19
0.03571428571428571
-0.07291666666666667
0.013227513227513234
0.21111111111111114
-0.25
0.36428571428571427
0.015
-0.10999999999999999
0.12
0.0
0.1
0.05185064935064936
0.04211179801933228
0.40088888888888885
-0.06666666666666667
0.08666666666666666
-0.14250000000000002
0.16394557823129255
-0.06335227272727273
0.4375
0.02422619047619047
0.216978021978022
0.15833333333333335
-0.005952380952380971
-0.25
-0.02870080111459423
0.22
0.17592592592592593
0.125
0.07447916666666667
-0.11574074074074073
0.010795454545454539
-0.023333333333333352
0.17500000000000002
0.33749999999999997
-0.3218749999999999
0.041666666666666664
0.1219615509938091
-0.375
-0.0006377551020408141
0.2
0.03308531746031747
0.24603174603174605
0.0
-0.2170138888888889
0.028333333333333332
0.162037037037037
0.015833333333333345
-0.5
-0.023809523809523805
-0.2333333333333333
-0.11000000000000001
-0.165
0.011111111111111112
-0.03983134920634921
0.03409090909090909
0.020833333333333332
0.012500000000000011
0.08557422969187675
-0.024305555555555552
-0.07190476190476192
0.29583333333333334
-0.27847222222222223
-0.25
0.15833333333333335
0.05740740740740741
-0.17407407407407405
0.0
0.6
0.16527777777777777
0.07264957264957263
0.11948051948051949
-0.019774042950513528
-0.216025641025641
0.0
0.0111111111111111
-0.171875
-0.06818181818181818
0.09890350877192984
-0.3
0.15138888888888888
0.2202380952380952
0.0
0.2
0.019486531986531996
-0.07857142857142858
-0.13958333333333334
0.13303571428571428
0.06666666666666667
-0.3333333333333333
0.22500000000000003
-0.3364583333333333
0.3357142857142857
0.22916666666666669
0.10371315192743762
0.15714285714285717
-0.005833333333333332
0.25
0.012499999999999997
0.31249999999999994
0.1717460317460317
0.042857142857142864
0.1638888888888889
0.072
0.0
-0.020000000000000018
-0.029421768707482993
-0.2285714285714286
0.09755555555555556
0.3
0.06428571428571428
0.20813492063492067
0.08461270871985158
0.07500000000000001
0.2
0.115
0.036011904761904766
-0.4
0.023804347826086952
0.3
-0.08333333333333333
-0.007587719298245614
0.5062499999999999
0.15
-0.30000000000000004
-0.007142857142857173
0.07666666666666667
0.3333333333333333
-0.013214285714285711
0.24954212454212454
0.1579724357275378
-0.15
0.13095238095238096
-0.25
0.3333333333333333
0.15245098039215685
0.04125744047619048
0.19999999999999998
-0.031592712842712825
0.4
-0.029999999999999992
0.15755208333333334
0.1399267399267399
0.06000000000000001
0.048046794475365896
0.09459447415329768
0.13809523809523808
-0.20833333333333334
-0.5
0.04053030303030303
-0.2625
0.049012855831037656
0.35
0.0
0.1706349206349206
0.1153125
0.17481203007518795
0.06038415750915753
0.016666666666666663
-0.1909090909090909
0.16999999999999998
-0.045416666666666675
-0.01499999999999999
0.04305555555555556
-0.13333333333333333
-0.07575757575757576
0.0982638888888889
0.08333333333333333
0.0
0.026276455026455037
0.1335714285714286
0.08888888888888889
0.13333333333333333
-0.14722222222222225
0.12708333333333333
-0.25
0.0164855072463768
-0.1
0.13333333333333333
-0.10000000000000002
0.23391623527987165
-0.002083333333333326
0.1
0.04057142857142858
0.07872405372405374
0.024388227513227518
0.06335978835978837
0.242
0.024753665689149558
-0.012111111111111095
-0.018581081081081093
0.5
0.1
0.1603030303030303
0.04233185513673318
0.0
-0.17916666666666667
0.30000000000000004
0.0
0.036519607843137264
-0.016666666666666663
0.35
0.05339237320944639
0.07604166666666667
0.0881105006105006
0.0
0.16666666666666666
-0.09285714285714287
-0.10972222222222225
0.2041666666666667
0.3416666666666667
0.04999999999999999
-0.5
-0.019999999999999987
0.0
-0.02285714285714289
0.0
-0.3
-0.02083333333333333
-0.06481481481481481
0.0962962962962963
0.4590909090909091
0.20000000000000004
0.05194444444444444
0.01319207108680793
0.14285714285714282
0.1
0.1004953231292517
0.15833333333333333
0.0016666666666666718
0.0689547619047619
0.02134439634439635
0.021212121212121227
-0.08928571428571429
-0.031632653061224474
0.6499999999999999
-0.16666666666666666
0.4375
0.027916666666666645
0.19999999999999998
-0.2
0.25
-0.1986111111111111
0.04999999999999999
0.20746212121212118
0.032288797061524335
-0.1285714285714285
0.0
0.04113636363636365
0.1129498106060606
0.22916666666666669
0.35
0.675
0.20000000000000004
0.04999999999999999
0.13928571428571426
0.18298611111111107
-0.029739057239057246
0.037500000000000006
0.08727272727272727
-0.0325
0.02027777777777778
-0.050000000000000044
-0.1285714285714286
-0.07016666666666665
-0.11562499999999999
-0.01007326007326008
-0.3333333333333333
0.31875
0.1
0.3071428571428572
-0.07005997474747473
1.0
-0.11354166666666665
0.225
0.07995391705069126
-0.16666666666666666
0.1781818181818182
0.036666666666666695
0.1272707055292355
-0.014444444444444447
0.21428571428571427
0.6000000000000001
0.1875
-0.046581196581196575
0.15
0.24000000000000005
-0.2125
0.55
0.06746913580246916
-0.5
-0.09999999999999999
0.17643678160919543
0.215
0.025363005050505052
-0.16249999999999998
0.09974576271186439
0.044736842105263144
0.2347222222222222
0.125
0.119694715007215
0.10054945054945054
0.11666666666666668
0.2722222222222222
-0.005392156862745092
0.017065746753246753
-0.11093750000000001
-0.0546875
-0.051851851851851864
0.5
-0.3
-0.1375
0.10925925925925925
-0.026575630252100843
-0.3333333333333333
-0.02321428571428571
0.10714285714285714
0.13285714285714287
-0.08111111111111109
0.17142857142857143
-0.08333333333333333
0.25
0.0
-0.1625
0.0
-0.18
-0.020833333333333332
0.12261904761904763
-0.2
0.15172558922558924
0.11481481481481481
0.2916666666666667
-0.18303571428571433
-0.0006944444444444593
0.12708333333333335
0.0
0.2179043179043179
0.19354978354978358
-0.35000000000000003
-0.1
0.08166666666666667
0.10625000000000001
0.0769675925925926
0.25595238095238093
-0.02999999999999999
0.07339252487278805
0.07777777777777779
-0.03854166666666667
0.3
0.0
0.04839285714285715
0.10900974025974025
0.033958087367178265
-0.0905
0.03253968253968254
0.0
-0.09882756132756132
0.008571428571428563
0.4928571428571428
0.08229166666666668
-0.13194444444444445
0.038888888888888896
-0.013580246913580249
0.4166666666666667
0.5549999999999999
0.27678571428571425
0.29795918367346935
0.32916666666666666
0.065
0.20454545454545459
0.07777777777777778
-0.012962962962962973
0.12000000000000002
-0.30000000000000004
-0.0015873015873015778
0.2
0.24722222222222223
0.03451406926406926
0.13166666666666665
-0.16695326278659614
0.2717982456140351
-0.0018055555555555696
0.0010101010101010166
0.11784391534391533
-0.12180555555555554
0.0
-0.0025000000000000022
-0.0557871720116618
0.14393939393939395
-0.10520833333333332
0.065625
0.24444444444444444
0.24259259259259258
-0.08273809523809524
-0.054761904761904755
0.01809523809523809
0.2
0.3005952380952381
0.0
0.02023809523809525
0.06453373015873017
0.35357142857142854
-0.16499999999999998
-0.12857142857142856
0.04487906273620559
-0.03678075396825397
0.05238095238095239
-0.06666666666666668
0.04034108087679516
-0.04642857142857143
-0.125
-0.048148148148148134
-0.15570175438596487
0.06599206349206349
0.14272727272727273
0.25
0.14074074074074075
0.1982142857142857
0.0
0.15257936507936506
0.028409090909090905
0.0026397515527950338
0.0
0.1353896103896104
0.09537037037037038
-0.1111111111111111
-0.03214285714285715
0.15702272727272726
0.012202380952380942
0.0
0.18106060606060606
-0.009758064516129032
-0.02236842105263157
0.03703703703703704
-0.020526695526695535
0.134375
0.1590909090909091
0.000625000000000011
-0.12125
-0.050694444444444445
1.2335811384723961e-17
0.005653679653679654
0.049999999999999996
0.0
0.006960227272727271
0.08622448979591836
-0.22424242424242422
0.11750000000000001
0.01565873015873016
0.0062500000000000056
-0.016666666666666663
0.06162424740010948
0.05313852813852813
0.12211538461538461
0.19027777777777774
-0.5
-0.1
-0.296875
0.1642857142857143
-0.5
0.0
0.0
0.1
0.0
-0.5
0.35
0.23928571428571427
0.13549382716049382
0.10138888888888888
-0.11964285714285715
0.8
0.02063492063492064
0.12755368814192344
-0.11440972222222226
0.0
-0.17249999999999996
0.125
0.017045454545454544
0.06666666666666665
0.24500000000000002
0.0937037037037037
0.04722222222222222
-0.625
-0.022499999999999992
0.021666666666666678
0.0
0.07446884256094784
0.07453125000000002
-0.020551948051948037
0.08095238095238094
0.07115384615384615
0.06663806305350423
0.011420940170940183
-0.016666666666666663
-0.09
0.06293888888888889
-0.0035714285714285726
-0.2909090909090909
0.13
-0.0670138888888889
0.1
0.0
0.18888888888888888
0.04452614379084966
0.1225
-0.04166666666666666
-0.05902777777777777
-0.25
0.09062500000000001
-0.1774509803921569
0.10532407407407407
0.04477474966111332
0.07333333333333333
-0.3375
0.0
-0.2275462962962963
0.006666666666666667
0.0369047619047619
-0.1640625
0.23927716727716727
0.0
-0.23407738095238095
0.046428571428571416
-0.03333333333333336
0.15606060606060607
0.1
-0.25625000000000003
0.11666666666666668
0.01303030303030303
0.08778164924506388
0.039583333333333345
-0.12067099567099568
0.03010711059491547
-0.20937499999999998
0.15000000000000002
0.2375
0.033333333333333326
0.55
-0.03796296296296296
0.15625
0.06437500000000002
-0.46388888888888885
0.8
-0.12857142857142856
0.05706845238095237
0.012008210043924333
-0.19999999999999998
0.26249999999999996
0.13333333333333333
0.0
-0.012500000000000004
0.0
-0.06567460317460318
0.11375
0.4266666666666666
0.07833333333333332
-0.1
0.0
0.0738095238095238
-0.24166666666666667
-0.203125
0.25833333333333336
-0.16196969696969699
0.10666666666666666
0.007407407407407404
0.06848958333333335
-0.09999999999999999
0.012952232952232958
0.07993443754313316
0.17727272727272728
-0.25
0.04999999999999999
-0.036111111111111115
-0.12023809523809523
0.13636363636363635
-0.27777777777777773
0.09434523809523808
0.20370370370370366
0.07964285714285713
-0.08333333333333331
0.28125
-0.012499999999999985
-0.25
0.051027336860670194
0.07500000000000005
-0.19999999999999998
-0.1904761904761905
-0.13917748917748912
0.021487603305785127
-0.14375
0.03737373737373738
0.0
0.0
0.258125
0.04
-0.09702380952380953
0.06006944444444443
-0.1849747474747475
-0.25
0.02749999999999999
0.12500000000000003
0.2
-0.26666666666666666
0.25000000000000006
0.13996480586596868
0.03960301062573791
0.065
-0.22999999999999998
0.12982954545454545
0.10416666666666667
0.036111111111111094
0.0
0.13855685131195336
-0.06282051282051282
0.09056879380540094
-0.3833333333333333
0.04787414965986393
-0.006565656565656569
-0.11333333333333333
0.037500000000000006
-0.0035858585858585864
0.16666666666666666
-0.04999999999999999
0.11953333333333332
0.03333333333333335
-0.16666666666666663
0.13
0.04642857142857142
-0.1909722222222222
0.06503787878787878
0.24285714285714285
0.2
0.00416666666666667
0.16818181818181818
0.16749999999999998
-0.005092592592592597
0.0
-0.030892857142857135
0.13854537437870768
-0.02700828157349895
-0.5
0.07619047619047618
0.07500000000000001
-0.05399999999999999
0.06472663139329805
0.16325757575757577
0.16818181818181818
-0.013250000000000001
-0.07962454212454213
0.0
-0.09615554899645808
0.07291666666666667
0.35
0.17142857142857143
0.2125
-0.1382142857142857
0.2708333333333333
0.021875000000000006
-0.09114583333333331
0.13333333333333333
0.15385477221191507
-0.175
0.2
0.0037878787878787845
0.11212962962962963
0.02525510204081633
0.0062850729517396195
0.3499999999999999
0.021428571428571432
0.15134986225895317
0.0625
0.1025
-0.18699494949494946
0.07256944444444442
0.1722222222222222
0.04166666666666664
0.031380445795339405
0.0
0.02190603514132926
0.05208333333333334
-0.024107142857142865
0.029027777777777774
-0.22124999999999995
-0.14999999999999997
0.07292429792429793
-0.16666666666666666
0.31428571428571433
-0.016666666666666666
0.20049019607843138
0.037094155844155846
0.17099815892919343
-0.015972222222222224
0.19999999999999998
0.15845238095238096
0.017851239669421492
-0.08958333333333333
0.14065934065934066
0.05833333333333335
0.02564083080040527
-0.005456349206349207
-0.3866666666666666
0.2714285714285714
0.0146043771043771
0.2333333333333333
0.19444444444444448
0.15694444444444444
-0.0625
-0.39166666666666666
-0.049999999999999996
0.1529761904761905
0.03944444444444444
0.2
0.0236111111111111
0.14186507936507936
-0.16666666666666666
-0.16338383838383838
-0.25
-0.06488095238095239
-0.15625
0.12889216843762297
0.15000000000000002
0.2975
0.03222222222222222
0.015625
-0.11585497835497835
0.10416666666666669
-0.16666666666666666
0.004166666666666673
0.1408730158730159
-0.22499999999999998
0.10416666666666667
0.0
0.03396358543417367
-0.049702380952380956
-0.3333333333333333
-0.14090909090909093
0.17575757575757575
-0.0857142857142857
-0.21428571428571427
0.04561688311688311
0.15625
-0.11875000000000001
0.016666666666666663
-0.08522727272727272
0.2833333333333333
0.07647058823529411
-0.08295454545454543
0.23705808080808077
0.2
0.13750000000000004
-0.006018518518518516
0.017755681818181806
0.41863636363636364
-0.1313888888888889
0.15869791666666666
0.2993506493506493
-0.175
0.35555555555555557
-0.5166666666666666
0.35000000000000003
-0.2222222222222222
0.12499999999999999
-0.3857142857142857
0.07419753086419754
0.03125
0.041610400379057104
0.20272108843537412
-0.10000000000000002
0.0
-0.175
-0.012698412698412702
0.07232142857142856
-0.15
-0.065
0.0865079365079365
0.225
-0.0770833333333333
0.0725
0.1625
0.12144393672171452
-0.018518518518518528
-0.06999999999999999
0.2
0.225
-0.35
-0.070625
0.4
0.1
-0.11666666666666664
0.03851854256854256
-0.03958333333333334
0.09
-0.06587301587301587
-0.4000000000000001
0.0
0.0142857142857143
-0.05000000000000001
-0.15714285714285717
0.18888888888888888
0.2625
-0.04166666666666666
0.05
-0.13666666666666666
0.09870075757575758
0.31666666666666665
0.09966577540106952
-0.44166666666666665
0.08710149669451991
0.425
0.5
0.10433333333333335
0.08600000000000001
0.028571428571428574
0.08051948051948049
0.12385416666666667
0.0
-0.04375
0.19642857142857142
0.1088541666666667
0.05961199294532629
0.0
0.095
-0.30000000000000004
-0.07583333333333334
0.16666666666666666
-0.27666666666666667
0.09999999999999999
0.15952380952380954
-0.019999999999999997
0.03888888888888889
0.08666666666666667
-0.3041666666666667
0.0
-0.09375
0.17205882352941176
-0.08580246913580243
0.15257584296045829
0.37499999999999994
0.22566844919786094
-0.39999999999999997
0.04821428571428572
-0.29527472527472526
0.09642857142857143
0.125
0.0
-0.5
0.19107378129117258
0.0
0.01754079254079255
0.10666666666666667
0.09533333333333331
0.2
0.13333333333333333
0.1
-0.3888888888888889
0.0
0.05937499999999998
0.13428030303030303
0.07250842815002106
0.15000000000000002
0.056249999999999994
0.16666666666666666
-0.03285714285714285
0.09613526570048311
0.006249999999999999
-0.1
0.23641456582633052
0.052380952380952396
0.26851851851851855
0.16346801346801346
0.24000000000000005
0.03333333333333333
0.15625
-0.16666666666666666
0.2875
0.22532051282051282
0.5
0.0005102040816326526
0.31298076923076923
0.15714285714285714
-0.5625
0.5928571428571429
0.225
0.018750000000000003
0.09821428571428571
0.040625000000000015
0.07619047619047621
0.092
0.06363636363636363
0.1462962962962963
0.03121212121212121
0.04669566544566544
0.10952380952380951
0.08205782312925171
0.19999999999999998
-0.15416666666666665
0.0
0.3382716049382716
-0.009090909090909094
0.08
-0.04858058608058608
0.013125763125763128
-0.08947990543735225
0.43500000000000005
-0.3333333333333333
0.1619047619047619
-0.17166666666666666
0.0
0.18124999999999997
-0.2333333333333334
0.15000000000000002
0.0
0.01805555555555556
0.2
0.026623376623376622
-0.13873299319727891
-0.025
0.06666666666666667
-0.31249999999999994
0.0
-0.0006944444444444589
0.06645021645021645
0.14500000000000002
0.03148148148148149
-0.23750000000000002
-0.01249999999999999
0.003232323232323238
0.13526752273943285
0.0
0.202020202020202
0.30000000000000004
-0.25
0.05312499999999999
0.012343749999999983
0.28478787878787876
-0.185
-0.016666666666666666
0.10125661375661377
0.06666666666666665
-0.02500000000000001
-0.016666666666666663
0.04666666666666666
-0.006873219373219376
0.13827777777777778
0.005555555555555573
0.15000000000000002
0.2
0.049074074074074076
0.03070175438596492
-0.08999999999999997
0.12000000000000002
0.07072368421052633
0.0
-0.003070175438596486
0.26666666666666666
-0.25
0.12689393939393942
-0.09136904761904761
0.2491071428571429
-0.016246498599439756
0.2222222222222222
0.1872564935064935
0.5
0.0011309523809523657
0.0
0.45
0.36
0.07849366682700012
0.21428571428571427
0.0
0.11817099567099565
0.21428571428571427
-0.020833333333333332
0.2071428571428571
0.07142857142857142
0.15142857142857144
-0.020089285714285705
0.006666666666666666
0.15714285714285714
-0.0327272727272727
0.3888392857142857
-0.234375
0.08866666666666667
-0.234375
0.07952380952380952
0.0
-0.05333333333333332
0.35
0.225
0.2
-0.033333333333333326
-0.15194805194805197
0.1722222222222222
0.0016666666666666635
-0.08003246753246754
-0.01833333333333333
0.20071428571428576
0.049999999999999996
0.2730769230769231
0.07239057239057238
0.16166666666666668
-0.13749999999999998
-0.00033670033670033504
0.02068452380952381
0.0
0.0
0.05
-0.15
0.25999999999999995
-0.023571428571428577
-0.015238095238095228
-0.033333333333333326
0.07857142857142858
0.1444642857142857
0.08273448773448772
0.0
0.0
0.04583333333333332
-0.041666666666666664
0.22727272727272727
-0.10000000000000003
0.04683333333333334
0.25
0.33333333333333337
0.27878787878787875
0.028571428571428574
-0.05638888888888887
0.26
-0.13392857142857142
-0.05892255892255892
0.03333333333333333
0.3110416666666667
0.0
0.05714285714285714
0.5
0.06923076923076922
0.018498763141620283
0.10119047619047619
0.4
-0.0875
-0.06666666666666668
0.06666666666666667
0.07777777777777779
0.3
0.025654761904761913
0.13333333333333333
0.0
0.09924242424242423
0.061538461538461535
-0.34285714285714286
0.11666666666666665
0.6166666666666667
0.05909090909090908
0.03333333333333333
0.13098072562358276
0.09999999999999998
0.025697032436162885
0.18125
0.2125
-0.038541666666666675
0.14473684210526316
-0.14083333333333334
0.3063215488215487
0.06993197278911564
0.12
0.0
0.1875
-0.02857142857142859
-0.32916666666666666
0.04833333333333334
-0.11666666666666667
0.06291666666666666
0.020294117647058817
0.125
0.12901515151515153
0.16458333333333333
0.14805906812485758
0.2794871794871795
-0.15601851851851853
0.0625
-0.2708333333333333
0.18992559523809527
0.06354166666666666
0.08760493827160494
-0.16333333333333333
0.3096938775510204
-0.049444444444444444
0.2380952380952381
-0.31339285714285714
-0.016428571428571428
0.3
0.0554054054054054
0.0
0.010188728269085422
0.4375
0.0051948051948051965
-0.225
0.07111111111111111
0.020824296715385833
0.0
0.2648148148148148
0.05333333333333333
0.030158730158730156
0.15
-0.11617647058823528
0.0
0.0653907496012759
0.14448051948051946
-0.0023958333333333366
0.033899208027115
0.16607142857142856
0.25
-0.034090909090909075
0.1235714285714286
0.04166666666666665
0.03020833333333334
0.17722110427188553
-0.09999999999999999
-0.06444444444444444
0.2
0.15296296296296297
-0.16818181818181815
0.0
0.09884615384615383
0.125
0.14444444444444446
-0.21851851851851856
-0.013387445887445901
0.0319078947368421
0.103125
0.16666666666666666
0.20535714285714285
0.05969106650924831
0.18785714285714286
0.03910256410256411
0.17063492063492064
0.04999999999999999
-0.25
-0.025946502057613174
-0.049678932178932184
-0.12999999999999998
0.0
0.02960189452124937
-0.18541666666666665
0.0865850970017637
-0.05
0.2
0.008333333333333331
0.0
0.05178571428571431
-0.21666666666666665
0.09863530778164925
0.25
0.03764437689969603
0.23484848484848483
-0.030952380952380946
0.21428571428571427
0.0806221198156682
0.008691756272401447
0.23912649850149847
0.1663352272727273
0.24
0.10798319327731093
-0.06388888888888888
0.020370370370370382
0.2
0.07222222222222223
-0.174
0.0
0.1259259259259259
0.01333333333333333
0.21249999999999994
-0.08928571428571429
0.0009259259259259257
-0.08888888888888886
0.2857142857142857
-0.047159090909090914
-0.06666666666666667
-0.06666666666666667
0.55
0.10740740740740742
0.0
0.07961309523809523
0.2
0.12675089768113024
0.0
0.005282738095238092
-0.15
0.01666666666666667
-0.20833333333333334
-0.07999999999999999
-0.14166666666666666
-0.125
-0.1634920634920635
0.08679650515176832
-0.03312499999999999
-0.016369047619047616
0.04761904761904762
-0.1220238095238095
-0.037727272727272734
0.12222222222222223
-0.2
0.0029829545454545664
-0.1374098124098124
-0.04338122605363985
0.36250000000000004
0.013750000000000012
0.0
-0.020833333333333332
0.18229949874686713
-0.2
0.047094017094017095
0.2304166666666667
0.18151455026455027
-0.11000000000000001
-0.3
0.2089285714285715
0.01591223155929038
-0.05158730158730159
0.19999999999999998
0.1846693536348709
0.040128205128205134
0.05038737717309145
-0.06000000000000001
0.5222222222222223
0.09038461538461541
-0.5
-0.10178571428571426
0.31666666666666665
0.165625
0.225
-0.11414141414141415
0.032082732082732074
0.09880952380952376
0.38725961538461534
-0.125
0.23544973544973546
-0.012274531024531026
-0.375
0.031111111111111103
-0.00833333333333334
-0.1377551020408163
-0.16833333333333328
0.33464285714285713
-0.4
-0.2
0.0625
-0.12916666666666668
-0.009166666666666663
0.1125
0.39650793650793653
0.029166666666666674
0.0027777777777777866
-0.075
0.0
0.0
0.13333333333333336
0.2379861111111111
0.2379861111111111
0.1375
-0.039099326599326585
-0.08333333333333333
0.7333333333333334
-0.07777777777777779
0.0
-0.01607142857142859
0.08472222222222224
0.05264550264550264
0.0
-0.15
-0.25
-0.5
0.0
-0.2
0.06250000000000001
-0.75
0.3
0.18611111111111112
0.08333333333333334
0.09393939393939393
0.4025
0.0793154761904762
-0.019959207459207453
-1.0
0.5
-0.025
0.0
0.1880952380952381
0.04642857142857143
-0.75
-0.08666666666666666
0.1423611111111111
0.3111111111111111
0.22875
0.5
0.15922619047619047
0.25625
-0.4
0.08333333333333333
0.21428571428571427
0.11143790849673202
-0.01875
0.09323636130894196
0.3833333333333333
-0.09204545454545456
-0.008024691358024685
0.012168367346938777
0.345
0.030625
0.1826675849403122
0.1464285714285714
-0.09583333333333333
0.2
-0.4166666666666667
-0.16948051948051948
0.07727272727272728
-0.069839265672599
0.22333333333333333
0.0
0.062499999999999986
0.4454545454545455
-0.058333333333333334
-0.19999999999999998
-0.08333333333333331
0.022222222222222216
-0.06493055555555553
0.09722222222222221
0.0
-0.11167133520074694
0.15333333333333332
0.3080200501253133
0.1
-0.175
0.07307692307692305
-0.11666666666666665
0.2441666666666667
0.058085317460317455
-0.6666666666666666
0.024553261408730164
0.0003663003663003682
0.17549019607843142
0.04719365582737676
-0.07786291486291486
0.10750000000000001
-0.125
-0.021335978835978837
0.10512820512820513
0.06666666666666667
0.06805555555555556
0.21375
-0.01190476190476191
0.4
-0.08814102564102562
0.11781364468864466
0.022768707482993183
-0.057230362230362236
-0.01666666666666667
0.22916666666666663
0.1419642857142857
0.0
-0.18333333333333332
0.075
0.2909090909090909
0.21666666666666667
0.06113256113256113
0.3615277777777777
0.375
0.5371428571428571
0.03846371882086167
0.09714285714285716
-0.09583333333333331
0.0517821067821068
0.1875
0.047821969696969696
0.26242025518341305
0.225
0.1
0.15
0.19571428571428573
0.16786394557823134
0.042803030303030315
0.0
-0.05833333333333333
0.13794590643274857
0.031250000000000014
0.19925925925925927
0.17045454545454544
0.3333333333333333
-0.16458333333333333
0.15
0.39375
0.16071428571428573
0.07996031746031748
0.14879087879087877
0.020504285277012552
0.0796198593073593
-0.15000000000000002
0.08888888888888888
0.12467532467532466
0.10000000000000002
0.11212121212121212
0.01095238095238095
-0.09250000000000003
0.0
0.08000063924171066
0.12619047619047621
0.18500000000000003
0.03250000000000001
0.16759291325957992
0.1213147095959596
0.10333333333333335
-0.3449999999999999
0.3
0.07443897099069514
0.5
-0.01666666666666668
0.15606060606060607
0.0538220551378446
0.07825000000000001
-0.22916666666666666
0.175
0.07500000000000001
0.1621212121212121
0.030484126984126978
0.04999999999999999
0.19833333333333333
-0.20021929824561402
-0.1
0.0
0.02569444444444446
0.2
0.12121212121212123
0.36190476190476195
0.23708333333333337
-0.0065359477124183165
-0.12083333333333333
-0.08166666666666665
0.0
0.07537340167548498
0.2888888888888889
0.17135457839262186
0.07070051160960253
-0.006944444444444429
0.07346938775510203
-0.03045112781954888
-0.3333333333333333
-0.11632653061224492
-0.23299999999999996
0.625
0.02436507936507937
-0.25
0.25
0.009818594104308381
0.0
-0.05
-0.10208333333333333
0.0
0.21944444444444447
0.0074074074074074086
0.010185185185185198
0.6
0.016213768115942044
0.08106666666666669
0.33888888888888896
0.0
0.10593492528976398
-0.20000000000000004
0.125
0.0
0.025000000000000005
0.009999999999999995
0.125
0.19999999999999998
-0.0012361111111111127
0.06607378129117258
-0.09999999999999999
0.04513888888888889
-0.04583333333333332
-0.09444444444444444
0.12462962962962965
0.08750000000000001
0.26515406162464983
-0.8
-0.01923076923076924
0.22083333333333333
0.008333333333333331
0.04857142857142856
0.0
0.1734848484848485
0.05709183673469392
0.0
-0.01904761904761904
0.09999999999999998
0.2
0.071515873015873
0.0
-0.03636363636363633
-0.3909090909090909
0.13378787878787882
0.18333333333333335
-0.027777777777777762
0.119382183908046
0.3333333333333333
0.20555555555555552
-0.22499999999999998
0.2
0.27
-0.027205882352941187
0.047272727272727286
0.038435374149659855
0.21428571428571433
-0.6000000000000001
0.10126262626262626
-0.05833333333333333
-0.028481912144702845
-0.05208333333333333
0.22107142857142853
0.20129756208703575
-0.4
0.44166666666666665
0.26875000000000004
0.325
0.16
0.1340686274509804
0.0474537037037037
0.2181227863046045
0.16333333333333333
0.3068181818181818
0.23607142857142857
0.19811507936507936
-0.009567901234567883
0.08382352941176471
0.09480648319934035
0.19714285714285715
-0.004531926406926415
0.09654195011337867
0.3333333333333333
0.2733333333333333
0.05714285714285714
-0.037142857142857144
0.25606060606060604
0.023333333333333345
-0.05277777777777779
-0.05
0.19318181818181818
-0.09285714285714287
0.13906249999999998
-0.01145833333333333
-0.06047619047619048
-0.035151515151515156
-0.06805555555555555
-0.11331569664902998
-0.11331569664902998
0.0501231527093596
0.03846153846153845
-0.02743314093314093
0.16475000000000004
0.09438775510204081
0.0625
0.1537037037037037
0.11956975772765248
0.8
0.03485449735449735
-0.2333333333333334
0.0
0.16666666666666666
-0.09999999999999999
-0.10357142857142858
-0.07999131944444446
-0.10416666666666667
0.2976190476190476
-0.20000000000000004
-0.09333333333333334
0.0380952380952381
-0.019097222222222224
-0.04
-0.03754694835680751
0.144140989729225
-0.1
0.16825396825396824
-0.17551020408163268
0.06875
0.625
0.10833333333333332
0.051024363233665576
0.11339506172839504
0.1065488721804511
0.0
-0.14551282051282047
-0.03397435897435895
0.44999999999999996
-0.0625
0.18357142857142855
0.16188822751322748
-0.28333333333333327
0.4479591836734693
-0.04545454545454545
0.0761111111111111
-0.08206349206349207
0.06937229437229439
0.08973214285714284
0.05
0.044444444444444446
-0.25857142857142856
0.021875000000000006
-0.04666666666666666
-0.22678571428571428
-0.03958333333333331
-0.087
-0.054437229437229444
0.3166666666666667
0.14285714285714285
0.10952380952380954
-0.14583333333333334
-0.09999999999999999
-0.319047619047619
0.0
-0.018518518518518528
0.06875
0.3
-0.04166666666666665
-0.0234375
0.13333333333333333
0.06372549019607843
0.0666666666666667
-0.0025793650793650823
0.24375000000000002
0.2425
0.06330461117085322
0.13495670995670997
0.0009523809523809505
-0.09722222222222222
-0.3357142857142857
0.2049107142857143
0.17916666666666667
-0.014204545454545456
0.1623917748917749
0.025598086124401908
0.09785714285714285
0.08363636363636365
0.05288461538461539
0.1450892857142857
0.15599999999999997
0.2
-0.0125
0.07083333333333333
0.2053030303030303
0.0666666666666667
0.0
0.1535714285714286
0.19714285714285715
-0.09047619047619047
0.35
-0.0875
0.26275510204081637
-0.39
-0.05555555555555556
0.19421875
0.11335796387520526
0.005729166666666674
0.3
-0.015956439393939384
-0.10410714285714286
0.18000000000000002
0.02671957671957671
-0.14573529411764707
-0.06416666666666666
0.2
0.35
0.031249999999999986
0.0
-0.14531249999999998
0.1310515873015873
0.5
-0.05
-0.05
-0.3
-0.1125
-0.3611111111111111
-0.2
0.27878787878787875
0.35357142857142854
0.16224489795918368
0.09645833333333334
0.1527777777777778
0.05459183673469386
0.15416666666666667
0.07619047619047618
-0.0898809523809524
-0.015579710144927528
-0.03748196248196248
0.05031746031746033
0.07782091097308488
0.18
0.008928571428571428
-0.05035714285714285
0.03287037037037036
0.17962962962962964
0.2193877551020408
0.41999999999999993
-0.5
0.010964912280701762
0.09642857142857143
0.0
-0.16666666666666666
0.059259259259259255
0.016987179487179486
0.3171428571428571
-0.0975
-0.48
-0.2571428571428571
0.26666666666666666
0.2203125
0.3
0.0413888888888889
0.09714285714285714
-0.0015530303030303005
0.25
-0.08181818181818182
0.08333333333333333
-0.011728395061728378
0.23253968253968255
-0.0216307582815735
0.15324074074074073
-0.27546296296296297
0.04476190476190477
0.005102040816326536
-0.125
0.10266873278236915
0.05
0.019944415266106446
0.0
-0.024999999999999994
0.1276303854875283
-0.06790633608815426
0.11296296296296296
0.13333333333333333
0.012179487179487174
-0.15
0.3125
0.10000000000000002
-0.384375
0.23611111111111113
-0.01339285714285715
0.31898148148148153
0.13333333333333333
0.3033022533022534
0.30753968253968256
0.24083333333333334
0.01874999999999999
0.10130952380952381
0.07300289274588338
-0.05749999999999999
0.446875
-0.021481481481481483
-0.0375
0.001747376916868463
0.03743842364532017
0.03942318594104309
-0.06562499999999999
-0.027669880624426078
0.5
0.16563492063492063
0.02561893855498506
0.0
0.12154761904761906
0.0919642857142857
0.14404761904761904
-0.109375
0.3279761904761905
0.08884435261707989
0.33749999999999997
-0.024999999999999994
-0.2916666666666667
0.06848484848484845
-0.021428571428571432
-0.43194444444444435
0.08191798941798942
0.0
0.041666666666666664
-0.5
0.012377136752136753
0.55
0.26189999999999997
-0.025833333333333326
0.0
0.3333333333333333
-0.022583333333333337
0.4166666666666667
0.015476190476190485
0.07083333333333333
0.004190340909090918
0.10000000000000002
-0.15333333333333335
-0.08520585317460318
-0.25
0.09999999999999998
-0.0543939393939394
-0.040109890109890106
0.1560064935064935
-0.025000000000000012
0.01607142857142857
-0.012500000000000004
0.12000000000000002
0.07023809523809522
0.0
-0.041666666666666664
0.18333333333333335
0.0875
0.0
-0.425
-0.01777777777777778
0.019999999999999952
0.21212121212121213
0.030208333333333334
0.004999999999999999
0.06688712522045853
0.11666666666666668
0.04999999999999999
0.21153846153846154
0.05405844155844156
-0.00237519201228878
-0.09011904761904763
-0.0031862745098039102
0.16
0.11212121212121212
0.5
0.04081632653061224
-0.03333333333333332
0.21726190476190477
-0.05442176870748301
0.1884575569358178
0.16818181818181818
0.1537037037037037
-0.4333333333333333
-0.1
0.21478458049886623
-0.53125
0.2913095238095238
0.12765151515151515
-0.15
-0.1
0.020115629984051038
0.25
0.45
0.056249999999999974
0.2111111111111111
0.0
-0.05384615384615384
0.11904761904761907
0.11370370370370367
0.0
0.03639122315592906
0.12277777777777778
0.11666666666666665
0.0255094954648526
0.37
0.21666666666666665
0.04341333899745114
0.22796010296010297
0.13636363636363635
0.22083333333333333
-0.05666666666666666
-0.25
0.16
0.0
0.0
0.2571428571428572
0.16646341463414632
0.01953125
-0.12323232323232323
0.09304347826086957
-0.025
0.4
0.030587121212121215
0.03165584415584415
0.05340909090909091
0.3060606060606061
0.08533026113671273
0.23500000000000001
0.24833333333333332
0.19404761904761902
0.0011816671700392637
0.03571428571428572
0.21190476190476196
-0.18518518518518517
-0.03706349206349205
-0.78125
0.0
0.4708333333333334
0.0737573099415205
0.1807655677655677
0.065
0.184212962962963
0.12685185185185185
0.0830357142857143
-0.009547619047619044
0.2785714285714286
-0.05079365079365081
-0.4
-0.75
0.1155819180819181
0.08499999999999999
0.18469387755102037
-0.006249999999999996
-0.05918367346938776
-0.5
-0.21557125307125302
0.0787962962962963
0.15631377551020406
-0.01909523809523809
0.07111111111111111
-0.21098765432098762
0.0
0.04999999999999999
0.125
0.051388888888888894
-0.006249999999999992
-0.014814814814814807
-0.06718749999999997
0.0
0.0835298742138365
-0.10357142857142858
0.033928571428571426
0.13607638888888887
0.1926190476190476
0.4625
-0.3
0.1651041666666667
-0.030555555555555558
0.025595238095238112
0.0
0.06356421356421356
-0.15925925925925924
0.0
0.02285714285714289
-0.25795454545454544
0.15731481481481482
-0.5
-0.012499999999999997
0.21154761904761904
0.14574915824915824
-0.06666666666666667
-0.1
-0.5
0.09714285714285713
-0.05781512605042017
-0.06481481481481483
-0.5
0.13061224489795917
-0.08333333333333333
0.0
0.030654761904761893
0.1818181818181818
0.0
0.07797619047619048
0.2703125
0.1011574074074074
0.13
0.11499999999999999
-0.019444444444444448
0.5
