0.25944055944055944
0.25944055944055944
-0.55
0.0
-0.4
-0.5
0.21103896103896103
0.04660091480846198
-0.1583333333333333
0.0
0.0
0.0
-0.025
0.175
0.06666666666666667
0.07034632034632035
0.03283333333333334
0.18000000000000002
0.27
0.3
0.06458333333333333
0.0
0.10625000000000001
0.08333333333333333
0.2285714285714286
-0.020105820105820103
0.31666666666666665
-0.12666666666666665
-0.01632653061224491
0.25
0.13952380952380952
0.1619047619047619
0.06142857142857143
-0.07777777777777778
0.13
0.02432782636864269
0.17955555555555555
-0.125
0.06666666666666665
-0.037499999999999985
0.13805555555555554
-0.125
-0.03150000000000001
0.07261904761904761
0.2938271604938272
0.225
-0.18333333333333335
0.04999999999999999
0.0243295739348371
0.17377570346320348
-0.14583333333333334
0.0
0.13333333333333333
-0.3
-0.26999999999999996
0.05333333333333334
0.0717032967032967
0.10891917293233085
0.06857142857142856
0.04926948051948052
-0.05714285714285714
0.006812169312169308
0.02174055829228243
0.03
-0.008035714285714288
0.06875000000000002
0.019166666666666676
-0.478125
0.24666666666666667
-0.03677083333333333
0.019999999999999997
-0.625
0.09421768707482994
0.0034693877551020373
0.2166666666666667
-0.2333333333333333
-0.3
0.31375000000000003
-0.1
0.18697916666666667
-0.012499999999999997
-0.0775173611111111
0.6
0.20833333333333337
0.09238095238095238
0.10552765752765757
-0.27083333333333337
0.015151515151515155
0.16666666666666666
0.044097222222222225
0.10416666666666669
0.0
0.08214285714285716
-0.18666666666666668
-0.006060606060606044
-0.03749999999999999
0.06113095238095239
-0.022321428571428575
0.0
-0.09999999999999999
0.03333333333333333
0.1157142857142857
0.3
0.017129629629629623
-0.10454545454545454
-0.0851851851851852
0.0
0.18076923076923077
-0.028124999999999956
0.2
0.005059523809523807
-0.006597222222222224
0.2333333333333333
0.04479166666666667
0.2
0.041249398749398744
0.5
0.14863636363636365
0.13636363636363635
0.05779220779220779
0.22380952380952382
0.03754058441558445
-0.008100233100233094
0.225
-0.20357142857142857
-0.024074074074074088
0.0
-0.28260993392572337
0.05
-0.09637681159420286
-0.04236874236874236
-0.07499999999999997
0.04314574314574316
0.27
0.025000000000000033
-0.01583333333333333
0.065
-0.1
0.2
0.2
-0.12132867132867135
0.2
0.06666666666666665
0.05924908424908426
-0.02571428571428571
-0.01787234042553191
-0.154
0.0
-0.15555555555555556
0.035243055555555555
-0.1
-0.25
0.30000000000000004
0.1763392857142857
0.13993650793650794
0.5
0.0
-0.01458333333333333
0.03671875
0.2
-0.054761904761904755
-0.24761904761904768
0.06
0.22916666666666663
0.04583333333333334
0.23677248677248677
0.10833333333333334
0.09791666666666667
0.0586117586117586
0.04999999999999999
0.15215617715617713
0.19761904761904764
0.2
0.255
0.5
-0.033333333333333326
0.09037267080745344
-0.04027777777777778
0.0058333333333333405
0.3
0.4166666666666667
0.2
0.24313725490196075
0.15833333333333335
0.08333333333333334
0.0861111111111111
0.05443722943722944
-0.26249999999999996
-0.21250000000000002
0.1276984126984127
0.16818181818181818
0.0
0.20833333333333331
-0.014393939393939398
0.3
0.16
0.029761904761904774
1.0
0.06691699604743082
0.16666666666666666
0.07351058201058201
0.1
0.19166666666666665
0.0
0.0
0.16071428571428573
0.3
0.08832972582972583
-0.15555555555555556
-0.06666666666666667
-0.00654761904761904
-0.21944444444444444
-0.15416666666666667
0.0875
0.21111111111111114
-0.4479166666666667
0.029166666666666667
0.09873949579831934
0.13025210084033614
-0.03571428571428571
-0.057167658730158735
-0.051428571428571435
-0.02272727272727272
-0.07291666666666667
0.2111111111111111
0.06666666666666667
0.15584795321637426
-0.01740451388888888
0.028124999999999997
0.5
-0.11666666666666667
0.21887254901960787
0.05000000000000003
0.18757142857142858
0.20727272727272728
-0.20520833333333335
0.195
0.0
0.09000000000000001
0.2333333333333333
-0.0271660052910053
-0.23333333333333334
0.04999999999999999
0.1003125
0.38055555555555554
0.2
-0.017857142857142856
0.0
0.04130555555555556
0.06138618326118327
0.205
0.015000000000000003
-0.07249999999999998
0.0
0.5
0.24814814814814815
0.25
0.04585027100271003
-0.0347985347985348
0.017500000000000016
-0.5
0.1360805860805861
0.25
0.125
0.030426716141001852
0.15625
-0.128125
0.18125000000000002
0.14474506974506973
-0.4314814814814815
-0.40625
0.10473206086842456
0.0
0.22727272727272727
0.005093167701863368
0.25
-0.003947368421052644
0.05178571428571428
-0.014393939393939376
0.09918831168831167
-0.13664021164021165
-0.2092013888888889
0.2
0.1339745670995671
-0.07995098039215685
0.0
-0.08205128205128207
0.26616161616161615
0.13999999999999999
0.060449735449735455
0.17083333333333336
0.25476190476190474
-0.13181818181818183
1.0
-0.13181818181818183
0.08602756892230576
-0.145
0.010598290598290596
0.25
-0.04583333333333334
0.0005952380952380931
0.026623376623376622
-0.06319444444444444
0.12222222222222222
-1.1102230246251566e-17
0.09999999999999999
0.13000000000000003
0.35833333333333334
0.03472222222222223
-0.08499999999999999
-0.0707231040564374
0.10364583333333333
0.030059523809523814
0.11920995670995671
0.2357142857142857
0.04139315230224321
0.16818181818181818
-0.15
0.19166666666666665
0.6
-0.04067460317460316
0.08333333333333333
-0.11400000000000002
0.24285714285714285
0.11714285714285717
0.18354978354978355
0.07391774891774891
-0.04444444444444443
-0.11875
0.08409090909090909
0.0
0.08000992063492064
-0.03852513227513227
-0.03852513227513227
0.35833333333333334
0.18333333333333332
0.17168560606060604
0.20735930735930733
0.21103896103896103
0.2
0.171875
-0.0941468253968254
0.10888888888888888
0.026960978835978835
0.07853658536585366
-0.11875000000000001
0.07073412698412697
0.096875
0.22791666666666668
0.2333333333333333
-0.0285714285714286
0.09220779220779221
0.21629464285714287
0.0
0.29761904761904756
0.17971938775510204
0.09784231827200578
0.16666666666666666
0.0
0.1572916666666667
0.010227272727272722
0.010227272727272722
0.171875
0.010227272727272722
0.10000000000000005
0.1
0.028571428571428588
-0.15119642857142854
0.2816666666666666
-0.23333333333333328
0.06375
-0.21666666666666667
-0.16499999999999998
0.0
0.2018939393939394
0.0
-0.07224862258953166
0.003571428571428575
-0.0375
-0.5
0.10833333333333332
0.2714285714285714
0.4444444444444444
0.16666666666666666
0.18018077601410928
0.08285714285714285
0.0
0.047272727272727265
0.05285714285714286
-0.033333333333333326
0.0
-0.21712962962962962
0.16666666666666666
0.030555555555555558
0.11607142857142858
0.0
0.35
0.33632812500000003
0.0793379169849758
0.2875
-0.25
-0.055
-0.1607142857142857
-0.06999999999999999
0.05656565656565656
0.18946428571428567
0.15384615384615383
0.028571428571428564
-0.4611111111111111
-0.6999999999999998
0.11666666666666665
0.049999999999999996
0.13066666666666665
0.04318181818181818
-0.11666666666666665
0.09560922719256051
0.07041666666666666
-0.07522875816993464
0.015909090909090907
0.20158730158730157
0.07291666666666667
0.21428571428571427
0.0
0.11916233766233766
0.2465909090909091
0.14017857142857143
0.0
-0.12708333333333333
0.0
0.04415584415584415
0.07341269841269843
-0.275
0.21666666666666667
-0.05297619047619047
0.06759259259259259
0.035476190476190474
-0.09791666666666667
-0.053571428571428555
-0.01741071428571428
0.09047619047619047
0.029356060606060608
0.28125
0.08319805194805195
0.10811111111111109
0.29940476190476195
0.25
0.3
0.05952380952380952
-0.00955974842767295
-0.125
0.3952380952380952
0.03079710144927535
0.04919973544973545
0.375
-0.2833333333333333
0.05625
0.16666666666666666
0.18611111111111112
0.09285714285714286
0.05541666666666667
0.15999999999999998
0.03051948051948053
0.07500000000000002
-0.03686868686868688
0.20454545454545456
-0.6999999999999998
-0.00377661633759195
-0.2904761904761905
0.004720279720279717
-0.11666666666666665
0.11500000000000003
0.23710317460317462
0.0
0.008333333333333337
0.10138888888888886
-0.08333333333333333
-0.056249999999999994
0.23499999999999996
0.24259259259259258
0.07291666666666667
0.0
0.139
0.18571428571428572
0.08403825341325341
-0.18333333333333335
-0.2625
0.2
0.18373015873015874
0.07435897435897439
0.26
-0.05714285714285715
-0.06666666666666667
0.075
0.0975
-0.09675925925925927
-0.2636363636363636
0.34
0.2
-0.036363636363636376
-0.09276437847866419
-0.11666666666666668
0.1026031746031746
0.08333333333333333
-0.0805844155844156
-0.04
0.0225
-0.002083333333333326
0.0
-0.03228021978021977
0.10936639118457302
-0.04114163614163614
0.11563877522781629
0.034273772204806686
-0.02480158730158731
0.11294642857142857
0.0389484126984127
0.28125
-0.08571428571428573
0.025
0.03333333333333333
-0.24500000000000002
0.10703703703703704
0.20264550264550266
0.2388736994000152
0.06000000000000001
0.15047619047619049
0.11421130952380953
0.0
0.0
0.13377192982456143
0.5666666666666667
0.0
0.14727272727272728
-0.6833333333333332
0.08750000000000001
-0.004761904761904763
0.2855218855218855
-0.14722222222222225
0.2
-0.09669252044252043
-0.04999999999999999
0.062301587301587316
-0.5
-0.25
0.2303977272727273
0.026620370370370367
0.08296296296296295
0.25416666666666665
0.08920454545454547
0.25
0.0
0.058235489000795115
0.26666666666666666
0.041287878787878776
-0.15
0.03321428571428572
0.19106112141826426
0.0
0.1694736842105263
0.09999999999999999
-0.275
0.007088744588744586
0.2314285714285714
0.09999999999999999
-0.1
0.42818181818181816
0.16904761904761909
0.1305194805194805
0.2
-0.25
0.19
-0.75
0.10770944741532976
0.1875
-0.28777777777777774
0.0
0.3111111111111111
0.0
-0.15936507936507935
0.0
0.22142857142857145
0.38166666666666665
0.18124999999999997
0.1125
0.022222222222222223
0.10075051759834368
0.10925568181818182
0.16912698412698413
0.26
-0.017763157894736856
0.06648809523809525
0.0
0.05238095238095241
0.3244047619047619
0.22000000000000003
0.2833333333333333
-0.0125
-0.27749999999999997
-0.34131944444444445
-0.09895833333333334
0.2857142857142857
0.06708333333333334
0.2
0.321875
0.03888888888888889
-0.23697916666666669
0.2
0.01588624338624339
0.2
0.22053571428571428
0.1505952380952381
0.167
0.11875
0.09125
-0.26458333333333334
-0.057187499999999974
-0.0017857142857142874
-0.1625
0.0
0.3230769230769231
0.12000000000000002
0.11666666666666665
-0.2
0.05416666666666667
0.061111111111111116
-0.11360544217687077
-0.013888888888888897
0.1
-0.19642857142857142
0.13571428571428573
-0.008562901744719943
0.14074074074074075
0.07996800301148127
-0.1827272727272727
0.3125
0.056317204301075265
0.03815789473684211
-0.23333333333333336
-0.5
0.1
0.13537918871252205
0.13353174603174603
0.015277777777777779
-0.07771045918367347
0.0
-0.08240740740740743
-0.03640350877192982
0.08196428571428571
-0.06440476190476191
-0.1
-0.009999999999999998
0.007022144522144535
-0.11547619047619048
-0.019999999999999973
-0.07456709956709956
-0.06391465677179964
0.005000000000000002
-0.031150793650793637
-0.27882653061224494
-0.10000000000000002
0.2552910052910053
0.039999999999999994
0.13333333333333333
-0.09075757575757576
0.0
0.2
0.0625
-0.044444444444444446
-0.16666666666666666
0.1104938271604938
-0.03305785123966942
0.2
0.0
-0.05535714285714288
0.33999999999999997
-0.022222222222222206
-0.3109375
0.029166666666666674
-0.057499999999999996
0.13149747754398922
0.024999999999999994
-0.02587719298245615
-0.041498316498316506
0.18000000000000002
0.020000000000000007
0.225
0.11591269841269843
0.026507936507936494
0.13514492753623192
-0.0225
0.15
0.015313390313390308
0.07106481481481482
0.01658163265306123
0.195
0.08055555555555556
0.20833333333333334
0.13672619047619047
0.2
-0.2222222222222222
-0.016071428571428577
0.22666666666666666
0.07210144927536233
-0.05834247076023392
0.12166666666666666
0.10634920634920635
0.30000000000000004
0.0839090909090909
0.25000000000000006
0.22500000000000003
0.059523809523809534
0.1301666666666667
0.0625
-0.09166666666666669
0.03780193236714977
-0.14125
0.13333333333333333
-0.06319444444444446
0.18666666666666668
-0.026666666666666682
0.24166666666666667
0.10094696969696972
0.08311553030303029
-0.05
0.1260204081632653
-0.38333333333333336
0.13999999999999999
0.0
0.07991452991452992
-0.22916666666666666
0.17625000000000002
-0.20333333333333334
-0.0919890873015873
0.023202614379084975
0.0
0.0
-0.07779750631313129
-0.21369047619047615
-0.14652777777777778
-0.016028987352516767
-0.05
0.18601503759398497
-0.5
-0.033333333333333326
0.16250000000000003
0.17291666666666666
0.021153846153846148
-0.15185185185185188
0.07775297619047619
0.13214285714285715
-0.15624999999999997
-0.1658333333333333
0.08888888888888889
0.0
-0.3583333333333332
-0.051875
-0.024523809523809538
0.0
0.034166666666666665
0.1373015873015873
0.05000000000000001
-0.017187088274044804
0.07400000000000001
0.07142857142857141
-0.08582611832611832
0.06262019230769231
0.010446127946127938
0.22247474747474746
-0.05811688311688311
0.010446127946127938
0.075
-0.07407407407407406
0.10416666666666667
0.06679383116883118
0.012710437710437705
-0.10572916666666665
0.07619047619047621
-0.20470679012345677
0.4333333333333333
0.32
-0.04945054945054945
0.18333333333333332
0.015476190476190477
0.11831955922865013
-0.16
1.0
0.0871162280701755
0.1622727272727273
0.1079522497704316
0.11831955922865013
0.022901234567901232
-0.03681318681318681
0.16111111111111112
0.03869047619047618
-0.1875
-0.2056818181818182
0.08333333333333333
0.20272727272727273
-0.23333333333333334
0.15164835164835166
-0.07776041666666665
0.05
-0.3
0.1069047619047619
-0.10833333333333334
0.2
-0.03333333333333334
0.425
0.07500000000000001
-0.05452317290552584
-0.09999999999999999
-0.15250000000000002
-0.10285714285714284
-0.05
-0.49374999999999997
-0.6666666666666666
-0.23833333333333334
-0.15
0.10339826839826838
0.06666666666666667
-0.01041666666666665
0.10551948051948051
-0.09999999999999999
0.2
-0.004445057685798428
-0.05625
0.2010989010989011
0.13874999999999998
-0.5
-0.038541666666666655
0.0
0.05606060606060607
0.047042266519010716
-0.05833333333333333
0.75
-0.5
0.26606060606060605
0.1
-0.16666666666666666
0.25
-0.03472222222222223
0.024999999999999994
-0.1284090909090909
0.1584375
0.2
0.026666666666666658
0.23125
-0.03333333333333335
0.1
0.06346153846153847
0.018068181818181817
0.25
-0.3
-0.06732804232804232
0.018750000000000003
-0.203125
0.2333333333333333
0.0
0.0
0.1438276397515528
0.08976351245372982
0.0
0.12083333333333332
-0.15625
0.2596491228070176
0.40249999999999997
0.19374999999999998
0.43333333333333335
0.3
0.11224489795918369
0.0
0.2346275252525252
-0.11607142857142858
-0.4083333333333333
0.13100000000000003
0.11494949494949495
-0.07055555555555552
-0.020877192982456137
0.06666666666666665
0.14545454545454548
-0.6999999999999998
0.04083333333333332
0.25238095238095243
0.19999999999999998
0.16
0.33333333333333337
0.15833333333333335
0.15110837438423647
0.0743877551020408
0.15416666666666667
0.07928240740740743
0.41111111111111115
0.06666666666666667
0.26666666666666666
0.04101307189542482
0.032613510520487284
0.014571428571428569
0.3238095238095238
0.26484848484848483
0.25857142857142856
0.0011363636363636465
-0.004220779220779207
-0.08802437641723357
0.02055555555555556
0.23333333333333336
0.13333333333333333
0.25833333333333336
0.03888888888888888
-0.08492063492063491
-0.15499999999999997
0.05454545454545454
0.09204545454545453
0.35580357142857144
0.0
0.09736842105263158
0.14524793388429752
0.18333333333333335
-0.030034013605442177
0.1600666666666667
0.22578125
-0.07250000000000001
0.31530303030303036
-0.02559523809523809
0.26420995670995673
0.2088888888888889
-0.028787878787878793
0.1
0.010416666666666657
0.04545454545454545
0.053125
0.125
0.07958540482954546
0.14080086580086576
0.19880952380952377
0.09533333333333335
-0.0069444444444444475
0.2857142857142857
0.0
0.17500000000000002
0.1616284618995463
0.0
0.3046428571428571
0.0
-0.2285714285714286
-0.16
0.0
0.12866419294990725
0.05212053571428572
0.1
0.09711538461538463
0.2199074074074074
0.22329192546583854
0.055555555555555546
0.22954545454545455
0.18610595753452897
0.1259090909090909
0.13285714285714284
0.07916666666666666
-0.03125
0.0255731922398589
0.375
0.04845648604269293
-0.3125
0.25089285714285714
0.31999999999999995
-0.021296296296296296
0.037500000000000006
0.0020833333333333363
0.001282051282051286
0.04
0.11875000000000001
0.13684463684463685
0.08310657596371882
0.07380952380952381
0.20311808561808561
0.0293425942398545
0.0033333333333333257
0.08226495726495726
0.03345543345543345
0.05000000000000001
0.030225885225885225
0.07384920634920636
0.046279761904761886
0.06145833333333334
0.23433333333333334
0.20000000000000004
0.25
0.019444444444444434
0.012724867724867738
-0.3
0.16904761904761906
0.03500000000000001
0.5333333333333333
-0.03125
0.024328512396694212
0.12142857142857144
0.08350340136054422
0.02777777777777778
-0.12619047619047621
0.5
0.04112554112554113
0.03
-0.0625
-0.10850694444444445
0.19045072574484337
0.375
0.09086444805194803
0.14708333333333334
0.014481707317073168
0.022390847247990103
0.06666666666666667
0.32499999999999996
0.1
0.05000000000000001
0.08787878787878786
-0.2
0.19831168831168833
-0.06462585034013606
0.2285714285714286
0.04
0.025000000000000005
0.175
-0.25416666666666665
-0.02803030303030303
0.0
-0.005972222222222212
0.14922161172161175
0.22785714285714284
-0.07410714285714284
0.10625
-0.02017396184062852
0.20205128205128206
-0.02544642857142857
0.1422932330827068
-0.125
0.0
0.1
-0.25
0.35000000000000003
0.18434343434343434
0.22833333333333336
0.04120370370370371
0.05075757575757577
0.05
0.0066666666666666706
0.275
0.08547297297297297
0.015909090909090907
0.015909090909090907
0.027156177156177165
-0.02615591397849463
0.15833333333333333
0.2333333333333333
0.1781084656084656
0.2
0.2840909090909091
0.22714285714285712
0.185
0.12500000000000003
0.0862996423865989
0.25
0.00720238095238096
0.0
0.11573580775285323
-0.12887755102040815
0.3
0.010000000000000009
-0.3
0.0
-0.13881387921022065
0.05
1.850371707708594e-17
-0.1094295900178253
0.03333333333333334
0.19785353535353536
-0.023437499999999997
0.05273015873015878
0.3
0.05722222222222222
0.03636363636363636
0.04272250566893424
-0.016593137254901955
0.0
0.21097162097162098
0.01777777777777778
-0.25
0.11950549450549451
0.24444444444444446
-0.025974025974025983
-0.5
0.024999999999999998
0.03076298701298701
-0.1259259259259259
0.1037037037037037
0.0
-0.5333333333333333
0.22891156462585036
0.03253968253968253
-0.43333333333333335
0.25
-0.014285714285714278
0.1622933201058201
0.12492424242424242
0.0909090909090909
0.0
0.16770334928229666
0.10551948051948051
0.0
0.08083333333333334
0.14375
0.024166666666666677
0.2025
0.0625
0.0
0.18205782312925173
0.07722222222222222
0.09375
-0.10555555555555556
0.09428571428571428
-0.4238095238095238
0.22142857142857145
-0.3125
-0.06165413533834584
0.10757575757575757
0.10166666666666666
-0.01599927849927849
0.03492063492063492
0.11341325341325342
-0.07500000000000001
0.03525974025974027
0.29080086580086584
0.045535714285714284
0.35
-0.0023809523809523703
-0.06018518518518518
-0.10321969696969698
0.14066666666666666
0.08205128205128207
0.11693121693121693
-0.175
0.15069444444444444
0.07205962059620598
0.12142857142857143
0.008333333333333331
0.14311346548188653
0.14666666666666664
0.10911976911976912
0.0761904761904762
0.35
0.11325386215092097
0.042499999999999996
0.06690476190476191
0.04999999999999999
-0.07545787545787547
-0.027847985347985348
0.10416666666666667
0.033536255411255406
-0.011007395382395382
0.0167857142857143
0.19449404761904757
0.2857142857142857
-0.07985347985347985
0.059375
-0.07371794871794872
-0.45
0.1
0.1
0.09
-0.009259259259259254
0.09543650793650793
0.1527777777777778
0.0625
0.2
-0.125
0.18
0.11944444444444444
0.28939393939393937
0.1416666666666667
-0.1
-0.02997685185185185
0.14205947781290243
0.0
0.09730158730158732
0.48854166666666665
0.1218975468975469
0.17278630460448643
0.125
0.12008928571428572
0.15257335257335256
-0.029166666666666667
0.15996240601503758
0.19047619047619047
-0.10833333333333331
0.15
0.13273809523809524
0.275
0.25
0.008928571428571426
0.1294871794871795
0.18090909090909094
0.1588744588744589
-0.0050000000000000044
0.11096938775510203
0.23482142857142857
0.04458333333333332
0.05547619047619049
0.3111111111111111
0.39
0.17393939393939398
0.35
-0.034999999999999996
0.02348484848484849
0.1101190476190476
0.0725
0.17108225108225109
0.12726856476856477
0.016666666666666666
0.5
0.55
1.0
0.2387012987012987
0.07807486631016045
0.0
-0.05637037037037036
-0.25
0.06666666666666668
-0.051851851851851864
0.0
0.065625
-0.125
-0.17142857142857135
-0.005336617405582925
-0.03972222222222222
0.020833333333333336
0.25625
0.07457482993197277
0.24000000000000005
-0.2
0.0
-0.17361111111111108
0.20833333333333334
0.125
0.19652777777777777
0.35454545454545455
-0.5
0.17051282051282052
0.06011078042328042
0.0
0.12734374999999998
-0.03928571428571429
0.06818181818181818
0.06383549783549781
-0.175
-0.018518518518518524
0.295
-0.014814814814814812
0.022363945578231285
-0.14285714285714285
0.8
0.0
0.053333333333333344
0.05406162464985994
-0.06666666666666667
0.11604938271604939
0.16857142857142857
0.14173534798534798
0.13938852813852814
0.010416666666666668
-0.43333333333333324
0.4
-0.05714285714285714
0.05833333333333333
-0.14444444444444446
0.14435763888888892
0.225
0.15416666666666667
-0.015404040404040408
0.03311688311688311
0.038675213675213684
-0.3666666666666667
0.15000000000000002
0.22068452380952377
-0.012857142857142857
-0.625
0.15
0.5
