-0.08916982323232324
0.12807333333333334
-0.057333333333333326
-0.1623410218253968
-0.08333333333333333
0.17383333333333337
-0.039575617283950586
-0.36269999999999997
0.09633333333333334
0.1351615520282187
0.05555555555555555
0.22534444444444446
0.07310833333333333
0.20667861952861952
0.19743888888888886
-0.02257999999999999
0.10933333333333334
-0.33
0.1543310245310245
-0.16533333333333333
0.12756674148896371
-0.08084549832883166
-0.003137345679012332
0.5075481481481482
-0.014377104377104384
-0.11294666666666668
0.042069493346160024
0.12229552990219657
0.10082374338624338
-0.051016666666666675
-0.07007682980599649
-0.040274291938997835
-0.04045555555555557
0.06895595238095238
0.15274444444444446
-0.004171428571428566
0.024284356384356387
-0.3897111111111111
-0.02070052910052909
-0.08612777777777776
-0.2193101851851852
-0.00954222222222221
-0.129196626984127
-0.05313964646464645
-0.27121043083900226
-0.047133333333333326
0.23095
-0.09166666666666667
0.2106472222222222
0.07822808012093727
-0.45008333333333334
-0.17452222222222222
-0.1545052154195011
-0.1167699074074074
-0.005149886621315204
0.11322683982683983
-0.061036763364349565
-0.120525
-0.08483333333333333
-0.27292777777777777
0.06735333333333333
0.02644444444444445
-0.15755239621489622
-0.06088592592592592
-0.18333333333333335
-0.10483514739229026
-0.1274422222222222
-0.08899044834307991
0.30677499999999996
-0.08575925925925927
-0.09091111111111111
-0.11904761904761905
-0.34626666666666667
-0.041666666666666664
-0.18018879706152433
-0.24312853535353537
-0.06574861111111112
0.08910370370370373
-0.026935786435786455
0.0073425925925925855
-0.43495185185185187
-0.1938361111111111
0.01688412698412699
-0.27084814814814817
0.1560260101010101
-0.173725
0.03757088023088025
-0.13331367597544067
0.1455666666666667
-0.2459516666666667
0.13396666666666665
0.04682374338624338
0.3444333333333333
-0.16948256029684602
-0.4786166666666667
-0.037758847736625495
-0.09969814814814813
0.11927111111111115
0.08916041666666667
-0.08506296296296297
0.0
-0.17264166426166425
-0.06718611111111111
-0.1246962962962963
0.01392222222222223
0.1357611111111111
0.11118945005611673
0.007556666666666656
0.2271513888888889
-0.025925925925925932
0.3957387188208617
0.18081626984126983
-0.08122486772486771
-0.12223741496598638
0.11262666666666665
0.12098552188552188
-0.31491111111111114
0.055296823267172085
0.05604814814814815
-0.22751851851851854
0.05464814814814812
-0.1276925925925926
0.1320688888888889
-0.06904208754208753
-0.16577407407407407
-0.20400555555555555
-0.15409444444444445
0.057116666666666656
0.04622255892255889
-0.0855
0.19932380952380957
-0.24424924414210128
-0.07471604938271603
-0.11527460317460318
-0.43323463203463203
-0.05164333333333334
0.030376234567901228
0.12384444444444444
-0.14093333333333333
0.13291555555555556
-0.07747543859649124
-0.2717461375661376
-0.11340092592592595
-0.03288888888888889
-0.05709777777777777
0.037631507936507935
0.054027272727272736
0.10064666666666665
0.10268333333333333
-0.09725333333333334
-0.13599777777777777
0.07801380471380472
-0.26215555555555553
0.45183333333333336
-0.08096984126984126
0.033277777777777795
-0.03291111111111111
-0.1856277777777778
-0.06321269841269841
0.19241818181818182
-0.03268363095238098
0.039544444444444445
-0.1214994708994709
-0.20759777777777777
-0.06570000000000002
0.245475
-0.38244999999999996
0.03520000000000003
-0.07807777777777779
-0.10233055555555555
-0.2939714285714286
0.010760774410774415
-0.11926949494949494
0.09948939763939761
-0.0840527777777778
-0.11149305555555555
-0.04082063492063493
0.09324074074074074
-0.06586074074074073
0.1576
0.03958888888888889
0.043647619047619046
-0.06314869708994708
-0.03975238095238094
-0.11102380952380952
-0.32206666666666667
-0.5844703703703704
-0.07859523809523808
-0.28614999999999996
0.00398253968253968
0.09564025573192242
-0.17041666666666666
-0.03473988095238095
0.07102513227513228
-0.0017142283950617083
0.018177777777777775
-0.3562981481481482
-0.05624499625888513
-0.06458384851016431
-0.05624499625888513
-0.24562222222222221
-0.04749400161030596
-0.013741666666666652
-0.09984677871148462
-0.20605164609053497
0.16666666666666666
-0.024846649029982362
0.027936666666666683
0.06897407407407408
0.08452234840190798
-0.14126666666666668
-0.03474722222222223
-0.16590611383442264
-0.13886574074074073
0.02933604826546003
-0.03492222222222222
-0.2238404761904762
-0.0072354497354497295
0.18984285714285712
-0.059651851851851845
-0.09199290123456792
-0.04565524290524292
0.026118686868686864
0.049677777777777786
-0.0898148148148148
-0.07326944444444444
-0.0868219696969697
-0.08554920634920637
-0.1295156325156325
-0.05086875
-0.09182896825396825
-0.03293472222222222
0.045252738095238075
-0.11111111111111112
-0.2463
-0.019449084249084245
-0.19343862433862435
-0.05835833333333334
-0.06513703703703702
0.05303030303030303
-0.03094320987654321
0.005734318338666167
-0.17623333333333333
-0.06244370370370369
-0.015216137566137572
0.10933333333333334
-0.10285912698412698
0.003022222222222241
-0.23473369963369964
0.07522740740740741
-0.04369259259259258
0.19067037037037038
0.08325833333333332
0.10704666666666668
-0.11935793650793651
-0.21232962962962962
0.19146666666666667
0.16463333333333333
0.05246666666666666
0.11486666666666667
-0.0033968253968253933
-0.2519740740740741
-0.19970570672713528
-0.019305555555555538
0.17863333333333334
0.25956851851851853
-0.15332444444444446
-0.02950631280631279
-0.3560666666666667
-0.15239444444444447
0.10295232804232805
0.14307499999999998
-0.13655151515151515
0.04834222222222221
-0.0774369125427949
0.3196
0.22421481481481478
-0.09905416666666667
-0.05908333333333332
-0.03303333333333333
0.14296752136752136
-0.01709141414141414
-0.16019102292768958
-0.1315484066859067
-0.0572111111111111
0.09247519841269843
-0.01172148148148148
-0.1100120907487574
0.08902855276907
-0.16590000000000002
-0.12446249999999999
-0.035779166666666674
0.035053284121294874
-0.09438606701940035
0.03952978767264482
-0.06951666666666667
0.010384081254724129
-0.09854074074074075
0.0005822222222222293
-0.29415975135975136
0.29011464646464646
0.02506944444444445
-0.13958474426807763
0.01576666666666667
-0.09858386243386245
0.0
0.09313333333333333
-0.05995028328310642
0.18140185185185184
-0.021115997510115166
-0.06754761904761906
-0.3891333333333333
-0.17106666666666667
0.0872070954644484
-0.03078090277777777
0.052804232804232805
0.06870694444444443
0.14075248677248678
0.10488624338624337
-0.2201636488340192
0.053601613537977176
0.007338075196408518
-0.4274952380952381
-0.08941189674523008
0.07079565763454652
0.007487407407407397
0.04123131313131315
0.09537072310405643
0.08113703703703702
-0.00551666666666666
-0.07890405643738978
0.08349054001554002
-0.19807111111111111
-0.13413333333333333
0.17543333333333333
-0.011643386243386263
-0.051709722222222226
-0.09432356902356903
-0.15721666666666664
-0.13656190476190477
-0.005358604358604348
-0.08752666666666668
0.0
-0.26790833333333336
0.1493015873015873
0.042633333333333336
0.002520758870758875
0.011853246753246768
0.04521333333333335
0.09231805555555556
-0.09167567247567247
0.01706746031746031
0.1363666666666667
-0.10500092592592593
-0.24932042328042334
-0.2747041666666667
-0.10607154080487413
-0.10116984126984126
0.015394603174603191
-0.03535555555555555
0.0014898148148148234
0.025322222222222218
0.22355185185185186
-0.21789999999999998
-0.13923809523809524
-0.02490170940170942
0.16375714285714285
0.022493827160493824
0.009324603174603147
0.004291309523809507
0.08274999999999999
-0.08220384615384616
0.010650000000000012
-0.5190425925925926
-0.04251894841269841
-0.032112278244631164
-0.06272222222222222
0.2333333333333333
-0.35246666666666665
0.06974348244348243
0.08415327635327637
-0.061153535353535356
-0.07294285714285716
-0.13633756613756612
0.12805833333333333
-0.022800692774303893
-0.00896666666666667
-0.30735127410468316
-0.16518635332921047
-0.11140533769063181
-0.2341697433518862
0.0
-0.025914155934910633
-0.030241975308641995
-0.0304
0.11025717171717171
0.013333333333333334
0.1010626262626263
-0.028666666666666663
0.057861111111111106
-0.03517716049382718
0.19415000000000002
-0.04711777777777778
0.03351666666666666
-0.09203425199139485
-0.03175958994708996
-0.15090555555555554
-0.10737407407407405
-0.1437125
-0.17220000000000002
-0.19782160379303235
-0.05931666666666666
-0.04750117845117844
-0.004237037037037039
-0.08156945520366572
0.12961783234126986
-0.062165432098765426
0.11009583333333334
-0.035588888888888885
-0.110825968013468
0.009996053143479613
-0.13998080808080807
0.08385805860805862
-0.0036500000000000052
-0.013459259259259263
-0.29259569160997734
0.08352916666666665
0.015641269841269827
0.021692901234567897
0.01682222222222222
0.15743333333333334
-0.2948527777777778
0.11992222222222225
-0.2814123232323233
0.17538333333333334
-0.090010580438685
-0.006622222222222233
0.027297306397306393
-0.09383333333333332
-0.04073164983164984
0.10955291005291008
-0.1610912698412698
0.1606
-0.03613435083435083
0.16666666666666666
0.02919437229437233
-0.048869282488198294
0.18398095238095236
0.0014216931216931388
-0.0589415004748338
-0.13923940145502647
0.006066666666666665
-0.09023700918964077
-0.17598333333333335
-0.1494222222222222
-0.15709230787917658
0.27903055555555556
0.09659444444444444
-0.08327333333333334
-0.653411111111111
-0.14570666666666668
0.022475489228120826
0.49429999999999996
0.020299149237858916
0.03352962962962961
-0.1366850358422939
-0.2103571428571429
-0.29858333333333337
-0.23149444444444445
-0.047989583333333335
0.0031292929292929283
-0.35246666666666665
-0.04955527065527065
0.12227823129251701
0.3708
0.0012974493613382247
0.23496296296296296
0.03274999999999998
-0.15643428484214197
0.014236296296296266
0.07107205387205388
0.018415873015873014
-0.004097716275494055
0.14718194444444443
0.09847962962962964
-0.10442809523809525
-0.0030036598983027344
0.022733333333333345
0.19492222222222225
-0.18725
0.3403833333333333
0.006790493827160501
-0.06788333333333332
-0.04466666666666667
0.020751851851851872
0.06330675381263613
-0.04836666666666667
0.03718333333333334
-0.06894444444444445
0.005443338143338139
0.1509
0.3373164021164022
-0.26510586419753085
0.1698666666666667
0.12764565434565436
0.0
-0.17913503086419755
0.13170370370370374
-0.008341666666666664
0.17140740740740745
-0.24500833333333336
-0.07412424635077695
-0.04654999999999999
0.016216031027795712
0.16822308802308802
-0.014602380952380941
-0.004722222222222193
-0.026291341991342
0.11687507936507939
-0.03882547631766383
-0.11522942386831275
-0.08265421768707482
-0.0008888888888888835
-0.1426404761904762
-0.3527611111111111
0.27994074074074066
-0.06722222222222222
0.14108404981262126
0.060243562610229305
-0.09763852813852815
0.011166666666666674
-0.00033222222222222333
0.12014863707720853
0.054613748597081936
0.09872727272727273
-0.0745543650793651
-0.01783650793650793
0.010086913580246918
-0.08620555555555558
0.0601488095238095
-0.11223333333333335
-0.023833333333333335
-0.06724999999999999
0.16037597402597403
-0.19337160493827157
-0.1245356725146199
-0.1393468491353783
0.09451666666666665
-0.2758731040564374
-0.09817916666666666
-0.2773456790123457
-0.033638756613756614
-0.08653282828282828
0.06335694444444444
-0.10611481481481481
-0.12163524305555555
-0.38535
-0.007017592592592603
0.5009777777777777
-0.13924074074074075
-0.08524675925925927
-0.035040740740740754
-0.24503333333333335
-0.11447224627224628
-0.039575992063492056
-0.31258888888888886
-0.14206666666666667
0.0521602203045912
-0.02275138888888888
-0.021457671957671943
0.22902727272727272
0.10557619047619048
-0.07189418221479625
-0.14984512987012985
-0.007261111111111107
0.10998333333333332
-0.10943333333333334
-0.297390404040404
-0.06745555555555556
0.04729404761904762
-0.24206666666666665
0.3421166666666666
-0.142590349002849
-0.006113364687438783
-0.10422763153186465
0.028150158730158723
-0.18344011544011543
-0.10578888888888889
0.023748148148148147
-0.2655
-0.14725833333333335
-0.16885641025641027
-0.6682222222222222
-0.16613235653235656
-0.12676666666666667
0.07353236064347175
-0.05488888888888888
0.017155555555555563
-0.18814585537918868
0.2269888888888889
0.11983333333333333
0.017483333333333333
-0.1024574074074074
-0.18816608946608948
-0.11244680134680134
-0.07843703703703704
-0.29776296296296295
-0.01364999999999999
0.04695277777777778
-0.08164196900982618
0.1796796296296296
0.058926666666666655
-0.03883240740740742
-0.07601296296296296
0.2637364197530864
-0.07410105820105821
-0.0689351851851852
-0.12061845238095238
-0.11641706349206349
-0.06545925925925926
-0.016574768518518523
0.06944444444444445
-0.03548740740740742
0.31253333333333333
-0.09628333333333333
-0.311321164021164
0.07334814814814815
-0.07328592592592591
-0.1468936507936508
-0.01886209150326799
-0.03442180239245455
-0.09776089466089466
-0.027791005291005293
-0.47959653679653674
0.056814110805019906
0.08333333333333333
-0.2937592592592592
0.15216464646464647
-0.03618765432098762
-0.13010972222222222
-0.1298544191919192
0.07858888888888889
-0.15356966490299825
-0.1226560606060606
0.0476
-0.09512222222222223
0.2637888888888889
-0.06909444444444446
-0.1443033267033267
-0.12802962962962963
-0.27896666666666664
0.17463333333333333
-0.21846243386243389
0.039776592592592606
0.35368333333333335
-0.2901
-0.2638111111111111
0.09246910279263221
-0.17496984126984128
-0.05237753882915174
-0.18076666666666666
-0.02655032918470418
0.0602388888888889
-0.18293510101010102
0.022755050505050504
-0.03258888888888889
-0.15097967429396
0.016666666666666663
0.011363617123617128
-0.05070608465608465
-0.033298765432098774
0.4675288888888889
-0.08073333333333334
-0.22288571428571427
-0.09951238095238096
0.05334791666666666
0.2171288290679095
-0.00036889129389129405
0.2016
0.13679405162738492
-0.03333333333333333
-0.2448847222222222
0.15033518518518518
-0.29744444444444446
0.3068759595959596
-0.11062441421012852
-0.01107619047619048
0.009686640211640202
-0.20445
-0.040830000000000005
0.07458787878787876
-0.3193666666666667
-0.07519166666666667
-0.07519166666666667
0.03933888888888889
-0.09655185185185185
0.03231501122334455
-0.08518181818181819
-0.3672074074074074
-0.003142222222222222
-0.1547888888888889
-0.1788925925925926
-0.0938
0.19602222222222224
0.10933333333333334
0.14883333333333335
0.15644539682539682
0.033862138999118184
-0.08874316077441076
-0.05593827160493825
-0.10617183557183558
-0.41401666666666664
-0.2706939393939394
-0.16297654320987653
-0.1788533333333333
0.00013950617283948336
-0.07225333333333332
-0.12886666666666666
-0.2886888888888889
-0.21222828282828285
-0.12644609399315282
-0.3505583333333333
-0.15501703703703704
0.0059600000000000165
-0.05793333333333334
-0.05723272907647906
-0.2923527777777778
-0.0317582911178656
-0.15476560846560847
-0.1827861111111111
-0.024603030303030293
-0.1807811111111111
-0.09558333333333334
-0.16452
-0.007875000000000002
-0.1186374485596708
0.07866666666666666
-0.12304761904761907
0.05442500000000001
-0.09893333333333332
-0.1019074074074074
0.07035795855379186
-0.09999999999999999
0.040860317460317465
-0.040854861111111106
-0.1695388888888889
0.02019444444444445
-0.19180833333333333
-0.16790000000000002
-0.1622388888888889
0.13538333333333333
-0.52395
-0.1365989417989418
-0.28934166666666666
0.0
0.11662222222222222
-0.21499841269841272
-0.07579999999999999
-0.013363333333333338
-0.07755555555555556
-0.260175
-0.22485972222222225
-0.13969555555555555
0.10265555555555557
-0.1589
0.03451481481481481
-0.09940277777777778
-0.1480484126984127
-0.09130828924162256
-0.04108658008658009
-0.13656666666666664
-0.1411512345679012
-0.2840666666666667
-0.09545277777777776
-0.10680952380952384
-0.05469333333333334
0.0537274074074074
-0.20468501984126983
-0.5191333333333333
-0.14079444444444444
0.15641666666666665
0.01615873015873015
-0.17071666666666666
0.02451851851851854
-0.13189166666666666
-0.22464166666666666
-0.12149714285714286
0.09095925925925928
-0.23487777777777777
-0.08070092592592593
-0.07906888888888887
0.0
-0.22371484688151355
0.07056666666666667
-0.27482222222222225
0.043633333333333336
0.05962701288244767
0.4993625
-0.21122962962962966
-0.4274351851851852
-0.09198765432098764
0.030952188552188564
-0.11318444444444442
0.03010185185185184
-0.09530298492562643
-0.3310666666666667
-0.35558333333333336
0.10012407407407409
-0.055966666666666665
-0.008840000000000034
-0.09784043118257406
0.13577380952380955
0.04863007346189165
-0.5149666666666667
-0.04193333333333333
0.07473863792243424
0.27081666666666665
-0.22423333333333337
-0.21195
0.03039589947089949
-0.3805055555555556
0.014655555555555533
0.02880000000000001
-0.0651
0.060416666666666674
0.0023249999999999937
-0.19972666666666664
-0.0008049382716049334
-0.10365333333333333
-0.04540333333333333
-0.13746868686868685
-0.015064691358024684
0.0777111111111111
-0.004517777777777769
-0.14430505952380954
-0.15094444444444444
0.004848888888888903
0.023300246913580253
-0.13588888888888886
-0.19342499999999999
-0.12406194256632107
-0.05902777777777777
-0.26120864197530863
0.01928828282828286
-0.1267398148148148
-0.33784444444444445
0.010573809523809522
0.10279070294784583
-0.03313333333333335
0.025295679012345678
0.07303137973137973
0.03715925925925928
-0.23039982905982903
0.0018833333333333386
-0.12354074074074074
-0.26394914450628737
-0.21845185185185187
-0.10559166666666668
-0.1485838383838384
-0.07253333333333332
-0.034212037037037034
-0.17727619047619045
-0.11859876543209878
-0.2606
-0.38665079365079363
-0.22347555555555557
0.0074034632034632175
0.17803650793650797
0.06481545080433969
-0.05129111111111109
-0.03347222222222223
-0.4216666666666667
-0.08333333333333333
0.03273888888888887
-0.06059388888888889
-0.27619047619047615
-0.00344999999999999
-0.17886666666666665
-0.10991753181753182
-0.13285278795278796
0.21766666666666667
-0.08646666666666665
0.05701507936507938
-0.10969166666666667
-0.5191333333333333
-0.07667801293356848
-0.04820322580645162
-0.0639330687830688
0.09427037037037038
-0.21096666666666666
-0.06241428571428572
-0.012811111111111143
-0.15
-0.2821
-0.09268329725829727
-0.07195831863609642
0.02359765512265512
-0.01694000000000001
-0.26539444444444443
-0.07103749999999999
-0.32505
-0.04971402918069584
-0.007786574074074082
-0.0855460484897194
-0.03859135802469136
-0.061983333333333314
-0.09772222222222222
0.12628781179138324
-0.05052473283560243
-0.20069259259259256
-0.07094583333333333
-0.23148518518518515
-0.1789425925925926
0.07349722222222223
-0.11763333333333333
-0.06872554112554112
0.05914222222222223
0.005572222222222219
0.1520688552188552
-0.14371344930789373
-0.03783381990094953
-0.3535333333333333
-0.11705
-0.0747530864197531
0.26583333333333337
0.06454821428571429
-0.12035555555555555
-0.031175605413105406
0.001618888888888892
-0.27156543209876544
-0.027192592592592598
-0.2095
-0.04260370370370369
0.029763888888888892
-0.01605433891505321
-0.05175555555555555
-0.0099888888888889
-0.023839065255731925
-0.12637114226769397
0.15052916666666669
0.011311189119522466
-0.007195225497606465
0.024610921177587824
-0.20445
-0.03476027966742252
-0.09550666666666664
-0.15647045177045174
0.11775333333333333
0.17105
-0.25451481481481486
0.1849666666666667
-0.005972222222222222
-0.07950555555555557
-0.13102262827611666
0.0984814814814815
0.122735873015873
0.2278204232804233
0.122735873015873
0.09930370370370369
0.19804722222222224
0.122735873015873
0.31787777777777776
-0.07198888888888888
0.0007933242196400125
-0.039025702075702086
0.06666666666666667
-0.08160444444444444
-0.025573160173160192
-0.05258148148148148
-0.01465112433862433
0.0035203703703703773
-0.025733333333333334
-0.1254584656084656
-0.039008796296296305
-0.0545172558922559
-0.04654047619047619
0.028017037037037045
0.09496190476190473
-0.08218001309390197
-0.01260529100529099
0.039995061728395065
-0.10583333333333332
-0.19205555555555556
-0.0829104938271605
0.020061052322163448
-0.08807163012108664
0.09584166666666667
0.03264814814814817
0.25405714285714287
0.05640909090909091
0.0
-0.08346666666666665
-0.10354444444444445
-0.032013778659612004
0.03390379188712523
0.1273460978835979
0.22024444444444446
0.028200000000000003
-0.28892222222222225
-0.12711666666666668
-0.2731
0.09194999999999999
-0.020583333333333332
-0.0491
-0.11528323436554032
-0.24434814814814818
-0.05984637681159419
-0.3318263888888889
-0.13653487654320987
-0.17929575757575758
-0.06794666666666666
-0.19441666666666668
0.15434732510288063
0.0
-0.10900411522633745
-0.19404920634920633
0.07582385361552028
-0.12040000000000001
0.20775259259259263
0.1386777777777778
-0.31029814814814816
0.2136490476190476
-0.17313537414965985
-0.2982722222222222
-0.15608888888888892
-0.02421111111111109
0.2506333333333333
-0.05465
-0.1627888888888889
-0.06648034188034187
-0.060275
-0.165325
-0.14196666666666666
-0.1121272225488275
-0.13749166666666665
-0.04752861552028218
-0.0481888888888889
-0.14675555555555556
-0.059190211640211654
-0.01282037037037037
-0.023488888888888882
-0.05300555555555555
-0.05820383597883599
-0.06564695767195766
-0.1453074074074074
0.08695333333333333
0.4009857142857143
-0.08333333333333333
-0.05476190476190478
0.5756333333333333
-0.2487111111111111
0.3701111111111111
0.16818835978835978
0.004575348725348732
-0.12132380952380954
-0.1084
0.15490925925925925
-0.20204444444444447
-0.19211666666666669
-0.1394567901234568
0.23939999999999997
0.027145833333333327
-0.08372549019607844
-0.18126168144025287
0.08004040404040404
-0.09546984126984126
-0.09208075998075997
-0.09181816239316239
-0.22878333333333334
-0.010478012265512288
-0.24282222222222224
-0.16833333333333333
0.018130753968253976
-0.2740222222222222
0.10934017094017097
-0.15521224489795918
-0.004802469135802488
-0.33156309523809524
-0.16666666666666666
-0.1270814814814815
-0.05532222222222224
-0.1307920634920635
-0.0855011091305209
-0.37328055555555556
-0.04102222222222221
-0.05645932539682539
0.2849712962962963
0.04499074074074073
-0.36776666666666663
-0.06803853311439519
0.11257454545454544
-0.06033506493506493
0.2511833333333333
-0.12490124579124577
0.46507777777777776
0.01730000000000002
-0.06565757575757576
-0.2929
0.11498333333333333
0.028950000000000014
0.13915
-0.06049027777777777
0.12289576719576718
-0.023120370370370364
-0.14156234567901235
-0.09299999999999999
0.01147273662551442
-0.041647876726448145
-0.03336349822044266
-0.01676666666666667
0.0405333718133718
-0.047599999999999996
-0.1273
-0.03815831128747795
-0.06369583333333334
-0.14311767195767197
0.0709357239057239
-0.054269986513123786
-0.12346502057613168
-0.08068089990817262
-0.35246666666666665
0.0011925925925926062
0.08465727023319614
0.1813643097643098
0.1473294191919192
-0.2283212962962963
-0.057333333333333326
-0.12133333333333333
0.003895185185185168
0.06942698412698413
-0.26176666666666665
0.002352380952380958
0.06347817130139168
-0.02172704048088664
-0.14825140415140414
-0.38730000000000003
-0.14914503968253967
-0.18333333333333335
0.00487428571428572
-0.006062573872953993
-0.5134666666666666
0.007469629629629622
0.10087373737373735
0.0006095238095238006
0.09106666666666667
-0.14574444444444445
-0.057333333333333326
0.0014706349206349185
-0.11435100529100528
0.10933333333333334
0.002397517121429336
-0.06689691358024692
-0.11168333333333332
-0.002085912698412698
-0.31685238095238094
0.26983333333333337
-0.12378085901027079
-0.113475
0.21729629629629632
0.010905555555555559
-0.0832201234567901
-0.0006444444444444289
-0.17034814814814817
0.006022222222222225
0.061309523809523814
-0.5778833333333333
0.48436666666666667
-0.40009999999999996
0.0
-0.13662222222222223
-0.22539629629629632
-0.03686464646464646
0.09139634468265422
-0.11483130511463842
-0.04602675931154193
0.19454444444444444
-0.12412731481481482
-0.17287777777777777
-0.043037868480725605
-0.13160833333333333
-0.08960401002506264
0.037898389694041856
-0.13895617283950615
-0.1581688888888889
-0.3522119047619048
0.04672222222222222
-0.12040000000000001
0.03505138888888889
-0.23261594202898553
-0.16351031746031744
-0.16619555555555554
0.031066666666666687
-0.09699999999999998
0.19537246031746028
-0.006160000000000017
0.0004216049382715914
0.22492499999999996
-0.1740962962962963
-0.0939745275888133
-0.050141666666666675
-0.10208333333333335
0.10350000000000002
0.08380555555555554
-0.08838609427609427
-0.4254166666666667
-0.04803492063492063
-0.026218587805492577
0.09265109347442683
-0.04519100529100528
-0.07244444444444444
-0.13054814814814816
-0.13645429292929293
-0.6667666666666667
0.1318518518518518
-0.37729999999999997
0.024485714285714295
-0.04520000000000002
-0.13442222222222222
-0.18367708333333335
-0.015913967274152452
0.26687777777777777
-0.08224444444444444
-0.061798941798941825
-0.12081111111111109
-0.24961666666666663
-0.17658666666666667
-0.130575
-0.13431309523809523
-0.03663357217795626
0.14197466089466088
-0.11860997732426305
-0.06280383597883599
-0.04486543209876543
-0.22204938271604938
-0.41078333333333333
-0.09783608635373342
-0.15417333333333333
-0.011371428571428569
-0.2325351851851852
0.0016624999999999928
0.0029296296296296154
-0.13936875
0.24778888888888892
-0.10925925925925926
-0.38366666666666666
-0.10722361111111112
-0.14206666666666667
-0.20883580246913577
0.23695000000000002
-0.15630123456790124
-0.021446840958605686
0.129325
-0.1975145833333333
-0.24033333333333332
-0.3103388888888889
-0.0754938492063492
-0.011112962962962972
-0.11987380952380954
0.17358928571428575
0.04587333333333334
0.03496666666666667
-0.05272376775271512
-0.026495555555555574
-0.09357450142450141
0.08488711111111114
-0.039993915343915366
0.000554320987654335
-0.03477806267806268
0.0702209523809524
-0.044574537037037044
-0.07003796296296295
-0.010620634920634928
0.04647500000000001
0.2070059323392657
-0.09687698412698413
-0.009188888888888877
-0.04141746031746033
-0.12681984126984128
-0.09903586381412467
-0.20935011784511784
-0.22081111111111115
0.09640992063492064
-0.5344962962962962
0.18800000000000003
-0.09784501424501424
-0.03907497354497353
0.03788030303030303
-0.07960157126823793
-0.004383333333333332
-0.01875472411186696
-0.1608089947089947
0.16018148148148148
-0.027029629629629626
-0.023337037037037045
0.0
0.31820505050505055
-0.11661137566137565
-0.4230333333333333
-0.046321347171347164
0.04269595959595957
0.6243
-0.1400585185185185
0.10476666666666666
-0.10726666666666666
-0.10331904761904764
-0.26753333333333335
-0.29994444444444446
-0.16364444444444445
-0.0419320987654321
-0.05155833333333334
-0.13143558201058203
-0.11077575757575758
-0.28963958333333334
-0.007179999999999996
-0.11062590702947846
0.002053828197945843
-0.09650000000000002
0.041255873015873
-0.19706666666666664
-0.18249111111111113
0.18992190957190958
-0.0675888888888889
-0.09193838383838383
-0.1608857142857143
-0.1548851851851852
-0.1842222222222222
-0.03222962962962964
-0.06582916666666666
-0.3263133333333334
-0.1140235390946502
0.028840277777777774
0.0375925925925926
-0.12394
0.013288888888888887
0.08989325396825397
-0.13909316239316238
-0.08574444444444444
-0.052394888736994015
-0.10117445887445888
0.0718623507805326
-0.21188333333333334
0.0851233211233211
-0.25791111111111115
-0.017714347578347583
0.09272151675485009
0.25001349206349205
-0.16666666666666666
-0.05090666666666665
-0.05682222222222221
-0.2453277777777778
-0.021608148148148154
-0.32726666666666665
-0.1313694361772487
-0.12845396825396824
0.08132500000000002
-0.1939335497835498
0.18287160493827162
-0.06509166666666666
0.4049833333333333
-0.07030807760141095
-0.028159932659932652
0.016179910213243536
0.2241340973840974
-0.026655555555555568
0.05614722222222223
0.01026731701940034
-0.1833138888888889
-0.03838380952380952
-0.0395233653712272
-0.014363192010811052
0.12090416666666666
0.09011919191919193
-0.2382
0.2668481481481481
0.012168686868686879
-0.011296296296296299
0.095668253968254
0.2361
-0.10288463332764407
-0.0747419642857143
-0.12152060686227355
0.13925370370370374
0.04525694444444445
-0.012777777777777789
0.04298703703703707
0.05925925925925928
-0.040968116171881425
0.0
-0.6486333333333333
0.1125324074074074
-0.18509629629629631
0.11791444444444443
-0.07908783068783069
-0.09071111111111109
0.0680511111111111
-0.13182457912457912
0.08526041666666666
0.022780952380952384
-0.09718457671957674
-0.003261094576719572
0.24514126984126985
-0.09724298671849692
0.018270758377425034
-0.2046472222222222
0.1644
-0.016485714285714284
-0.25001111111111113
-0.04419259259259258
-0.31198333333333333
-0.07632037037037039
-0.03370409544159544
-0.12993703703703705
-0.19092
-0.07667195767195766
0.05857290838316479
-0.14554166666666668
-0.006659292489353458
-0.24686666666666665
0.01735833333333332
-0.14180002658160554
0.0639148148148148
0.1862611111111111
-0.2175777777777778
0.03175
-0.00010820512820512718
-0.16696365914786968
0.053581818181818175
0.2442444444444444
-0.06569900793650794
0.6712457671957672
-0.012555496766607869
-0.024256294091710744
0.08582860082304529
-0.07741834215167549
-0.21570493827160495
-0.0982013888888889
0.01070555555555555
0.004179100529100523
-0.035899999999999994
-0.1872618181818182
0.009259259259259259
-0.014559365079365075
0.19965939393939394
0.03082564102564102
-0.027343124610955494
-0.030817446844993126
0.0687708994708995
0.0051925925925925915
0.21745
-0.08794814814814816
-0.2913777777777778
-0.31787037037037036
-0.004734920634920629
0.020300000000000002
-0.29929267676767674
0.05720903078403078
-0.14953333333333332
0.31273333333333336
0.06199921436588104
-0.1585638888888889
0.2501333333333333
0.14961426767676766
-0.007655555555555564
-0.2939333333333333
-0.08631563251563251
-0.1461851851851852
0.4529944444444444
-0.24607579365079366
-0.05775317460317462
0.03631632653061226
-0.12290619047619049
0.01653434343434342
-0.01483206349206348
0.002602222222222228
0.08675047619047623
0.030825417439703146
-0.1037672327672328
0.027633333333333343
-0.17093809523809522
-0.11111111111111112
-0.060527775105552885
0.0189452380952381
-0.10050666666666669
0.3242929292929293
0.06863333333333328
-0.21936666666666668
-0.004148080808080805
-0.0664820707070707
0.015780952380952378
0.1898148148148148
-0.27654682539682546
0.04933333333333333
-0.09475333333333331
-0.08623888888888886
-0.07383888888888888
-0.11887142857142859
-0.16924358974358975
-0.19973333333333332
-0.3078444444444444
0.0017964285714285922
0.048200793650793654
-0.13081382716049383
-0.07363570131756407
-0.23857936507936509
-0.05519259259259258
0.18706814814814818
-0.11202021164021163
-0.4341333333333333
-0.03193489915434359
-0.06670555555555555
-0.17901851851851855
-0.11509699074074074
-0.20638
-0.09414027777777778
-0.04459362619286284
-0.03215833333333334
-0.09943990929705214
-0.07966481481481481
0.07146666666666666
-0.10425357142857143
0.0743752380952381
-0.042616011904761886
0.12540666666666667
-0.0515867383512545
-0.078125
-0.10974814814814815
-0.11666666666666668
-0.11395
0.06351777777777777
-0.1592111111111111
-0.07173890909090909
-0.019462253792576063
-0.33969999999999995
-0.12739999999999999
-0.12319999999999999
-0.05555555555555556
0.021903333333333348
0.007377777777777776
0.1339888888888889
-0.0334991341991342
-0.154
-0.1215190476190476
0.2169648148148148
-0.04533333333333334
-0.05202592592592592
0.048058333333333335
-0.11061663387117932
0.06756666666666666
-0.19590000000000005
-0.20593192239858907
-0.17623333333333333
0.01608333333333334
0.06045018939393939
-0.2631722222222222
0.03683333333333333
0.029903703703703693
-0.04379016986911725
0.13678222222222225
-0.47045000000000003
0.03136031746031748
-0.004973104056437398
-0.0697452380952381
-0.12825407407407405
-0.1259015873015873
-0.154
-0.1605890873015873
-0.11422190476190479
-0.34990471380471383
-0.0174765873015873
-0.10683333333333334
-0.12165075757575756
-0.1267936026936027
-0.049097222222222216
-0.12496878306878306
-0.00663270030234316
-0.023999797979797982
0.16248333333333334
-0.007715079365079369
0.010237037037037053
0.15282380952380956
-0.17953333333333332
-0.04883923214832303
0.06913888888888886
-0.19587142857142856
-0.21743333333333337
-0.1224325177887247
0.0669750434750435
-0.3110962962962963
-0.08902460317460319
-0.026997968389635075
-0.08635873015873015
0.0
0.07634444444444444
-0.17592453102453107
-0.2521111111111111
0.03136044973544972
0.0601351851851852
0.021763441872137523
-0.07261805555555555
0.16366309523809522
-0.18493030303030303
-0.16063097643097643
0.030505291005291018
0.12399269841269844
-0.020364594356261007
-0.02638543771043771
0.1978047619047619
-0.1937985347985348
-0.14295873015873015
0.02568322751322753
0.027683261183261174
-0.1355031746031746
-0.04847407407407409
-0.08942555555555555
-0.10709920634920637
-0.13072637934981687
-0.020833333333333332
0.00792000000000001
-0.06470833333333333
0.06488888888888888
-0.14008683127572016
-0.1541827160493827
-0.16666666666666666
-0.45
-0.028666666666666663
-0.13872666666666664
-0.002838001365420728
-0.03201234567901234
-0.20382666666666668
-0.11795833333333333
0.1858
0.03172529100529101
-0.09712455163883738
-0.09443897707231041
-0.09224074074074073
-0.29152962962962964
-0.12200952380952383
-0.04371481481481482
-0.1057676430976431
-0.09131901280980227
0.16610529100529103
-0.04737592592592594
0.06698448773448773
0.22763597081930412
0.07260476190476191
-0.14401490299823633
-0.06027570806100219
0.00999833333333335
0.010147817460317454
-0.061149629629629644
-0.18527594997594998
-0.14508592132505177
-0.01840000000000001
-0.026210912698412702
-0.10644858750102652
-0.0027702380952380756
-0.060716666666666676
-0.038121042768959425
-0.0929
-0.22327321937321934
-0.18578518518518516
0.3304111111111111
0.049809432870370374
-0.08896666666666665
-0.1270090909090909
-0.10640296296296296
-0.18551369047619048
-0.010429870129870131
-0.08411142857142856
0.0001515418737640916
0.06121522633744856
-0.052292424242424244
-0.043800060031843
0.024132275132275127
-0.24907162698412696
0.09190687830687831
-0.19063333333333332
-0.03537755102040816
0.014728843995510665
-0.08722037962037961
-0.08937751322751324
0.05361826599326602
-0.09891904761904763
-0.2953333333333334
-0.13473765432098764
0.141
0.027896456629789956
0.30528531746031745
-0.2537027777777778
0.014179166666666665
-0.06493703703703703
0.046593877551020395
0.060066666666666664
-0.05360562770562771
0.09518168290043288
-0.006666666666666667
-0.30394814814814813
-0.01755303030303031
0.2996111111111111
0.14391111111111113
-0.19832777777777777
-0.06386473235758951
-0.10581707818930042
0.07783333333333335
0.2700666666666667
0.3077055555555556
0.030555555555555558
-0.026256115779645206
-0.1772
0.025704040404040413
0.02832380952380953
0.11523868686868688
0.10851130873956961
-0.07901531986531986
-0.032620506438338
0.0
-0.03875277777777777
-0.18245432098765432
-0.18245432098765432
-0.18245432098765432
-0.06074854196729195
-0.07534444444444442
0.13984021164021165
0.3397833333333334
0.014620314016467887
-0.3104638888888889
-0.05026666666666666
0.10959703703703703
-0.10993650793650793
-0.016666666666666666
0.007125000000000011
0.07051111111111112
-0.05384166666666668
0.1767077777777778
0.09991333333333337
-0.1884888888888889
-0.10968657407407408
-0.07464761904761906
-0.07865416666666668
-0.22985978835978838
-0.23889629629629627
-0.1722876543209876
-0.05006898560891204
-0.36024814814814815
0.0
-0.16902638888888888
0.1393777777777778
-0.224158177008177
0.11142222222222226
-0.12295257335257335
0.009333333333333332
-0.29896666666666666
-0.0701712962962963
-0.10228703703703702
-0.04703888888888889
-0.19106666666666663
-0.07949753086419752
-0.19486666666666666
-0.12527410656270305
-0.08099894179894179
-0.24326666666666666
-0.1541357142857143
-0.013289880952380975
0.19946666666666668
0.034904629629629626
-0.1280893849206349
0.18501804029304028
0.2509561904761905
-0.0979166666666667
0.06666666666666667
0.001963822751322749
-0.19450000000000003
0.02184761904761907
0.29943333333333333
-0.05342460317460315
-0.10985555555555555
-0.04244603174603175
-0.1303215488215488
-0.18125
-0.20031666666666667
-0.024176190476190462
0.23629999999999998
-0.22366813271604938
0.276
-0.33885000000000004
0.057689393939393936
-0.13396666666666665
-0.19656705146705145
0.0307061728395062
-0.36281393298059966
0.06138150837257981
-0.007953944203944205
0.10933333333333334
-0.12832736625514404
-0.06910518518518519
-0.04233703703703704
-0.2254355429292929
-0.004729629629629626
-0.08960873015873015
-0.09632962962962961
-0.04350558541075783
-0.329875
-0.11698055555555555
-0.10203999999999998
-0.0897925925925926
0.027208333333333334
0.10933333333333334
0.0
0.14532857142857145
0.06328333333333336
-0.02132222222222221
-0.14261507936507936
-0.23711666666666664
0.022483333333333338
0.27976666666666666
-0.04943333333333335
-0.07607333333333334
-0.20094444444444445
0.0
-0.43963174603174604
0.04418253968253969
-0.05745999999999999
-0.16666666666666666
-0.22173061224489796
0.23865555555555554
0.13505694444444444
0.06962592592592594
-0.036598148148148164
0.04368174603174601
0.025733333333333334
0.13185185185185186
-0.019474074074074105
-0.23779999999999998
0.10529999999999999
0.17242222222222223
-0.021430555555555546
0.0076851851851852115
0.0
-0.07711111111111109
-0.12196666666666667
-0.14469087301587302
-0.1344022222222222
-0.007959999999999995
-0.27556084656084656
-0.29542857142857143
0.07525833333333333
-0.07725333333333333
-0.19765
-0.2404777777777778
0.10606666666666666
-0.23521145833333335
-0.07675887445887446
0.0872
-0.08114444444444444
0.016333333333333328
0.05016666666666666
-0.11570000000000001
0.16666666666666666
0.16651666666666667
0.1870277777777778
-0.280637037037037
-0.2680166666666667
-0.13162551440329218
-0.4739
-0.15545269360269362
0.10181388888888887
0.18005555555555555
-0.18212444444444445
-0.063113139329806
-0.048206666666666655
-0.14166666666666666
-0.19645776014109348
-0.0824925925925926
-0.216
-0.05315317460317459
0.10097134912045624
-0.08261428571428571
-0.1037877777777778
0.0356
-0.2752703703703704
-0.13683333333333333
0.0540763888888889
-0.052266666666666656
-0.05773333333333334
0.001931884057971021
-0.2688888888888889
-0.10539043209876543
-0.13458333333333336
-0.04267222222222223
0.47245833333333337
-0.22455555555555554
-0.12772371794871795
0.08781666666666665
-0.02777407407407406
-0.06132222222222222
-0.20579137426900584
-0.09386818181818181
-0.06605483405483405
-0.11935185185185186
0.18352500000000002
-0.014133333333333331
-0.04046730158730157
-0.006690476190476182
0.0010314814814814759
-0.20736296296296297
-0.2558212962962963
-0.21568333333333334
-0.2412162037037037
-0.0874684126984127
-0.1449312227455085
0.08054074074074073
-0.07092796536796538
-0.09643579365079365
-0.07195027777777778
-0.010826543209876546
-0.1364148148148148
-0.2399972222222222
-0.01457457279562544
-0.036475
-0.26862777777777774
-0.20236412698412698
-0.24791666666666667
-0.39448333333333335
0.020753591088511714
-0.10201388888888889
0.0797595772540217
-0.2993216931216931
-0.3474333333333333
-0.02823968253968256
-0.482
-0.05083174603174603
-0.2329
0.03155555555555556
-0.21600864197530867
0.12374814814814815
0.010029164486307335
0.2144111111111111
-0.1227923905723906
-0.19285277777777776
-0.37452476190476186
-0.2308
-0.028361111111111097
0.04403086419753086
-0.1388888888888889
-0.11382222222222223
-0.11314031623931624
0.04198095238095237
-0.11168310966810967
0.21032983164983166
0.10614888888888889
-0.017362984607984615
-0.18603968253968253
-0.06320588212956633
-0.1673
-0.11180837135573977
-0.08009259259259258
-0.09068106995884774
-0.08924888888888889
-0.19526
0.006766666666666671
-0.056178870336013174
-0.05818888888888888
-0.3036074074074074
-0.11913079365079364
-0.04147107583774249
-0.10437962962962961
0.016829166666666662
-0.02050211640211641
-0.14799727891156464
0.00619333333333331
-0.08338333333333332
0.0022161531279178324
-0.041771929824561384
-0.026307215007214984
-0.08632333333333335
-0.19853703703703704
-0.28586666666666666
-0.0757574074074074
-0.11853916666666668
-0.27314166666666667
-0.14939774114774115
-0.04494222222222224
-0.3565833333333333
-0.11202
-0.08963333333333334
-0.5319999999999999
-0.15064166666666667
-0.18114523809523808
-0.12710193722943722
-0.16995833333333332
0.16838
-0.139928125
-0.44832222222222223
-0.08198148148148147
0.1070070707070707
-0.09470074074074075
0.030006539602372928
-0.15515555555555557
-0.02290666666666666
-0.09226574074074075
0.09220952380952381
-0.21406666666666666
-0.34037460317460316
0.23449047619047617
-0.20983055555555555
-0.01980277777777778
0.24592417153996102
-0.11493769841269841
-0.0388517006802721
-0.25670972222222227
-0.197792718568909
0.018503821281599043
-0.22180384615384616
0.05591111111111111
-0.00748964487801292
-0.20350000000000001
-0.0752388888888889
-0.11316666666666665
0.19981259259259257
0.12959166666666666
0.1436074074074074
-0.2583166666666667
-0.04146602478360468
0.14333333333333334
-0.022268430335097015
0.029275353535353543
-0.07395350140056024
0.025963552188552175
-0.12012222222222224
0.14326666666666665
-0.2027888888888889
-0.30785833333333334
-0.2945978835978836
-0.06389292929292929
0.031098253968253973
-0.18952764550264548
-0.2806954648526077
-0.162986860670194
-0.18606666666666669
-0.09394232804232804
0.05293333333333335
-0.18598377425044096
-0.10892666666666666
0.03571428571428571
-0.06666666666666667
-0.2131222222222222
0.11907142857142856
0.106043370681606
0.061386666666666666
-0.10466666666666667
-0.09228910304862688
0.02970222222222223
-0.1971111111111111
0.1069785894660895
-0.1676327160493827
0.05548528596623833
-0.10489180695847362
-0.22790687830687828
-0.1507613371813372
-0.07010666666666665
-0.04729402116402118
0.018856878306878322
-0.5610166666666666
0.08753333333333334
-0.19842449494949496
-0.05547387566137566
-0.14020170940170942
0.24428888888888892
-0.1647003787878788
-0.1461748148148148
-0.09167689594356261
0.1921540515040515
-0.33860277777777775
0.043152525252525255
0.09079059829059832
-0.124175
-0.051428703703703706
-0.045286243386243374
-0.02126111111111112
0.08297330917874397
0.17542222222222223
-0.025041666666666674
0.08503886853886854
0.1450510582010582
0.03901292517006802
-0.05576454718838439
-0.15465833333333331
-0.0019555555555555437
-0.17769610777514
0.05722962962962966
-0.22388333333333332
0.09813492063492064
-0.31212222222222225
-0.19208333333333336
-0.22748522727272727
0.0193654761904762
-0.024486111111111115
0.07841666666666665
-0.1620222222222222
0.027929629629629638
-0.25279999999999997
-0.08223789682539683
-0.0698340067340067
-0.2797686868686869
0.09329444444444446
0.18211914814814814
-0.24807500000000002
0.05666904761904762
-0.14286666666666667
-0.09689580498866213
-0.14955555555555555
0.034063394081912585
-0.07423703703703705
0.06803210678210675
-0.15445
0.40890000000000004
-0.04044444444444445
0.031264814814814836
0.015633333333333332
-0.11496944444444446
-0.17601111111111112
-0.1854530864197531
-0.17528333333333332
-0.07628333333333333
-0.5177222222222223
0.018535555555555545
-0.21847283950617283
-0.12020694444444445
-0.4056666666666667
-0.02684444444444443
0.038065500240500226
0.11068
0.09711666666666667
-0.42657892255892255
0.12325555555555556
-0.011376719576719577
0.08770653594771242
-0.15915740740740741
0.10877854737854742
-0.05751239316239317
-0.0385453006253006
0.024506551099972147
-0.02360348583877997
-0.28268333333333334
-0.09721512345679012
-0.31508571428571425
-0.0879549019609807
-0.0747857142857143
-0.06190215419501132
-0.18640820105820102
-0.3062095238095238
0.2073722222222222
-0.05058678774928776
-0.08823999999999999
-0.020709938271604927
-0.18538871252204583
-0.18138515579071135
-0.03332412061794415
-0.026459259259259262
-0.010703880070546753
-0.10871031746031745
-0.15536666666666668
0.060066666666666664
-0.023181481481481452
-0.2586425925925926
-0.04267777777777778
-0.20974867724867727
0.02642666666666667
-0.03270000000000001
-0.10107499999999998
-0.011708547008546968
0.14707500000000004
-0.20748370370370373
0.09533888888888886
-0.19890692106247662
-0.07528666666666668
-0.2137266666666667
-0.11600925925925926
-0.11238294106914798
0.035378571428571405
-0.02062071428571428
0.03701428571428569
-0.027499999999999997
0.11602500000000003
-0.31893333333333335
-0.03053125000000001
0.04563333333333334
-0.02330090702947844
0.01644968886712937
-0.054654545454545456
-3.0158730158722873e-05
0.034897638643934935
-0.1968064814814815
-0.1930936507936508
0.10112666666666666
0.039455555555555556
0.006396031746031733
-0.35896666666666666
0.005855555555555568
-0.2753734410430839
0.028757495590828946
0.02943333333333335
-0.29326666666666673
-0.2697985185185185
0.14187698412698413
-0.283429797979798
-0.17649107142857143
-0.12055925925925925
0.07577777777777776
0.2059850408850409
0.0
-0.2008222222222222
0.09547777777777777
-0.1012
0.0780742504409171
-0.22926666666666665
-0.1574074074074074
0.03172246913580249
-0.1117661135161135
-0.14187592592592593
0.23864166666666664
-0.02577555555555555
-0.24391666666666667
-0.07467685185185184
0.007946666666666685
0.011342592592592599
-0.1030399960013995
0.055309764309764316
-0.2940447845804989
0.09614938271604939
-0.06645427841634736
-0.1274422222222222
-0.00812979797979796
0.02231666666666667
0.06129150499706056
-0.03304976851851852
-0.04376666666666667
-0.1025291012970258
-0.035227777777777754
0.11492222222222222
-0.024030409356725135
0.11145
-0.027655555555555548
-0.16518
-0.16301240079365079
-0.07383242718111138
0.16460555555555556
-0.15418641975308645
-0.18463984979141226
-0.02924391534391535
-0.0036528900112233476
-0.1472022988505747
-0.08333333333333333
-0.05416575153241818
-0.11229444444444443
-0.08648888888888888
-0.18323333333333336
-0.17456931216931218
-0.14241904761904764
0.044626262626262646
-0.22912222222222223
-0.15374920634920633
-0.3140833333333333
0.029897222222222224
-0.08045502645502646
-0.11606641604010025
-0.2369095238095238
0.020505941358024683
-0.01817936507936509
0.24673333333333333
-0.14236543209876543
-0.20765751391465673
0.33286666666666664
-0.11403578643578643
0.01368888888888888
0.048760000000000005
-0.07921196581196581
0.09998403880070544
-0.2444827441077441
0.021604283910533918
0.0390875
0.1533111111111111
0.01475555555555555
-0.20461879721585605
-0.13165833333333335
0.09784055113706279
-0.04467248677248678
-0.08307333333333333
-0.005997996276699992
-0.38661851851851853
-0.07618333333333333
-0.25336530612244895
-0.04952222222222224
-0.04533333333333334
-0.04298801383801384
0.039383333333333326
-0.23315820105820106
-0.13993042735042735
-0.23409018518518518
-0.11199999999999999
0.0383
-0.14854444444444448
0.009297222222222226
-0.1600777777777778
0.10018791887125221
0.14210000000000003
-0.34441111111111117
0.16666666666666666
0.010077777777777774
-0.09138981481481483
-0.08237333333333335
-0.1435749518999519
0.016277777777777763
-0.2935097222222222
0.07273882686514264
-0.02222222222222221
0.041825
0.017516666666666663
-0.05551507936507938
-0.018473174603174585
0.06983333333333334
-0.2747444444444444
0.028806818181818194
-0.5153111111111112
-0.16493777777777777
-0.22823796296296298
0.017240509259259258
-0.021718518518518515
-0.0633736111111111
0.2760481481481481
-0.4252833333333333
-0.06586329091783638
0.061262221558773255
0.04007222222222221
0.03555555555555556
0.016933333333333328
-0.041666666666666664
-0.0033833333333333263
0.026666666666666672
-0.16666666666666666
-0.11377031869531869
-0.22441111111111112
-0.10241111111111112
0.0
-0.1090084656084656
-0.08732619047619046
0.0026261410547124948
-0.18958835978835983
0.08308648388648389
-0.12666820586820585
0.021631873296456623
0.039275132275132275
-0.020739961954198066
-0.057333333333333326
0.22407222222222223
-0.09345319865319864
0.16991851851851855
-0.11801666666666666
0.13595679012345682
0.12035833333333334
-0.1779298832480651
-0.1915504248837582
-0.04177037037037037
0.0022108994708994836
-0.08885841953064177
0.0021722222222222143
-0.10539679012345682
-0.04577552131963894
0.05851507936507938
-0.02167777777777778
-0.011134518454255282
-0.019436026936026963
0.2779444444444445
-0.16754666666666665
0.009849333333333321
-0.03001370370370371
0.37329999999999997
0.04277658730158731
-0.016566666666666657
0.038896825396825374
-0.05441203703703704
-0.014380952380952383
-0.1297206349206349
0.13402499999999998
-0.16131399689131168
-0.13000277777777777
0.23636587301587306
-0.04924810374810373
-0.03944097505668936
-0.3171968253968254
-0.10515493827160494
-0.16432743764172333
-0.18394444444444444
-0.15996666666666667
-0.14901643518518518
-0.22866666666666666
0.09214696969696967
-0.08440198412698413
-0.11115744520030234
-0.06442358450404427
0.0
0.031672222222222234
0.14885
-0.30264814814814817
-0.129430007558579
-0.19197407407407407
-0.14565873015873015
-0.07361428571428572
-0.1771
-0.4232
-0.08176388888888889
0.09535299823633159
-0.0638195767195767
-0.011002674897119332
0.3468
-0.11593558201058203
-0.13935069444444445
0.02725555555555557
0.10845925925925921
-0.15969166666666665
0.012387912087912104
-0.05820105820105819
0.10704999999999999
-0.0018040529100529085
0.04301983024691358
-0.05120840455840455
-0.14
-0.32280000000000003
0.15918333333333334
-0.10635269360269357
-0.47523888888888893
-0.029754444100872673
-0.27763333333333334
-0.04019550264550266
0.08023440656565657
0.0506907407407407
-0.07206111111111113
-0.18976666666666667
-0.10351213243546575
0.08021111111111112
-0.17076628679962014
-0.30943333333333334
0.05555555555555558
-0.059633333333333316
-0.09976666666666667
-0.03513636363636364
-0.3110111111111111
0.017451851851851847
-0.1868515376984127
-0.0797004723583295
-0.0512
0.13396666666666665
0.10147689594356261
-0.15908518518518522
-0.036019999999999996
0.16506666666666667
-0.12191611721611723
0.07325555555555553
-0.2166888888888889
-0.0905145299145299
0.25776906565656565
0.1285777777777778
0.017299393939393948
-0.0015569444444444487
-0.12317283620518915
-0.08091000000000002
0.0016333333333333384
-0.050622222222222235
0.06243481481481483
-0.18049444444444443
0.00388428571428572
-0.029289002267573683
-0.11224848484848482
-0.11693333333333333
-0.12261575009352788
-0.002632539682539662
-0.006208571428571415
0.07980555555555553
0.08098174603174602
-0.038110823776613234
-0.23273932980599646
0.014946527777777774
-0.3872128306878307
-0.07392777777777776
-0.10649111111111113
-0.16666666666666666
0.0025459109730848937
-0.0481222222222222
0.025733333333333348
0.017488888888888904
-0.01229626068376069
-0.22633111111111112
-0.1574777777777778
-0.013122619047619036
-0.06641032459515793
-0.0822063811060339
0.014218694885361574
0.0809861111111111
0.2503074074074074
-0.08384867724867724
0.03087685425685427
0.001394613481756346
-0.012773333333333295
-0.22196666666666667
0.038505555555555564
-0.09480740740740741
-0.14621855631141345
-0.06942401795735129
-0.08886666666666665
0.0666666666666667
-0.14539591836734694
-0.15645396825396826
-0.12418359683794467
-0.12901244444444443
0.10503055555555556
-0.016366666666666658
0.10478730158730161
0.17091111111111112
-0.057300933325933334
-0.130775
0.08225185185185185
0.0303030303030303
0.36273333333333335
0.05466666666666667
-0.04049312169312171
-0.090744708994709
-0.17368888888888886
0.019652386502386526
-0.4362296296296296
-0.0766888888888889
-0.04855555555555555
-0.09588333333333332
0.06381641975308638
0.21325555555555561
-0.019175820105820075
-0.03614166666666666
-0.15633777777777777
-0.10757647058823532
0.32041111111111115
-0.2879611111111111
0.019450000000000005
-0.044444444444444446
-0.15494968926275746
-0.08819788359788361
-0.04920555555555555
-0.05157577160493828
0.06043012345679014
-0.006452637485970812
-0.06061481481481479
-0.08214666666666663
-0.02831298954456848
-0.19120925925925927
-0.30394550264550263
0.05291272060126551
-0.1992080808080808
-0.02194583333333333
-0.08844166666666665
-0.26078614718614723
0.0844111111111111
-0.18675343915343912
-0.10209197530864199
0.007576560846560845
0.08853904761904763
0.05165402704291597
0.011534126984126982
-0.09466199813258637
-0.22462925925925928
-0.12375138888888888
-0.19083333333333333
-0.05446111111111113
-0.23029444444444444
-0.1508161616161616
-0.0902516414141414
-0.2577252777777778
-0.24760608465608466
-0.31494402116402115
-0.09686543209876546
0.18778333333333333
-0.17553095238095237
0.046243209876543206
-0.07388571428571428
-0.14038333333333333
-0.04407521367521369
-0.166
-0.04851666666666667
-0.026034722222222223
-0.06702588383838384
0.02431164502164503
-0.04959333200883927
-0.06722086740420075
-0.11090429292929294
0.0
0.18405517676767677
-0.3420759259259259
-0.023000000000000003
-0.2641
-0.46480000000000005
-0.12884601375272334
0.015400000000000002
-0.11189629629629631
-0.09216597222222223
-0.09438333333333333
-0.056278213507625276
0.08373472222222221
0.0988875
0.21786666666666665
0.6907
-0.031800000000000016
-0.015472727272727268
0.37543333333333334
-0.043494133885438234
-0.06331931675026911
-0.14555346320346318
0.019303703703703712
0.10758888888888889
0.3698722222222222
-0.053620101010101014
-0.07471663891663889
-0.2408201646090535
-0.1625958553791887
0.19208333333333336
0.07040295260295264
-0.20250555555555558
-0.05465653158569824
-0.17526666666666668
-0.05460905820105821
-0.15939171075837744
-0.023043578643578633
-0.11967037037037039
0.026500000000000006
0.02390909090909088
-0.01488484848484851
-0.10801111111111111
0.2138777777777778
0.0674
-0.05840959595959597
0.005988888888888884
-0.10509537037037037
-0.08328503401360544
-0.04097486772486772
-0.051621770930594446
-0.20403333333333332
-0.128881746031746
-0.12387999999999999
-0.1312611111111111
0.32467142857142856
-0.0018418871252204871
0.1033887755102041
0.09945878787878791
0.026013227513227526
-0.2055763668430335
-0.39166285714285715
-0.038533333333333336
0.056718181818181834
-0.02480398860398859
-0.5075666666666666
0.07547777777777777
-0.11062433862433863
-0.03981999999999997
-0.07158312757201646
-0.13744722222222222
-0.22243333333333334
-0.0523888888888889
0.10975185185185186
0.043044444444444434
-0.028831746031746014
-0.3695833333333333
0.10337777777777779
-0.17434947089947092
0.5056703703703703
-0.20199642255892256
0.18626666666666666
0.03233954358398799
-0.5038992063492064
0.010065181115181135
-0.06864543650793652
0.04557530864197532
-0.2749526455026455
0.057052777777777786
0.009674320987654306
0.27863333333333334
-0.152244301994302
0.1779911111111111
0.03407851851851851
0.09896208112874783
0.057903409090909096
-0.11195636613044017
-0.1826506172839506
-0.09465833333333333
0.1239090079365079
-0.10716888888888891
-0.1600677248677249
0.26974888888888887
-0.033228888888888884
0.021897619047619037
-0.17437337181337184
-0.4766592592592593
0.37526666666666664
-0.12099814814814815
-0.06870833333333333
0.08813030303030304
-0.08304814814814816
-0.006940190972222214
-0.02472386363636365
-0.0462962962962963
-0.09647592592592591
0.11285555555555556
-0.045866666666666646
-0.005292592592592608
-0.08729555555555557
-0.41827777777777775
0.02620706757183654
0.19068796296296298
0.05043333333333333
-0.12014166666666666
-0.07095555555555555
0.18397821565407776
-0.15305608465608464
-0.03731470859387526
-0.15412499999999998
-0.09519545454545454
-0.085625
0.21411666666666665
-0.09531492704826039
-0.18955333333333335
0.33559999999999995
-0.05373720538720541
-0.030575
-0.031390277777777774
-0.055300000000000016
-0.13197947731281065
0.16091666666666668
-0.10580147907647908
0.2044066666666667
-0.035018135376756084
-0.09454920634920634
-0.057835269360269365
-0.107875
0.06666666666666667
0.006983333333333341
0.07939656084656087
0.17969102564102565
-0.035193307764360394
-0.2089126984126984
-0.05243333333333333
0.16873250601250603
-0.07801656488234264
-0.03300911958049211
0.01133777777777778
0.06315497354497358
0.14863809523809524
-0.09553719202608091
0.2791
0.20866412698412704
0.16406666666666667
-0.25266249999999996
-0.06808333333333334
-0.007633333333333325
0.11131666666666666
0.04639785247432306
0.41261666666666663
-0.1013572861552028
-0.26842007575757576
0.13185061728395062
-0.01836666666666666
-0.12950246913580246
-0.26874166666666666
-0.09065000000000001
-0.12993333333333332
-0.09761666666666667
-0.12154219114219111
0.01050275132275133
-0.055253918650793654
-0.11111111111111112
-0.1257494854351997
0.41034814814814813
-0.040735485160485155
-0.07946967470115618
-0.1468410742035742
-0.20516944444444443
-0.029208333333333336
0.11845374149659864
-0.093075
-0.13784166666666667
-0.1337711418211418
0.0
-0.08586111111111111
-0.019033333333333336
-0.1468
-0.14517619047619046
-0.03288333333333333
-0.14788333333333334
-0.11045328042328041
0.02712886116062585
-0.17843288439955107
-0.3162575661375661
-0.036433333333333325
-0.05095833333333333
0.05466666666666667
-0.11804259259259259
-0.055025274725274735
0.13435
0.038058445566778905
-0.073
0.019984848484848484
-0.1663083333333333
0.05889999999999999
0.29596527777777776
-0.08481460317460317
0.10373333333333334
-0.14436444444444443
-0.13165315076981743
-0.046285810485810513
0.22651957671957676
0.1286068783068783
-0.047717724867724874
-0.15703888888888887
-0.15977839506172842
0.1453116106116106
-0.07225
-0.056829215229215226
-0.1444587301587302
0.11988627645502643
-0.11710396825396825
-0.41913333333333336
-0.16236666666666666
-0.010591666666666666
0.001730922986478552
0.07421481481481483
-0.05541904761904761
0.012183333333333324
0.11223571428571429
-0.2502888888888889
0.1741703703703704
-0.02673396587979922
-0.007527777777777782
0.13396666666666665
-0.08333333333333333
-0.11415925925925924
-0.35862499999999997
0.16097625661375659
0.3031333333333333
-0.027521481481481466
0.012293333333333323
-0.03570833333333334
0.07868888888888888
0.15263333333333332
0.09021428571428573
0.1822666666666667
0.13417410856339432
-0.12030370370370373
0.19433333333333336
-0.09903419913419913
0.3620277777777778
-0.13797777777777778
0.13594920634920635
-0.27863333333333334
-0.07772777777777778
-0.32868888888888886
0.007220767195767197
0.0829931922398589
0.01630000000000001
-0.3006333333333333
0.05711271384101573
-0.03227619047619049
-0.20532751322751328
0.05173650793650796
-0.09803333333333335
0.04490848484848484
0.06588584656084658
-0.02604722222222222
0.14965555555555557
-0.12557777777777776
-0.4253061728395062
-0.11104861111111113
0.1189727025209784
-0.09616296296296295
-0.00792222222222222
-0.06299365079365081
-0.003066666666666662
0.08445833333333332
-0.2718761904761905
-0.07618571428571429
0.0018707341269841304
-0.08023518518518517
-0.4239
-0.02493593808454921
0.05887777777777778
0.027033333333333336
-0.08333333333333333
0.02779166666666667
-0.09773333333333332
0.09398333333333335
0.12104999999999999
-0.12043055555555555
-0.05539960317460318
-0.5397166666666666
-0.4152925925925926
-0.011119444444444451
-0.24568749999999998
-0.24584285714285714
0.03808624338624341
0.13416084656084656
0.3381809523809524
-0.03262138848805516
-0.12386278659611993
0.01382962962962962
-0.07962626262626263
-0.03151851851851852
-0.18126168144025287
-0.011641666666666661
0.041244444444444445
-0.06132000000000001
0.3518666666666667
-0.10054259259259259
-0.08454583333333333
-0.06946666666666663
-0.10023185941043083
-0.32556666666666667
0.09366729797979796
-0.18830000000000002
-0.02475806878306878
-0.10375830687830685
0.027177199074074065
-0.031084126984126974
-0.06540123456790121
0.0
0.0
-0.3641140652557319
0.0519
0.0519
-0.529962962962963
-0.09485185185185187
-0.1311422867063492
0.140330303030303
-0.20291392857142862
-0.26826666666666665
0.0005777777777777696
0.06122857142857143
-0.018555555555555547
-0.06836666666666665
-0.08329333333333333
-0.2731
-0.034216666666666666
-0.062359082892416234
-0.15723944444444446
-0.4175851851851851
-0.07780071097883597
-0.13184285714285718
-0.07677777777777778
0.04884458874458875
-0.34223333333333333
-0.08803333333333331
0.07958452380952381
0.004606024531024526
-0.3283666666666667
0.09351111111111111
0.05932321937321938
-0.041222222222222216
0.12475820105820105
-0.23884646464646467
-0.01986775793650793
-0.10521507936507936
-0.282
-0.09154722222222222
-0.17600017361111112
-0.07864126984126985
-0.011145679012345667
0.020833333333333332
0.06698333333333333
-0.15694537037037035
0.013449046015712673
0.03869999999999999
0.22887682093039238
-0.08863333333333333
-0.1280453968253968
-0.20489757575757575
-0.17291481481481483
-0.06115097883597884
0.045255555555555556
-0.16390541666666666
-0.06231157407407408
0.031019047619047627
-0.08288492063492063
-0.44953333333333334
-0.38117222222222225
0.02152313612313611
-0.2125
0.07165555555555558
-0.007307407407407408
-0.09803840307840306
0.023764239464239445
0.04692666666666667
-0.10198148148148149
-0.10610699637063271
-0.10634409171075838
-0.2744555555555555
-0.12365008818342153
-0.09414592592592591
0.07049333333333334
-0.039072515066632736
-0.08723737373737372
-0.0558037891737892
-0.19056666666666666
0.26858333333333334
-0.08996888888888888
-0.03766234567901233
0.05587015873015877
0.17447361111111112
-0.011533333333333335
-0.12611129415851638
-0.06645410628019323
0.027419947089947078
0.1244571717171717
-0.0848111111111111
-0.2077388888888889
-0.04735344961551855
-0.2753761904761905
-0.08270542229456705
0.125
-0.02107151203073822
0.12131746031746031
0.07623492063492066
-0.13542777777777779
-0.1631287012987013
-0.16666666666666666
0.09010370370370373
-0.3159582417582418
0.07825656565656564
-0.040167857142857144
0.4221166666666667
-0.11930396825396823
0.11140000000000001
-0.05348484848484847
0.06152111678004535
0.1906333333333333
0.14665555555555557
-0.2906773288439955
0.17320555555555553
0.125
-0.2605555555555556
-0.18438333333333334
-0.03365864197530865
0.17186444444444446
0.29914999999999997
-0.05622156862745099
-0.23298333333333332
-0.021311111111111097
-0.08654999999999997
0.2803333333333334
-0.036324074074074064
-0.09766666666666667
0.05341111111111111
-0.07368573232323232
-0.03270000000000001
-0.06509333333333334
-0.26345
0.026749816849816883
0.008333333333333337
-0.05648687830687831
0.2939333333333333
-0.10433878306878308
-0.2215142857142857
-0.0725201814058957
-0.016350000000000003
-0.18830000000000002
-0.08924167689297942
0.009874074074074072
-0.28446184177374656
-0.05208333333333334
-0.13550555555555555
0.05323333333333332
-0.1554
-0.06217777777777778
-0.039375
-0.032125710978835965
-0.13331666666666667
-0.1819142857142857
0.263812037037037
-0.151375
0.21645555555555554
-0.05677037037037036
-0.21284141414141414
-0.012000000000000002
-0.04526904761904762
-0.22515
-0.05555555555555555
-0.1835125925925926
-0.23550185185185182
-0.06721666666666666
0.04338034188034188
0.2755630303030303
-0.04626666666666666
-0.03412777777777778
0.19763587301587304
-0.09041111111111112
-0.06135849247685185
-0.029979629629629616
0.024416666666666666
0.11255
0.10450123456790121
0.06451587301587304
0.5301777777777777
-0.20869484126984128
0.1355111111111111
-0.04906111111111112
-0.4180086419753086
-0.3595320987654322
0.028293333333333365
0.0
-0.10229449716949716
-0.21691746031746031
-0.14199722222222222
0.0878972222222222
-0.20292222222222223
-0.006671332371332356
-0.12487185185185186
-0.02503065759637187
-0.09773815536315535
-0.059145238095238084
-0.13781666666666667
-0.11096360544217687
-0.17328518518518518
-0.07834169472502804
0.05555555555555558
-0.029803703703703693
-0.18823333333333334
-0.07726913580246915
-0.5323
0.06656111111111113
-0.046609911816578475
-0.1806452861952862
0.01791919191919193
0.5091333333333333
-0.02347962962962961
0.3317772727272727
-0.09133185425685425
-0.07355222222222223
-0.2035875
-0.02479274691358026
0.09355014245014244
0.06623333333333332
-0.10998333333333332
0.10706666666666668
-0.06520515873015871
0.1012175925925926
-0.001676440329218117
-0.23312222222222223
0.11159324728769175
-0.20534398148148145
-0.04602738095238096
-0.1995148148148148
0.10047777777777782
-0.010266666666666665
-0.06620370370370372
-0.16466369047619048
0.13743333333333332
-0.14488888888888887
0.0236186066138447
-0.22037916666666668
-0.14559333333333335
-0.010108831168831165
0.06311031746031746
-0.011697979797979785
-0.04237555555555555
-0.24283333333333335
-0.06010101010101009
-0.16666666666666666
0.018025925925925917
-0.20014444444444446
-0.02983333333333334
-0.013825000000000004
-0.017019444444444438
0.07139999999999998
0.07382002480949847
0.0770625
-0.18780000000000005
-0.11914238095238094
-0.4129555555555555
0.15394444444444447
0.02906209315375981
0.12125555555555556
-0.2299701058201058
-0.27773703703703706
0.1204
-0.23655925925925927
0.06379629629629628
-0.4825
0.5556222222222221
0.23218888888888892
-0.08038680555555555
-0.1290547619047619
-0.16391666666666668
-0.05488941798941801
-0.16666666666666666
-0.2089
-0.3663166666666666
-0.27773703703703706
-0.11556349206349208
0.14307592592592597
0.3804083333333333
0.15160833333333332
-0.020039316239316245
-0.016555555555555542
-0.19338333333333332
-0.16010370370370372
-0.07445387057387057
0.014796933176562796
-0.029322222222222208
-0.07023700854700854
-0.10925277777777777
-0.19999999999999998
0.027360317460317474
-0.05919933862433862
0.13396666666666665
-0.019938029100529095
0.12155293677515899
-0.2567111111111111
-0.09500238095238096
-0.003329629629629608
0.20609523809523803
-0.0878330357142857
-0.05492424242424243
0.0226133497133497
-0.04475701058201057
0.09878888888888888
0.2835388888888889
-0.1454
0.2633111111111111
0.011939285714285713
-0.08266666666666667
-0.15943333333333332
0.11572579365079365
0.006791666666666654
0.013333333333333327
-0.09954355926994816
-0.29617777777777776
-0.10287724867724869
-0.09096380471380473
-0.0838037037037037
-0.0649
-0.20575277777777778
0.0049423141186298964
-0.14955925925925925
0.21563888888888885
0.06424761904761905
-0.10255555555555557
0.007924444444444447
-0.08333333333333333
0.10915000000000001
-0.01638472222222222
-0.2685666666666667
-0.05727500000000001
-0.08575555555555554
0.005225699511435404
0.07777119341563787
-0.02120462962962962
0.41558333333333336
0.08856305114638445
0.0022705627705627562
-0.3007666666666667
-0.19722091503267972
-0.10912
0.07213535353535354
0.06578333333333333
-0.025492592592592594
-0.10878333333333334
-0.00506261022927688
0.5512444444444444
0.19143333333333334
-0.08624444444444444
-0.029166666666666657
-0.5339111111111111
-0.08936896901399066
-0.20739623015873018
-0.02509166666666667
-0.37978412698412695
-0.09171609977324263
-0.013932010582010592
-0.06185892255892255
0.06728981481481479
-0.17918611111111107
-0.22085277777777776
-0.012927160493827148
0.03294067460317459
0.2724740740740741
-0.03110927377045522
-0.1113895061728395
0.08080396825396828
-0.0069671732652192425
-0.08880851291565577
-0.06659670781893003
-0.02303999999999998
-0.048469999999999985
-0.07183814102564103
-0.0005311111111111025
-0.19325
0.09319333333333331
-0.016883333333333337
-0.008383333333333335
0.060077871148459396
-0.07458055555555555
-0.054758888888888885
0.10274417989417989
-0.046335902325188055
-0.027083333333333345
0.07302777777777777
-0.28304999999999997
-0.09814814814814814
0.06756666666666666
-0.27692222222222224
-0.0034885457752124455
0.27489444444444444
-0.010229898027898051
-0.02165277777777778
-0.12052259570494867
-0.00879185977421272
-0.09021649831649832
0.08592777777777777
-0.04018484848484848
-0.1437375
-0.2197183673469388
0.054155555555555575
-0.11066666666666668
-0.124925
0.047933518518518535
-0.0750287037037037
-0.06226054421768707
-0.0064885361552028216
0.03460952380952382
-0.28155
0.02168888888888886
-0.15714444444444445
-0.2849360733182162
0.1946377777777778
-0.4093994708994709
-0.2225027777777778
0.041301041887405514
0.0749962962962963
-0.032579417989417984
-0.07269841269841269
0.029963333333333352
0.0
-0.1081212962962963
-0.07552783882783883
-0.1830088888888889
-0.03541666666666666
0.10686666666666667
-0.3131777777777778
-0.18929761904761908
-0.03066301769750046
0.1833622222222222
0.04042811791383222
-0.026605996472663124
-0.3636625
-0.23472010582010583
0.04811111111111111
0.054488095238095224
0.029580983975089237
-0.052128571428571434
-0.12666596119929455
-0.16060452674897122
0.06877541674012262
0.2833
0.034591099773242644
-0.10555555555555556
-0.2517833333333333
0.021174603174603197
-0.06756444444444444
-0.22808996312329646
-0.22223333333333337
-0.02221999999999998
-0.05933888888888889
0.2235526936026936
-0.1675078111946533
-0.08445833333333334
-0.10836666666666667
0.05996851851851851
0.013443055555555555
0.08333333333333336
-0.08055432098765432
0.0
-0.019891534391534394
-0.02210138888888889
-0.03643497379813168
-0.005816666666666669
-0.2144410052910053
-0.06165555555555554
0.06633333333333334
-0.19847325637325638
0.24136666666666665
-0.005333333333333357
-0.3133111111111111
0.11666666666666665
-0.1407899470899471
-0.015986507936507924
-0.20187222222222223
0.0022444444444444565
-0.0002666666666666685
-0.13763868312757202
-0.07389497354497353
-0.23035277777777777
-0.016983333333333333
0.014600000000000002
-0.11748888888888886
0.3431257575757576
-0.13293333333333332
0.024733333333333333
0.45526666666666665
-0.08632142857142859
0.050157968574635226
-0.06555555555555555
-0.23082222222222218
-0.23082222222222218
-0.36990555555555554
-0.0037116402116402166
-0.05639135802469131
0.24424416666666668
0.13950303030303027
-0.12767142857142857
0.03427671957671957
-0.020925294612794618
0.14881635401635399
0.09267370370370372
-0.24668712522045855
-0.13044814814814815
-0.22713750000000002
-0.0633311111111111
-0.009553787878787884
0.035366808914177345
0.05414814814814815
-0.3973222222222222
-0.08045925925925927
-0.11803333333333334
-0.13245555555555558
0.3084166666666666
0.21837142857142855
-0.045803185425685455
0.2501
-0.09558994708994711
-0.14263333333333333
-0.09265128205128204
-0.2656634920634921
0.16989814814814816
-0.1007320987654321
-0.018566782407407417
0.05384920634920634
0.23451666666666668
0.14526865800865804
-0.1638888888888889
-0.007166666666666673
0.2558444444444445
0.004840740740740738
-0.07257037037037038
0.09176666666666666
0.22693333333333335
-0.25628
-0.07403333333333333
0.03438474426807758
-0.003238095238095239
0.31638333333333335
0.0
0.23106666666666667
-0.08109999999999999
0.07500294784580498
-0.08844444444444444
0.08396666666666668
0.0017440476190476173
0.08644615384615385
-0.04560782828282828
0.3658777777777778
-0.16043333333333334
-0.1010951418951419
-0.06016689814814815
-0.4007666666666667
0.0655135802469136
0.021811111111111114
-0.15506944444444445
-0.09960000000000001
-0.09861279461279461
0.15324920634920633
0.05150000000000001
-0.1749933333333333
-0.1231111111111111
0.29888333333333333
-0.04681618874024887
0.21056666666666665
0.006978703703703712
-0.21578333333333335
-0.005336507936507917
0.09062402116402117
-0.09004385655496766
0.08619924242424241
0.07749650793650797
0.1111699294532628
0.084775
0.2208943602693603
-0.05759365079365081
-0.02695873015873015
-0.02214525069286973
0.03910277777777777
-0.08013174603174603
-0.11395000000000001
-0.09472121212121211
0.07421234567901232
0.07819476778365668
0.0897
0.17
0.455
-0.06703588664422
-0.03076141363509785
0.10104444444444442
0.0
0.0028862816921640297
-0.05538677048260379
-0.056752525252525256
0.016644179894179916
-0.10806666666666669
0.1323833333333333
-0.1321900462962963
0.1267777777777778
0.47814761904761904
0.1197111111111111
-0.052439601139601145
-0.0837137422613229
-0.2591
-0.2631666666666667
-0.2727333333333333
-0.2594814814814815
0.018051515151515152
-0.06588571428571427
-0.08868589065255729
0.12224814814814816
-0.03156455026455027
0.09612222222222218
0.020733333333333333
-0.03500989599625965
-0.07612777777777778
-0.3705060338838117
-0.21353333333333332
0.17437222222222223
0.08665079365079364
-0.4105071428571428
-0.02595
-0.1890530753968254
-0.043608888888888885
-0.17559444444444447
-0.29425555555555555
-0.14490952380952382
0.012133333333333341
-0.06513492063492063
-0.1408
-0.03995061728395061
0.17808888888888894
-0.3767863636363636
0.21636666666666668
-0.12679820105820108
-0.0029527777777777673
0.29563333333333336
-0.12121212121212122
0.02346527777777778
-0.02229333333333335
-0.09336944444444444
0.1539222222222222
0.02223174603174603
0.13849444444444445
-0.2011888888888889
0.008622222222222217
-0.014498053181386519
-0.03338765432098765
-0.3350777777777778
0.008711111111111123
0.038371111111111106
-0.04304285714285713
-0.12582323232323234
-0.17723703703703705
-0.09756666666666665
-0.043431111111111094
0.09677107583774251
-0.11876084656084655
-0.020606565656565656
-0.10444444444444444
-0.046206349206349195
-0.11062500000000001
0.016766666666666662
0.0
0.04900181176847843
-0.04035000000000002
-0.1431702380952381
0.36483333333333334
-0.1712014285714286
0.009597979797979791
-0.04561142857142856
-0.05261037037037036
0.06485533910533912
0.05510303030303032
0.022598148148148128
-0.04962719502719504
0.08520000000000001
0.02031333333333334
-0.10653174603174605
-0.08277454545454545
-0.042718518518518496
-0.003450216450216481
-0.07962415824915826
0.25390148148148145
0.17290000000000003
-0.0508462962962963
-0.06698333333333333
-0.40750000000000003
-0.07256666666666665
-0.14170740740740742
0.022116666666666673
0.20993333333333333
0.026297222222222232
0.15431666666666666
-0.09507283950617285
0.015177777777777795
0.04122777777777778
-0.11475555555555557
0.05615555555555555
0.15741502525252526
-0.16012222222222222
0.036460177404295024
-0.22298333333333334
-0.02809012345679011
-0.1752611111111111
0.04704409972743306
-0.33
0.08658888888888887
-0.09910454545454545
0.17821666666666666
-0.07564603174603177
0.7208333333333333
-0.0016838383838383892
0.16666666666666666
-0.0365
0.2539670033670034
0.05277717171717172
0.06580139281008847
0.08365421245421249
-0.3366324074074074
-0.17541666666666667
0.07978518518518518
-0.16878518518518515
0.019603703703703696
0.11259625220458554
-0.21983703703703705
-0.00015396825396825817
-0.11330555555555555
-0.08193939393939394
-0.0421347442680776
-0.013005555555555557
0.005053325774754332
-0.09700702075702076
-0.21069523809523807
0.06991666666666667
-0.12136010101010102
0.06481481481481481
-0.33432962962962964
-0.01011501831501834
-0.15180767195767197
-0.21867936507936506
-0.15572
0.019188888888888884
-0.08927037037037037
-0.125
-0.014100000000000001
0.2490666666666667
-0.09176527777777778
-0.23671118669690103
-0.07514145021645023
-0.07158062442607897
-0.27011777777777773
0.011005303030303032
0.04476481481481479
0.3030042328042328
-0.24728333333333333
-0.09193333333333333
0.09164242424242426
-0.09232292768959437
0.14353333333333332
-0.08804444444444444
0.26676666666666665
-0.4117
0.007331111111111131
-0.295475
0.39146666666666663
-0.06981666666666667
0.10359999999999998
0.17371111111111112
-0.12334614141414142
0.06313174603174602
0.046206349206349216
-0.13485370370370373
-0.26333333333333336
-0.06314695767195767
0.07676190476190474
-0.0426898148148148
0.017646031746031743
-0.024318425581417714
-0.060611160704949534
0.026424013028179663
-0.022018447634237104
0.21706916099773244
-0.06843333333333335
-0.017122222222222233
0.022579365079365064
0.09670000000000001
0.19866666666666669
-0.1162037037037037
-0.0506962962962963
0.05699555555555555
0.054366666666666674
-0.04723328523328523
-0.1152759259259259
-0.22915
-0.13577878306878308
0.04105555555555557
-0.05546349206349207
-0.04160532879818596
0.2047190476190476
-0.020639329805996493
-0.08156172839506175
0.1403296296296296
-0.084325
-0.2518370370370371
0.2284469135802469
-0.11897222222222222
-0.20745703703703708
-0.036899999999999995
-0.23808888888888888
0.010416666666666666
-0.013918181818181802
-0.16908580246913582
-0.07128557692307692
0.05693227513227513
0.04170370370370371
-0.2079692901234568
-0.013607407407407424
-0.05187236919459142
-0.2876186053240741
-0.11112222222222219
-0.07936666666666665
-0.16547712585034013
-0.10909870443566096
-0.022467986411736408
0.010011507936507921
0.0037777777777777874
-0.21777499999999997
-0.11897042304101128
0.10864567901234569
-0.024481481481481493
-0.35031296296296305
0.136368024691358
0.1190962962962963
-0.009508333333333322
-0.10682814814814816
0.12749166666666667
0.10933333333333334
-0.15588379629629628
0.1883546957671958
-0.034462962962962945
0.033744444444444466
-0.21581296296296296
0.005699999999999983
-0.40454999999999997
0.26996363636363635
-0.2494333333333333
-0.30893333333333334
-0.06277789001122336
-0.08758333333333333
-0.13456666666666667
-0.3139777777777778
-0.15196666666666667
0.012378469884025448
-0.11936309523809524
-0.11235925925925923
0.013331746031746028
-0.09543162393162395
-0.03205
-0.11244795918367345
-0.10729537037037036
0.1670111111111111
0.21917333333333333
-0.1614351851851852
0.39207037037037035
0.044130467372134025
0.39796666666666664
-0.06150845211698869
-0.04063055555555556
-0.00993333333333333
0.16824888888888892
-0.019999999999999993
-0.11350301587301588
0.02071851851851853
-0.23434298941798945
0.17997156084656085
-0.0036380567790917453
0.024140000000000012
-0.05486507936507936
-0.07850198412698413
-0.07504666666666666
-0.04398411333522446
-0.10917777777777778
0.14615
-0.047222222222222214
-0.1471989417989418
-0.1363136587259394
0.13654497354497355
-0.21916666666666665
0.05689444444444447
0.1313204081632653
-0.175512962962963
0.1265962962962963
-0.03231716049382715
-0.19572407407407408
0.0006083333333333404
0.055665432098765455
-0.04000952380952382
-0.018783771043771033
0.01272540610786225
-0.2779
-0.27581111111111106
-0.1078437037037037
-0.14474166666666666
-0.1386361904761905
0.003333333333333318
0.04308690476190477
0.046075
-0.024190722831148367
-0.28474444444444447
-0.06842738095238095
0.17005238095238095
-0.10234494886620588
0.05757936507936506
0.2959309764309764
-0.15647632275132276
-0.07848062678062677
0.06814269360269364
-0.1544374971941639
0.09508484848484845
0.0239611111111111
0.25373199965018145
0.017032193732193737
0.057666666666666665
-0.06689777777777776
-0.04766580086580086
0.06666666666666667
0.0064333333333333464
-0.05327999999999999
-0.06339124269005848
0.21144967048170535
0.1870666666666667
-0.05837708333333332
-0.10238333333333333
-0.016539971139971143
0.0
0.36989999999999995
0.09319259259259256
-0.19674444444444447
-0.04329808339808341
-0.19444444444444445
0.04724999999999999
0.1073644660894661
0.00583501683501685
-0.09620000000000001
0.03483586889301175
0.19270952380952386
0.18107878787878792
-0.062038992408557626
-0.0174186868686869
0.027752133580705014
-0.20163055555555554
0.0
0.0032442401960784315
-0.1005704365079365
-0.045322256175197355
-0.10344833333333332
-0.11481482951205174
-0.008577777777777776
0.009031547619047639
-0.0472111111111111
-0.13868746031746035
-0.00596813058117406
-0.09689107142857141
-0.09066666666666667
-0.11265833333333335
-0.08810714285714287
0.10826666666666669
-0.012833333333333334
-0.01848333333333333
-0.12841013431013434
-0.3474333333333333
0.09444444444444444
0.012866666666666674
-0.08610597442680774
-0.007568915343915332
0.05816031746031744
-0.08763333333333334
0.14313333333333333
-0.00952666245791245
-0.07466666666666667
0.018257142857142878
0.08231666666666666
-0.05627017797017796
0.1082777777777778
-0.21155238095238094
-0.1494740740740741
-0.03333333333333333
-0.01125820105820106
-0.18515555555555552
0.024587301587301564
-0.14420833333333333
-0.16556666666666667
-0.3664666666666667
0.031951984126984134
0.016511111111111115
0.0
-0.06313194444444445
0.04377777777777778
-0.037556471306471315
-0.05566716049382714
-0.04564108843537415
-0.10588809523809523
0.14874814814814816
0.033257620294657335
-0.09946825396825398
0.07720180134680138
-0.06932592592592592
-0.14871777777777778
0.01853333333333333
0.029489063958916872
-0.1732695238095238
-0.202075
0.16564444444444446
-0.012033564814814815
-0.5450333333333334
-0.0509763888888889
0.014888957735386307
-0.024500000000000004
0.05499057239057239
0.018350000000000016
0.001844444444444454
-0.23236666666666664
-0.12540524691358024
-0.21
-0.08334179894179894
0.0016337181337181307
0.05566190476190477
0.23795555555555556
-0.21317407407407407
-0.1353277777777778
-0.012878571428571415
-0.13459166666666667
0.20540000000000003
-0.1655022486772487
-0.08998730158730157
-0.2534
-0.38166666666666665
0.5039666666666667
-0.07056310359834171
0.021844444444444472
0.051384795321637415
-0.1056462962962963
-0.09585555555555554
-0.14853386243386243
-0.006214638447971793
0.09234567901234565
0.03973333333333332
-0.22248333333333334
-0.11298333333333332
-0.06536190476190477
-0.028583333333333332
-0.05953086419753086
-0.19896724386724385
-0.2174060843672193
-0.12726111111111113
-0.05948624979958312
-0.1570638888888889
-0.07901349206349204
-0.15686676841676842
0.1452580808080808
-0.21079126984126983
-0.15
0.051401851851851865
-0.30493333333333333
-0.1105138888888889
-0.09891972222222223
-0.1815762626262626
0.2002195767195767
-0.03328444444444443
0.0399040404040404
0.011127777777777773
0.0411823953823954
0.08491333333333335
-0.08333333333333333
0.19217777777777778
-0.4044833333333333
0.09804444444444442
0.006900000000000017
-0.02779999999999999
-0.017199999999999993
0.4071666666666667
-0.02945555555555558
0.09267301587301587
0.14353333333333332
-0.18571944444444446
-0.09168622981956315
-0.1272253615520282
-0.24458256797668562
-0.63025
-0.03711551226551227
-0.11209682539682538
-0.06761666666666666
0.14696666666666666
0.0419
-0.006192592592592573
-0.14331481481481478
-0.17892666666666668
-0.14506666666666668
-0.06666666666666667
-0.1464878787878788
0.030232091832091856
-0.16666666666666666
-0.08112870370370369
0.20716666666666664
0.05390999999999999
0.03400972222222221
-0.130375
-0.12624666666666667
-0.2969
-0.18028964646464649
-0.13342999999999997
0.03657037037037037
-0.13626388888888888
-0.093434126984127
0.0023222222222222255
-0.07856878306878308
-0.3226
-0.3261
-0.23162958152958155
-0.11189196127946127
0.08510370370370368
0.13168920634920636
0.0034916666666666707
-0.3271936507936508
-0.050509259259259254
0.07238024691358026
-0.19506666666666664
0.017368518518518505
0.21989999999999998
0.05466666666666667
0.0055470538720538655
-0.08346560846560845
-0.02810808080808079
-0.07452402597402598
0.5169666666666667
0.0
-0.02382648809523809
0.05389656565656565
-0.11133299663299663
-0.20797500000000002
0.07015333333333333
0.00192789115646258
0.03382407407407406
0.0871111111111111
0.06041984126984131
0.012401587301587321
0.0086
-0.0049000000000000155
0.30144722222222226
-0.09123333333333332
-0.11028555555555557
-0.12902361111111113
-0.2086555555555555
0.11014417989417986
0.012739781746031742
-0.08585858843537414
0.31351111111111113
-0.17356111500155616
0.09396984126984127
-0.20960648148148145
0.15851666666666667
0.03367592592592594
-0.42444444444444446
0.0670595238095238
-0.12912962962962962
0.09129444444444446
0.057113095238095234
-0.07674848484848486
0.012113333333333337
0.19081666666666666
0.10933333333333334
-0.17556666666666665
0.020493827160493843
-0.0892126455026455
0.0
-0.2262262002743484
0.017428941798941822
0.09343333333333335
-0.041201784511784495
0.026137878787878804
-0.2720792181069958
-0.09696111111111111
-0.4646814814814815
0.03888137392442948
-0.24240000000000003
-0.13416666666666668
0.016894285714285705
-0.12448888888888887
0.05813248315470537
-0.2164809523809524
0.12279999999999998
0.0
-0.10689506172839508
-0.032538260582010585
-0.15507619047619048
-0.004670833333333337
-0.056008333333333334
0.07406565656565657
-0.37544444444444447
0.03430462962962962
-0.09516177248677248
0.15636785714285714
-0.15045
0.022396296296296293
-0.10091011904761904
0.0056076388888888955
0.09280476190476188
0.01955504019789735
0.054988023088023086
-0.18820370370370373
0.10121880341880345
-0.08416111111111112
-0.060450617283950604
-0.038686111111111116
0.04714197530864198
-0.11320634920634921
-0.09518899782135078
0.182275
0.05006666666666667
0.03795833333333334
-0.13309999999999997
0.004623735500206107
-0.00819162257495589
0.2434736507936508
0.06969423455332548
-0.022955266955266968
0.028811111111111138
-0.20033022226972844
-0.016770238095238078
0.12040000000000001
-0.021518181818181825
0.48418888888888895
-0.02207783158605528
0.09464325396825395
0.26516666666666666
0.0541422222222222
-0.12310883838383839
-0.17745
0.21762222222222224
0.004713888888888906
-0.05071999999999999
-0.06666666666666667
0.024608730158730163
-0.056755555555555566
-0.248825
-0.16863888888888887
-0.028046949891067582
-0.10713001443001442
-0.013258730158730156
-0.1869407642563198
0.06479523809523809
0.08333333333333336
-0.011867078189300393
-0.03959444444444444
-0.027468888888888893
-0.34288333333333326
-0.03469444444444445
-0.04488242424242426
-0.14329333333333336
-0.05816638176638175
0.1620318181818182
0.3862666666666667
-0.14845555555555556
-0.014411111111111116
-0.27795833333333336
-0.12688518518518518
-0.021147619047619054
-0.20728862433862436
-0.23386296296296297
-0.3033041740152851
-0.48588888888888887
-0.29467367724867727
-0.11258333333333333
-0.16666666666666666
-0.07607037037037039
0.01861551827801829
0.04920555555555558
-0.11020944444444447
0.05457777777777778
-0.15519374699374697
-0.4180912698412698
-0.087025
0.03198947368421054
0.261820987654321
0.039409693877551034
-0.03539225589225587
0.012500000000000011
-0.1512416666666667
0.16901309523809524
-0.23184166666666664
-0.00938666666666666
0.004704460354460362
0.0439248677248677
-0.1186387635756057
0.157370987654321
-0.09134666666666667
0.5540888888888889
0.14171666666666669
-0.1822882716049383
0.12816111111111114
-0.019222672297422028
-0.21356923076923076
-0.11904761904761903
-0.10948502886002887
0.08363095238095236
-0.0009975308641975527
-0.16666666666666666
-0.18748333333333334
0.0
-0.02980238095238097
-0.0873912037037037
0.07873210678210679
-0.006923412698412697
0.329740404040404
-0.09822037037037036
-0.04968095238095236
0.004089531680440785
-0.08796666666666668
0.35595185185185185
0.07505
-0.0017916666666666636
-0.14755473251028808
-0.10818170194003525
0.04455404040404041
-0.05075203703703703
-0.04489661375661377
0.0
-0.36254074074074066
-0.31845555555555555
-0.1831111111111111
0.00854166666666667
-0.10710618212197161
0.016817901234567913
-0.20783796296296295
-0.07329999999999999
-0.02619629629629631
0.0
0.011351683501683502
-0.018211851851851844
0.05302222222222223
-0.04317396825396825
0.21122070707070706
0.10175777777777777
-0.040543711843711826
-0.016272222222222205
0.014406172839506173
-0.13728401360544218
-0.10980000000000001
-0.05666666666666667
-0.03931759259259259
-0.17676666666666666
-0.23452592592592592
-0.09379814814814813
-0.2103849002849003
-0.08821666666666667
-0.009619696969696973
-0.15980555555555556
-0.14536157407407407
-0.10566584656084654
0.21093333333333333
0.006877777777777788
-0.07203544973544972
-0.11257446581196583
0.3045114285714286
-0.0451636684303351
0.015211597456041892
0.011633333333333348
-0.011726666666666672
-0.08449382716049382
0.08701666666666667
0.07924144162715592
-0.06911413002202477
-0.13863333333333333
-0.3818363636363637
-0.08846666666666665
0.24788333333333332
-0.10711481481481482
-0.09633333333333333
0.028131111111111107
0.09464444444444446
0.016690476190476203
-0.06140463487864281
-0.14637546296296297
-0.17111666666666667
-0.13510666666666668
0.11757503607503605
-0.005751587301587304
-0.04367863247863247
-0.006944444444444444
0.05841338383838383
0.09436913580246913
-0.4456185185185186
-0.04617512110904968
-0.12857333333333335
0.0
-0.09007777777777781
-0.044378483245149904
-0.045365740740740734
-0.08569848484848484
-0.034823809523809514
-0.023809523809523808
0.0164111111111111
-0.10789406231628453
0.20845
0.08731925925925926
-0.041435941043083895
-0.08591299903799904
-0.07472133237133238
-0.03333333333333333
0.04434074074074076
0.21980111111111109
-0.06508608965108967
-0.18949629629629627
0.11167333333333333
-0.08750000000000001
0.09432499999999999
-0.01562976190476192
-0.052855982905982896
-0.13926666666666665
0.0647
-0.020747207524985305
-0.21789999999999998
-0.16666666666666666
-0.049147041847041835
-0.1970563048063048
0.018996955266955263
-0.05224537037037038
-0.10303722222222222
-0.29495
-0.142856462585034
-0.01769478114478114
-0.2599472222222222
-0.4323037037037037
-0.18573333333333333
-0.21270833333333336
0.06911481481481485
-0.22572289562289563
0.5084142857142857
0.10651666666666666
0.0
-0.15074078144078143
0.0947
-0.05225341880341881
0.327425
0.0
-0.09392592592592593
0.05323333333333332
-0.15083333333333335
-0.27976111111111107
0.07676666666666666
0.011077777777777771
-0.08903776455026456
0.011329629629629629
-0.1984
-0.37404222222222216
0.17266913580246912
-0.16369999999999998
-0.04720679563492065
-0.08755
-0.24656857142857144
-0.018888095238095235
-0.17854060846560849
-0.1765777777777778
-0.4865333333333333
0.01820972222222222
-0.06150845211698869
-0.17048690476190476
-0.19656666666666667
-0.061364786653675535
-0.0242
-0.0142290684624018
-0.0353762225428892
-0.3017444444444445
0.1798833333333333
-0.14945884773662552
0.0004166666666666763
-0.24407083333333332
-0.10703611111111111
0.0
0.1135
0.1584
-0.059534424603174596
-0.23654999999999995
-0.022494444444444442
-0.02749523809523811
-0.13244950142450143
-0.3363333333333333
-0.1339858709273183
0.13120530303030303
-0.037910101010101005
-0.34995
0.1284530864197531
-0.04982944444444445
0.0
0.02810222222222222
0.019706535947712434
-0.03791117670208579
0.08292727272727272
-0.05302433862433862
