0.07270833333333332
0.2
0.35833333333333334
-0.16
0.010714285714285707
0.24595238095238098
-0.0011111111111111072
0.0
0.14146825396825397
0.21571428571428572
0.0759259259259259
0.07431818181818181
0.02202020202020202
0.38517857142857137
0.0465909090909091
0.17380952380952377
-0.016666666666666673
0.06814595660749506
-0.15
-0.06133333333333333
-0.2
0.19999999999999998
-0.36874999999999997
0.02380952380952381
0.0
0.05450310559006211
0.25
0.04163333333333332
-0.02023809523809524
0.06414488017429196
0.008333333333333333
0.2583333333333333
0.1351020408163265
0.007723214285714295
0.06666666666666667
-0.007534722222222218
-0.1
0.06515151515151517
-0.023333333333333327
-0.25
0.25555555555555554
-0.007499999999999984
0.04305555555555556
-0.0625
0.0
-0.13333333333333333
-0.056689664502164505
0.3242777777777778
0.0
-0.1625
0.09375
-0.23333333333333334
0.09999999999999998
0.2
0.06203703703703703
0.09080357142857144
-0.018302380952380955
-0.03214285714285714
-0.4083333333333334
-0.25
0.17272727272727273
0.11802796876326292
0.0557142857142857
-0.0014705882352941157
-0.17324561403508767
-0.18
0.07791666666666666
-0.1
0.07016758494031221
-0.02759103641456582
-0.0487121212121212
0.10803571428571428
0.009523809523809554
0.5
-0.04848958333333332
-0.050694444444444445
0.18857142857142856
0.17499999999999996
0.04981481481481482
0.0
-0.0030303030303030294
-0.00555555555555556
0.1328131313131313
0.0
0.12001713564213563
0.0
0.14753075871496926
0.22625
0.13931663574520717
0.04055555555555555
-0.09607142857142857
0.07500000000000001
-0.05092592592592592
-0.3
0.0
0.1212962962962963
0.159375
0.05714285714285715
0.11428571428571428
0.07500000000000001
0.06212121212121211
0.012500000000000011
-0.04545454545454542
0.11129449254449256
0.225
-0.125
0.052813852813852806
0.25
6.938893903907228e-18
-1.0
0.013327149041434764
0.02490740740740741
0.06700000000000002
0.16999999999999998
-0.5
0.019999999999999987
0.18541666666666665
0.18125000000000002
0.1018728956228956
-0.09404761904761905
0.08482477839620696
0.1279105090311987
-0.051665464165464164
0.09999999999999999
0.08864583333333334
-0.13571428571428573
-0.06487179487179486
0.10096153846153846
-0.10725000000000001
0.012280701754385965
0.1440934065934066
0.06482142857142856
-0.2535714285714286
-0.1
0.26666666666666666
0.295
0.029991365647103353
0.23939393939393935
0.11904761904761905
-0.46666666666666673
0.06892379265755888
-0.18333333333333326
0.0911764705882353
0.2
-0.195570987654321
0.2025116713352008
0.09523809523809523
-0.018768540202966442
-0.05
0.55
-0.04841269841269839
0.1675925925925926
0.31666666666666665
0.0
0.019940476190476196
0.5
0.26
0.2583333333333333
0.0
0.1638888888888889
-0.29642857142857143
-0.037777777777777764
-0.3444444444444444
-0.13529411764705881
0.0
0.0
-0.13752380952380952
0.1
-0.13587662337662337
0.07142857142857142
0.10714285714285714
0.048760330578512395
0.221774193548387
-0.22500000000000003
-0.019999999999999997
0.013827838827838819
0.3333333333333333
-0.05467032967032966
0.01856060606060606
0.04572981366459627
0.09348484848484848
-0.04142857142857143
0.12083333333333333
0.19999999999999998
0.010816326530612248
-0.05655328798185941
-6.938893903907228e-18
-0.3222222222222222
0.0
0.08939832689832693
0.1259259259259259
0.014285714285714282
-0.32499999999999996
-0.125
-0.0125
0.04523809523809524
0.375
-0.012281746031746041
0.08055555555555555
-0.014610389610389614
0.13333333333333333
-0.15787037037037036
0.03333333333333334
0.06013784461152882
0.1
-0.1111111111111111
0.2333333333333333
0.14615384615384613
-0.2
0.14204545454545456
0.06354166666666668
0.2347222222222222
0.225
0.08541666666666667
-0.0017857142857142794
0.06666666666666667
-0.3333333333333333
0.0
0.013849701885416172
0.07773437500000001
0.1216789952226845
-0.1708333333333333
0.16538461538461538
0.1
0.0
0.11436428571428571
-0.3638888888888889
0.19285714285714284
-0.20416666666666666
0.14078947368421052
0.3361111111111111
-0.4
0.10416666666666667
0.1373511904761905
0.0
0.16666666666666666
-0.004512385762385763
-0.4
0.036538461538461554
0.10610119047619049
-0.1637301587301587
0.2232142857142857
-0.37238095238095237
0.03590909090909092
0.024629629629629626
-0.058730158730158716
-0.0003968253968253954
0.275
0.13125
0.125
0.10568181818181815
0.02491373360938578
0.1
0.0
0.03306878306878307
0.39375
0.10047222222222221
0.11160130718954252
0.34604926323676327
-0.16666666666666666
0.02187728937728941
0.5
0.19
-0.0625
0.25
0.1006147787397788
0.18175438596491228
0.12333333333333334
0.022424242424242416
-0.09714285714285713
-0.01215503246753246
0.07121212121212123
0.05
0.2
-0.005947712418300653
-0.05
0.10499999999999998
-0.12460317460317458
0.22499999999999998
0.09204545454545454
-0.17857142857142858
0.07916666666666668
-0.25599999999999995
0.016145833333333325
0.0778030303030303
-0.16
-0.0875
0.006250000000000019
-0.06590909090909092
-0.134375
0.075
0.0
0.3
0.1572727272727273
0.1454004329004329
0.11433080808080806
0.07191358024691358
0.12116917804417807
-0.06946185997910136
0.06666666666666667
0.14973544973544972
-0.027697368421052627
-0.25
0.07083333333333335
-0.04848484848484847
0.303125
0.0
0.06602202145680407
-0.005952380952380947
-0.028472222222222218
0.1148148148148148
0.0
0.5
-0.14563492063492064
-0.03699724517906334
-0.12767857142857142
0.12762345679012346
0.12371794871794871
-0.003525641025641022
-0.0034466284466284397
0.07916666666666668
-0.019999999999999983
0.0
0.1571428571428571
-0.13642857142857143
-0.03955135773317591
-0.1375
0.1530952380952381
0.2806122448979592
0.25029761904761905
-0.07272727272727272
0.01498599439775911
0.2991666666666667
-0.14063852813852815
0.05
0.11453399541634836
0.16162337662337656
0.03472222222222222
-0.1343390804597701
0.15925925925925927
0.07732142857142857
0.21197916666666666
-0.16488095238095235
0.12678571428571428
0.043596491228070175
0.2642857142857143
0.010878835978835983
0.0011075307315908775
-0.008333333333333331
0.06
0.04792307692307693
0.0017248677248677315
0.0
0.10000000000000002
0.0
0.20405011655011654
0.13749999999999998
0.10714285714285714
-0.0316017316017316
0.0
-0.1075559163059163
-0.1075559163059163
0.19
0.0
0.008496732026143794
0.175
-0.03214285714285716
0.18166666666666664
-0.4277777777777777
0.05779220779220779
-0.11671528954137649
0.0
0.09525879917184261
0.225
0.225
0.03541666666666667
0.17708333333333331
-0.10793650793650796
0.025000000000000005
0.18720238095238093
0.2375
0.13749999999999998
-0.07638888888888888
-0.06666666666666661
-0.05952380952380952
0.06703030303030302
-0.07142857142857144
0.08485119047619047
-0.08749999999999995
0.025
-0.0554697771364438
0.08015151515151514
0.0
0.3630952380952381
0.2333333333333333
0.125
-0.11666666666666665
0.07814935064935066
0.5
0.015000000000000003
-0.02730158730158729
-0.08333333333333333
0.10833333333333334
-0.06666666666666667
0.009278499278499268
0.017045454545454572
-0.033333333333333326
0.15888134592680048
0.04642857142857143
-0.0024891774891774954
0.006666666666666665
0.09437499999999999
0.21857142857142858
-0.07142857142857142
0.29659090909090907
0.475
-3.7007434154171884e-18
0.17222222222222222
-0.2966666666666667
0.5
0.11789731732913554
0.09107142857142858
0.17881944444444445
0.03734567901234567
0.04207589285714287
0.0
-0.011077409432672587
0.2
0.06630952380952385
0.44999999999999996
0.003571428571428599
0.020370370370370372
0.0
0.08
0.0
0.3
-0.03173076923076923
0.0
-0.10032051282051278
0.05834292775782138
0.061483152073811415
0.24999999999999997
-0.06554520358868184
-0.2
0.034375
0.18405797101449275
-0.23333333333333336
0.0
0.19670329670329673
0.00733333333333334
-0.12380952380952381
0.07500000000000001
0.01589285714285712
0.12185238095238096
0.24285714285714285
0.0
-0.12941176470588237
0.09999999999999998
0.19865079365079363
0.1107142857142857
-0.15339506172839507
-0.07008838383838381
0.052985347985348
0.4
0.0
-0.2333333333333333
0.2333333333333333
-0.03125
-0.08571428571428573
-0.06351190476190474
0.1744246031746032
0.0
-0.08333333333333333
0.0
0.04208253968253969
-0.1
0.3
0.32333333333333336
0.1428304093567251
-0.09537037037037037
0.1
0.2976190476190476
0.21428571428571427
-0.032162698412698414
0.29444444444444445
0.0
-0.004166666666666652
-0.10119047619047618
0.2611111111111111
0.09999999999999999
-0.05490196078431374
0.28375850340136055
-0.08
-0.015277777777777779
-0.05
0.08415750915750916
0.07857142857142856
-0.24318181818181817
-0.08835317460317459
0.09166666666666667
0.1250969696969697
0.04166666666666665
0.125
0.19
0.4166666666666667
-0.12291666666666663
0.0
0.55
0.21204545454545456
0.1498168498168498
-0.1171875
0.08958333333333332
-0.056249999999999994
0.3333333333333333
-0.15079365079365079
0.0941885964912281
-0.1984126984126984
0.3340909090909091
0.11190476190476191
-0.08917366946778713
0.004166666666666666
0.04884920634920636
0.0
-0.03333333333333333
0.10681818181818183
0.0
0.22000000000000003
-0.02321428571428571
-0.1351190476190476
-0.00555555555555556
0.2
0.2
-0.06142857142857143
-0.08893333333333332
0.26111111111111107
0.251007326007326
0.029365079365079372
0.12999999999999998
0.1988095238095238
0.0
0.0625
0.09991071428571427
-0.2285714285714285
0.0
0.2375
0.275
0.11666666666666665
0.029591836734693875
-0.11666666666666667
-0.04480519480519483
0.09651515151515153
0.33653846153846156
0.0
-0.024999999999999998
0.07920963502173692
0.0810267857142857
0.016087768440709617
-0.07285714285714287
0.1
0.1111868686868687
-0.215625
0.11426470588235293
0.14238095238095236
0.28082010582010586
0.0860952380952381
0.10367965367965366
-0.21388888888888888
0.5
0.13210526315789473
0.0
0.021382913961038977
-0.16666666666666666
0.12842911877394636
0.11666666666666665
0.005128205128205133
0.0
-0.0925
-0.11785714285714285
0.02187500000000002
0.0
-0.19047619047619047
-0.1402777777777778
0.11481481481481483
0.17454545454545453
0.0
-0.044999999999999984
0.011041083099906635
0.17142857142857146
0.15736111111111106
-0.17232323232323232
-0.075
0.0
0.0987794612794613
0.07489759344598054
0.25
0.296875
0.04117424242424242
0.1
0.28395382395382396
0.025
0.049086604683195596
0.036418396418396407
-0.11805555555555555
0.24047619047619048
0.20416666666666666
-0.05132996632996634
0.6
-0.13333333333333333
0.19360990860990862
-0.011131725417439722
0.0
0.13636363636363635
0.18363636363636363
-0.18055555555555555
-0.14500000000000002
0.31199999999999994
-0.15
0.1134920634920635
0.041929924242424234
0.05595238095238094
-0.08922305764411026
0.0
0.042857142857142864
0.42000000000000004
0.2
-0.1857142857142857
-0.12678571428571428
-0.025972222222222223
0.05931623931623933
-0.06805555555555555
0.10027472527472528
-0.3
-0.5000000000000001
0.19545454545454546
0.14381868131868134
-0.125
0.0872782446311858
-0.0920014880952381
0.3893939393939394
-0.03144149831649832
0.1797619047619048
0.02936507936507936
0.12476190476190477
-0.4
0.1
-0.12541666666666668
-0.20793650793650795
0.0
0.075
0.11784188034188034
0.16203703703703706
0.0509259259259259
0.0967996289424861
-0.5
-0.1314759199134199
-0.24375000000000002
0.03787878787878787
0.17857142857142858
-0.16190476190476186
-0.16655092592592594
0.075
0.43333333333333335
-0.055714285714285716
-0.006313708513708502
-0.2138888888888889
0.15357142857142855
0.1471428571428572
-0.16785714285714284
0.39999999999999997
0.4625
0.20833333333333331
0.4818181818181818
0.0
-0.0261943761943762
-0.5
-0.5
-0.05560515873015874
0.13125
0.1125
0.0893939393939394
0.21666666666666667
0.1457282913165266
-0.025925925925925946
0.0050000000000000044
0.0035627522969295016
0.1278846153846154
0.21040706605222737
0.38333333333333336
0.05
0.15956486042692938
-0.026515151515151516
0.06258333333333335
-0.09183333333333338
-0.16999999999999998
-0.07083333333333333
0.30833333333333335
0.19999999999999998
0.084375
0.07028571428571433
0.08174603174603175
0.09047619047619047
-0.05666666666666668
0.0
0.0
-0.5
0.10833333333333335
0.026010006253908695
-0.2222222222222222
-0.2
-0.03035714285714286
-0.26749999999999996
0.11750000000000001
0.10459435908379572
0.15
0.1546031746031746
0.125
0.11917903525046382
-0.5
0.027191558441558444
-0.0909090909090909
-0.025
-0.2261904761904762
-0.23392857142857146
-0.05
-0.20833333333333331
0.0
0.10909090909090911
-0.05206766917293232
0.12
-0.4666666666666666
0.0
-0.45
-0.009523809523809499
0.2124867724867725
0.115
0.08442307692307692
-0.054041353383458654
-0.12020748299319726
0.15
-0.001293945312499989
-0.03994708994708995
0.041666666666666685
0.03806329849012776
0.0
-0.4333333333333333
0.010143967874231037
-0.325
0.10767543859649123
0.06666666666666665
0.75
-0.06389775979939916
0.06006944444444445
0.328125
0.07193777303366346
0.16666666666666666
-0.06346153846153849
0.1
0.25555555555555554
0.02650664811379097
-0.03630952380952381
-0.08348214285714287
-0.1875
-0.06666666666666667
0.22222222222222224
-0.06714616402116401
-0.06133333333333333
-0.08981481481481483
-0.12499999999999994
0.0
-0.55
-0.06677083333333333
0.16428571428571428
0.2
0.1096111111111111
-0.10833333333333332
0.10000000000000005
-0.06275510204081633
0.09767857142857146
-0.02812500000000001
0.15077044025157232
0.05995928674500105
0.1333333333333334
-0.5
0.031882936507936506
0.08050505050505048
-0.06180154721821386
0.0625
0.11426136363636363
0.055744949494949486
0.1051720972479901
0.11965811965811966
0.04015151515151515
0.3
0.11298309178743958
0.012499999999999997
-0.1777777777777778
0.18333333333333335
0.13988095238095238
-0.0843939393939394
-0.012740762740762747
0.09366319444444444
-0.244140625
0.19999999999999998
0.010416666666666678
0.15833333333333333
0.03988095238095236
0.10666666666666665
-0.0913265306122449
0.04999999999999999
0.25833333333333336
-0.06333333333333334
0.0022222222222222088
-0.06333333333333334
0.39999999999999997
0.3333333333333333
-0.034241854636591476
0.14285714285714288
0.020151945592286506
0.10132160110420978
0.06584990530303032
-0.08333333333333334
0.25
0.15845734126984126
0.35000000000000003
-0.016666666666666666
-0.03333333333333333
-0.21000000000000002
0.034191176470588225
0.32499999999999996
0.0
0.06348202522115566
-0.012326388888888887
-0.5
-0.027333333333333338
-0.029018715024812593
0.0805194805194805
0.04166666666666665
-0.00714285714285715
0.2
-0.78125
0.1591025641025641
-0.5
0.4
0.1875
0.004166666666666657
-0.0825
0.14333333333333334
0.23858974358974358
0.22407407407407406
-0.125
0.0
0.08750000000000001
0.3
0.11222222222222222
0.14557521023038267
0.1
0.25
0.2
0.27142857142857146
0.057499999999999996
0.15416666666666667
0.05925925925925926
0.16666666666666666
0.010493827160493796
0.0
-0.196875
-0.07142857142857142
0.17142857142857143
-0.12291666666666667
0.0061888111888112095
0.43200000000000005
0.27222222222222225
0.22916666666666666
0.3
0.05303030303030301
-0.0027777777777777866
0.1680952380952381
0.05256410256410254
-0.05
-0.08551136363636365
0.20364357864357865
0.18
0.05857142857142857
-0.2012755102040816
0.1305555555555556
-0.05
0.16380952380952382
0.1425925925925926
0.3
-0.24999999999999992
-0.04999999999999999
0.0986734693877551
0.08820346320346321
0.203125
-0.08333333333333333
0.15
-0.11164021164021164
0.08696969696969696
0.0
0.0
-0.085
0.019925997425997443
0.09166666666666666
-0.30861111111111117
-0.01428571428571429
-0.03511904761904761
-0.04757727652464495
0.17021919879062736
-0.16666666666666666
-0.20873863636363638
0.096
-0.24
-0.17
-0.018939393939393936
-0.11123809523809522
0.0
0.1655443322109989
0.027281746031746032
0.024999999999999994
-0.25
-0.10416666666666667
0.04464285714285717
0.175
-0.19166666666666668
0.625
0.16885783298826776
-0.125
0.018928571428571427
-0.032451499118165805
0.019444444444444438
0.07662337662337662
0.0
0.225
0.07073934837092731
0.25625
0.14982142857142855
0.009226190476190494
0.26874999999999993
0.020000000000000007
-0.020649350649350643
0.08916666666666667
-0.29166666666666663
0.20476190476190476
0.08124999999999999
-0.0800275482093664
0.13816666666666666
0.19671243042671613
0.0
0.12261904761904759
-0.16
0.19375000000000003
0.14166666666666666
-0.16666666666666666
0.125
-0.15079365079365079
0.08033882783882783
-0.125
0.3069191919191919
0.38125
0.1977225672877847
0.11145833333333333
0.2333333333333333
-0.024433333333333335
0.00833333333333334
0.225
0.22196969696969696
0.018750000000000034
0.021212121212121217
0.02499999999999998
0.1
0.0875
-0.041666666666666664
0.021078431372549018
-0.06250773036487323
0.0
0.06333333333333334
0.0
0.03714285714285714
-0.15999999999999998
0.06249999999999998
0.04999999999999999
0.21666666666666665
-0.02222222222222224
-0.2125
-0.03320512820512821
0.0885991940158607
-0.03555194805194805
0.04761904761904765
-0.2380952380952381
0.09199550449550452
0.16
0.04745749419662462
0.13333333333333333
0.0
-0.033333333333333326
0.33888888888888885
0.027803030303030305
0.1166666666666667
0.5
0.023937074829931976
0.06785714285714285
0.16666666666666669
0.023809523809523798
-0.22656249999999994
0.09095238095238094
-0.07297979797979798
-0.045
-0.5
-0.02633333333333333
0.0
0.10189075630252102
0.19930555555555554
0.027969348659003825
-0.028333333333333342
0.11200000000000002
-0.0010258838383838459
0.08962962962962964
0.1952991452991453
0.033597883597883606
0.2348484848484849
-0.11666666666666668
0.2833333333333333
0.19381696428571432
0.1875
0.06999999999999999
0.1033645276292335
-0.04126984126984127
0.2333333333333333
0.33666666666666667
0.08
-0.006547619047619045
0.2052083333333333
0.32857142857142857
0.16666666666666666
-0.05
-0.05000000000000002
0.16111111111111112
-0.07844827586206896
0.26642857142857146
0.0
0.022839506172839513
0.2261363636363636
0.06428571428571428
0.07450113378684807
0.15
0.2
0.3125
0.2708333333333333
-0.031282520897905515
0.07433862433862436
0.24559659090909092
0.034105534105534116
0.21271367521367518
-0.14250000000000002
0.22643480257116622
0.13428571428571429
0.5
0.2973484848484848
0.06976686507936508
-0.21333333333333332
0.16785714285714284
-0.10357142857142858
0.02592857142857143
0.2833333333333334
0.05367965367965366
0.3802083333333333
0.13607142857142857
-0.024999999999999998
0.04285714285714287
0.09444444444444444
0.2642857142857143
-0.45
0.11404761904761905
0.22499999999999998
0.024999999999999994
0.08333333333333333
0.5
-0.20781249999999998
0.05000000000000002
0.21428571428571427
0.13571428571428573
0.07349773242630385
0.0
0.2878472222222223
0.34478114478114474
-0.21666666666666667
0.15416666666666667
-0.495
0.12000000000000002
0.29404761904761906
-0.03196248196248196
-0.07548701298701299
0.041681929181929187
-0.00740740740740741
0.04583333333333331
-0.027777777777777773
1.0
-0.21249999999999997
-0.3125
0.4166666666666667
0.00899999999999999
-0.38
0.03701636904761904
-0.2
0.35
0.22433862433862434
0.10239067849361967
-0.27424242424242423
-0.12395833333333335
0.008333333333333338
0.09316526610644255
-0.18181818181818182
-0.1828125
0.22160493827160493
0.07500000000000001
0.20982142857142858
-0.07638888888888888
0.37619047619047613
0.14589285714285713
-0.14166666666666666
0.25
0.02491373360938578
0.13670329670329667
-0.02499999999999998
-0.036851851851851844
-0.13333333333333333
-0.15000000000000002
-0.045
0.3228571428571429
-0.17
0.0
0.3
0.4
0.08928571428571427
-0.6
0.025000000000000022
-0.4523809523809524
0.2120442520442521
-0.07202898550724635
0.6
0.07395833333333333
-0.024166666666666666
-0.0358641975308642
0.06000000000000001
-0.43
-0.04072727272727272
0.2
0.7
0.06574074074074075
0.1619047619047619
0.037500000000000006
-0.07916666666666666
-0.11712962962962964
-0.3333333333333333
0.01666666666666667
0.10865800865800865
0.033333333333333326
0.11249999999999999
0.11130952380952382
-0.15000000000000002
0.006249999999999999
0.05833333333333334
0.0203768110926541
0.2066666666666667
0.12753370439084727
0.1037037037037037
0.2857142857142857
0.23314285714285715
-0.043055555555555576
-0.20625
-0.056192129629629634
0.19999999999999998
0.0976120580808081
0.0949652777777778
-0.5777777777777778
0.23333333333333334
0.02767857142857143
0.08
-0.025
0.09775573192239857
0.3333333333333333
-0.13527077497665732
-0.12140022675736963
-0.13527077497665732
-0.13527077497665732
-0.13527077497665732
-0.17962962962962964
-0.2
0.021666666666666657
0.18145604395604395
-0.14902597402597403
0.1625
0.10462962962962963
-0.039999999999999994
0.31875000000000003
0.11111111111111113
-0.3125
0.0
0.05478896103896105
0.09121572871572874
-0.5
-0.013888888888888888
0.07358276643990928
0.39285714285714285
0.2916666666666667
0.10426190476190478
-0.07083333333333333
-0.017261904761904763
0.3125
0.03392857142857143
-0.10500000000000001
-0.008333333333333345
0.08268398268398269
0.10208333333333332
0.016666666666666673
0.24
0.21666666666666667
0.21875
-0.019999999999999997
0.20312499999999997
-0.2237215909090909
0.11666666666666665
0.2464285714285714
-0.08333333333333333
0.05667293233082706
0.1625
-0.04583333333333333
0.019999999999999997
-0.09999999999999999
0.2317777777777778
-0.08148148148148147
0.175
0.16125541125541126
-0.01833333333333333
0.02628002716238013
0.0
0.28469387755102044
0.06666666666666667
-0.2083333333333333
0.09999999999999999
0.13300865800865802
0.016969696969696968
-0.2
0.0
-0.08333333333333333
0.25
-0.16999999999999998
-0.16666666666666669
0.09129040404040405
-0.056249999999999994
-0.10038461538461538
-0.08333333333333333
-0.12999999999999998
0.2
-0.09562169312169314
0.2
0.07499999999999998
-0.11458333333333331
-0.15
0.125
0.043717948717948714
-0.006666666666666667
-0.034999999999999996
0.275
0.25
0.16666666666666666
0.425
0.15906084656084654
0.06080952380952381
0.0695609763043973
-0.025925925925925932
0.25677083333333334
0.15396825396825398
0.2
0.22115384615384615
0.11249999999999999
-0.2625
-0.09583333333333333
0.09523809523809525
-0.17428571428571432
-0.5
0.15365567765567767
0.43888888888888894
0.0
-0.02549603174603175
0.08795454545454544
0.2
0.16736111111111113
0.0
0.014074074074074091
-0.1708333333333333
-0.31570767195767196
-0.25555555555555554
0.04107142857142857
0.2078282828282828
-0.013571428571428568
0.019964285714285702
0.08889421215640726
-0.14285714285714285
-0.20555555555555552
0.05833333333333335
-0.05119047619047619
-0.03685897435897437
0.25
0.45
0.2
0.00785714285714285
0.2
0.13499823819591264
-0.06666666666666667
0.1265625
-0.08333333333333333
-0.23333333333333334
0.21666666666666665
0.018750000000000003
0.0
0.125
0.0946296296296296
0.0
0.045
0.5
0.0
0.09161904761904764
-0.146875
0.225
0.06412483912483916
-0.0880952380952381
0.007954545454545455
-0.175
-0.065
0.0
0.08333333333333333
0.07126293995859213
-0.009567901234567897
0.013125000000000006
0.013125000000000006
0.4
-0.4583333333333333
0.0030263157894736955
0.09165873015873016
0.11111111111111115
-0.5
0.18906249999999997
0.1352435064935065
-0.27897820570234366
0.04058201058201057
0.03837868480725624
-0.03125
0.15622745310245312
-0.025
0.16666666666666666
0.15745701058201056
-0.12761712157898597
0.16666666666666666
-0.1375
-0.0330632159335863
0.2857142857142857
-0.009761904761904777
-0.034999999999999996
-0.16666666666666666
0.45000000000000007
0.13115079365079363
0.003703703703703703
0.19999999999999998
-0.04523809523809524
-0.19999999999999996
0.11263227513227513
0.16666666666666666
-0.2333333333333333
0.0
0.0
0.07291666666666667
-0.09933333333333332
0.0625
0.18906249999999997
-0.05126984126984127
0.0
-0.11916666666666667
0.09958333333333333
0.2
0.06861111111111111
0.005476190476190495
0.2375
0.03333333333333333
0.172
-0.17373737373737375
0.025000000000000005
0.2794696969696969
0.1152077497665733
-0.06904761904761905
0.11214285714285714
0.10357142857142856
-0.04999999999999999
-0.038888888888888896
0.26666666666666666
-0.25
-0.011666666666666648
-0.06547619047619047
-0.12361111111111112
0.15
0.11666666666666665
0.021604938271604937
-0.056478937728937716
0.016000000000000007
-0.034999999999999996
0.0014062499999999908
0.04448504983388704
-0.022380952380952383
-0.2
0.08452380952380953
0.12900257400257398
0.10666666666666667
-0.013333333333333336
0.04
0.04346846846846848
0.031055900621117998
-0.1
-0.06190476190476191
-0.12453124999999998
0.1217948717948718
0.08333333333333334
-0.00846917450365728
0.16
0.0
0.047727272727272736
-0.13958333333333334
-0.3999999999999999
0.13437500000000002
0.3
0.0
-0.014990476190476186
0.2333333333333334
-0.11666666666666664
0.05083333333333333
-0.04583333333333332
0.09350000000000003
0.03607142857142857
0.0
0.09375
0.16555555555555554
0.0015756302521008282
-0.096875
0.35606060606060613
0.0
0.04468750000000001
-0.025925925925925925
-0.021658549783549783
0.03750850340136055
-0.2
-0.25
-0.019411764705882333
0.0024455337690631783
0.14437499999999998
0.04999999999999999
-0.04869047619047619
-0.1025
-0.004166666666666666
0.7
0.15416666666666667
0.06666666666666667
0.13758928571428572
0.1477369281045752
-0.06666666666666667
0.25
0.1
0.1
0.07291666666666666
-0.015555555555555569
0.07820512820512823
0.04484848484848485
-0.1273809523809524
-0.022417929292929295
0.08047619047619048
0.2983333333333333
0.20666666666666667
0.2
0.625
0.11428571428571428
-0.07777777777777779
0.23978174603174604
0.06666666666666667
0.0
0.17733585858585857
0.0
-0.5
0.05341880341880341
0.23749999999999996
-0.03749999999999999
-0.30833333333333335
0.1166666666666667
-0.003333333333333352
0.06707589285714285
-0.1106060606060606
0.034199134199134194
-0.06904761904761904
0.06904761904761905
-0.043730158730158716
0.11746031746031746
-0.038
0.0488095238095238
-0.07777777777777779
0.18428571428571427
0.010807656395891693
0.1982683982683983
0.12768661518661517
0.21653439153439152
0.10586868686868688
0.6499999999999999
0.08125
0.04566096230158732
0.3166666666666667
0.18415750915750914
0.25416666666666665
0.09643069348951704
0.061111111111111116
0.1744047619047619
-0.016666666666666663
-0.03125000000000001
0.37833333333333335
0.125
0.28476190476190477
0.0
0.07993197278911567
0.22000000000000003
-0.056207482993197284
0.22000000000000003
0.0696078431372549
0.047756410256410274
0.06499999999999999
0.12158119658119658
0.025000000000000022
0.10304029304029305
0.3986111111111111
0.04003673094582187
0.2833333333333334
-0.15
0.12011634199134201
0.09312500000000001
0.4333333333333334
0.14444444444444443
0.36562500000000003
0.22683333333333336
0.03125
-0.1994024091850179
0.026360544217687052
0.21666666666666667
-0.05833333333333333
0.025000000000000012
0.017405077561327576
0.08343837535014006
0.07225073313782993
0.12727272727272726
-0.048148148148148134
-0.0019325396825396726
-0.6999999999999998
-0.03125
0.4
0.3833333333333333
-0.07500000000000001
0.10416666666666666
-0.04333333333333333
0.095
-0.021527777777777778
0.26666666666666666
0.21923076923076928
-0.04910714285714286
-0.06000000000000001
0.2
0.0
0.04307812342696065
0.0
0.27999999999999997
0.055102040816326525
0.006848484848484843
0.018181818181818174
0.031542857142857136
0.15166666666666667
0.07999999999999999
0.29404761904761906
0.06132478632478632
0.0
0.02368421052631578
-0.21851851851851853
0.22159090909090906
0.016666666666666663
0.0040404040404040465
0.15104166666666666
0.0
-0.056722689075630245
-0.10476190476190476
0.1616718426501035
0.03871212121212121
-0.20942982456140347
0.031541950113378674
0.09486318067897016
0.0
-0.05
-0.049999999999999996
0.18906249999999997
0.2
-0.14166666666666666
0.07678391053391054
-0.5
0.09166666666666667
-0.015011806375442747
0.1875
-0.04167294058598407
-0.19999999999999998
0.14558220836181368
0.25
0.2460565476190476
0.020576441102756898
0.4666666666666666
0.08333333333333333
0.2
0.02512820512820511
-0.05
-0.13333333333333333
0.18148148148148147
0.08891534391534393
0.1920400432900433
-0.25312499999999993
-0.007031249999999975
0.0
0.16408730158730156
-0.03333333333333335
0.12142857142857144
0.625
0.2575
0.07500000000000001
-0.027777777777777773
-0.2
0.41
0.06643518518518517
0.1316666666666667
-0.0141025641025641
0.04107142857142857
0.07096491228070177
0.19574404761904762
0.24062499999999998
-0.024999999999999994
-0.015151515151515148
0.12857142857142856
0.09698412698412699
0.0857142857142857
0.12954545454545455
-0.28214285714285714
0.21089015151515156
0.19832015810276685
0.20833333333333334
0.10000000000000002
-0.052727272727272734
0.1717575757575758
0.13749999999999998
-0.04267857142857144
0.12023809523809521
0.046480331262939954
-0.2
0.20000000000000004
0.2
0.20986394557823132
-0.10229497354497355
0.075
0.11071428571428572
-0.015789473684210523
-0.11250000000000002
0.016666666666666663
0.05333333333333334
0.0006795224977043178
-0.05
0.0
0.13877551020408166
0.19382716049382717
-0.20606060606060606
0.39999999999999997
0.26944444444444443
0.004998897707231043
-0.5
-0.045361781076066796
-0.6
-0.5
-0.05928571428571429
0.0
0.1416666666666667
0.09375000000000001
0.11763038548752834
0.23095238095238096
0.0075000000000000015
-0.3666666666666667
0.21920339761248853
0.08333333333333333
-0.19072222222222224
0.25848484848484854
0.10243055555555555
-0.10648148148148151
-0.125
0.25
0.02
-0.13154761904761902
0.10520833333333333
0.05416666666666667
0.19333333333333333
0.06648148148148147
-0.018750000000000003
-0.08888888888888886
-0.5962500000000001
0.07576530612244899
0.01428571428571425
0.16964285714285715
0.08333333333333333
-0.057619047619047625
0.22387755102040816
0.22387755102040816
0.5
-0.01874999999999999
0.08517857142857141
0.15
0.08333333333333333
0.1047276422764228
0.10097680097680098
0.061111111111111116
0.39444444444444443
0.06078431372549023
-0.2708333333333333
-0.14375
0.13999999999999999
-0.2875
-0.5
0.05555265195509096
-0.390625
0.07799447678758023
0.09970588235294119
0.0
0.02821428571428573
-0.025142045454545472
0.1462962962962963
-0.10357142857142858
0.19572463768115944
-0.16666666666666666
0.08925287356321841
0.17545454545454547
7.93016446160826e-18
-0.03749999999999999
0.32954545454545453
-0.22499999999999995
-0.037500000000000006
0.0
0.10963613406795224
-0.1276190476190476
0.18538695997879676
-0.07111111111111111
0.009027777777777782
0.08541666666666668
0.2728407345342829
0.4428571428571428
0.15897186147186146
-0.016326530612244903
0.20892654220779222
0.15
-0.07500000000000001
0.1486111111111111
0.3527777777777778
0.6083333333333333
0.33287037037037037
0.07187500000000001
-0.2916666666666667
0.2
-0.02
0.15178571428571427
0.3544973544973544
0.4074074074074074
0.14390873015873015
0.2329028925619835
0.023548673548673543
-0.1
0.15833333333333333
0.0
-0.012820512820512813
0.37878787878787873
0.12671130952380952
0.20434782608695654
-0.05576923076923078
0.0839214198499913
0.3075
0.325
0.044444444444444446
0.030555555555555555
0.18055555555555555
0.35
0.4
0.19821428571428568
0.07390295815295815
0.22916666666666666
0.02526984126984128
-0.036111111111111115
-0.00416666666666667
0.12174688057040996
-0.12159090909090908
0.26875
0.07294372294372295
0.16666666666666669
-0.10555555555555554
0.04627976190476189
-0.09515151515151515
-0.15555555555555556
-0.45
0.010714285714285716
0.0
0.12102040816326531
-0.009523809523809526
0.13465909090909092
0.1875
0.17407407407407408
0.09545454545454544
0.020714285714285713
0.27907177363699104
-0.07453914141414143
-0.16250000000000003
0.0012820512820512946
0.18916666666666665
0.58
0.037464285714285714
0.15948863636363636
-0.0010317460317460466
-0.10000000000000002
-0.45357142857142857
0.0
0.4
-0.010416666666666671
-0.01499999999999999
0.03125
0.625
-0.046666666666666655
-0.039999999999999994
0.15499999999999997
0.085
0.0002645502645502636
-0.175
-0.0267543859649123
0.325
0.056249999999999994
0.0
0.07878787878787878
0.0
-0.007954545454545454
0.16
0.21666666666666665
0.1616228070175439
0.2283068783068783
-0.11581439393939393
0.1623953823953824
0.06818181818181818
0.2222222222222222
-0.17500000000000002
0.18571428571428572
0.06893939393939393
0.0931318681318681
-0.014478114478114472
-0.21249999999999997
0.024999999999999967
0.252
0.4
0.5
-0.07113095238095238
0.06666666666666664
0.1087962962962963
0.11126984126984125
0.0
0.21805555555555556
0.2625
-0.08055555555555555
-0.16249999999999998
0.06908259348937316
0.029461279461279462
0.07500000000000001
-0.003733766233766244
0.0
0.06239074417645846
0.09166666666666666
-0.25
0.2
0.0
0.11466836734693876
0.13238095238095238
-0.04038461538461539
-0.10098412698412698
0.19
0.004224612193362186
0.09375000000000003
-0.3
0.15833333333333333
0.13333333333333333
-0.1888888888888889
-0.03981481481481481
-0.20730929989550678
0.0
0.029078964359504137
-0.04531249999999999
0.5
-0.07447916666666665
-0.07184926184926185
0.05814393939393939
0.1368530020703934
-0.01441570881226054
0.017142857142857137
0.04871794871794872
-0.14652777777777778
0.0015769944341372957
0.006944444444444442
-0.03888888888888886
-0.07321428571428572
-0.01726190476190476
-0.11277777777777778
0.0
-0.055555555555555546
0.275
0.3161904761904762
0.08071050642479215
0.55
-0.10503380364491474
0.15625
-0.15555555555555559
-0.18666666666666668
0.058172123015873
0.06589285714285713
0.0
-0.10212585034013602
0.4
0.2
-0.125
0.175
0.09244663382594416
0.15964912280701754
0.09
-0.2
0.037500000000000006
0.8
0.125
-0.47500000000000003
0.08750000000000001
0.0
0.11896258503401362
0.06666666666666667
0.06458333333333333
0.1481111111111111
-0.030785123966942152
0.2688775510204081
0.26944444444444443
0.0
0.02420634920634921
0.019871794871794878
-0.10000000000000002
0.012222222222222226
0.2092261904761905
-0.003136810279667418
-0.03640350877192983
-0.13934523809523808
0.37632440476190476
0.35
-0.1903846153846154
0.10333333333333332
-0.13863636363636364
0.1
0.17142857142857143
-0.2212962962962963
-0.037362637362637355
0.16285714285714287
0.5
0.10380952380952381
-0.09807692307692309
0.2
0.12000000000000002
0.03167245370370372
0.255
0.0015389610389610429
0.18621031746031746
0.0586598124098124
-0.010000000000000012
0.0
-0.09999999999999999
0.2333333333333333
-0.04285714285714286
0.04863636363636363
-0.048749999999999995
-0.008531746031746026
0.3333333333333333
-0.060952380952380945
0.01833333333333335
0.1219949494949495
0.2357142857142857
0.021333333333333333
-0.08749999999999998
-0.1875
0.12619047619047621
0.07424242424242426
0.08166666666666669
0.14603174603174604
-0.15416666666666665
0.0
0.27499999999999997
0.17509157509157508
0.08863636363636364
0.17272727272727273
0.09286858974358975
-0.047619047619047616
-0.08333333333333333
-0.14169146825396825
0.26666666666666666
-0.06333333333333332
-0.10771929824561405
-0.8
0.025000000000000005
-0.016666666666666663
-0.04375000000000001
0.1062623114065422
0.0916666666666667
-0.19
0.2028996598639456
-0.159375
0.06960784313725492
0.039158667419536976
0.30333333333333334
-0.06857142857142857
-0.05145202020202022
-0.16035714285714286
0.0
0.0
0.3583333333333333
0.15071428571428575
0.057407407407407414
-0.025148809523809528
-0.007570207570207586
0.07100000000000001
0.0
0.1125
-0.4375
0.0291666666666667
-0.04821428571428572
-0.04750000000000001
0.06913888888888889
0.22812499999999997
0.0155
0.09848484848484848
0.1351190476190476
0.1447142857142857
0.010317460317460317
0.0007575757575757549
0.1613888888888889
0.07849999999999999
0.2904761904761905
-0.03691071428571428
0.10545454545454543
0.37000000000000005
0.1953189300411522
0.0
0.019832336975194122
0.1275974025974026
-0.03969979296066253
0.0435064935064935
0.10128205128205128
0.0811115569823435
0.38125
-0.10729166666666669
0.0661904761904762
0.20833333333333334
0.14095238095238097
0.044312672176308535
0.025649350649350647
0.06346153846153846
-0.053333333333333344
-0.07718137254901958
-0.3
-0.10208333333333335
0.05430555555555556
0.11499999999999999
0.1084090909090909
0.05724489795918369
0.09017857142857143
0.01666666666666672
0.2333333333333333
0.08261892428559095
0.0
0.16517030423280427
0.020000000000000007
0.2
0.175
-0.13796296296296293
-0.01107517482517483
-0.03072344322344322
0.09697916666666666
0.0
-0.3125
0.03437500000000001
0.24072263993316623
-0.5
0.22499999999999998
-0.09999999999999999
0.0
0.06481481481481483
0.1878446115288221
0.26666666666666666
-0.06964285714285715
0.1363476800976801
-0.054166666666666655
0.24444444444444444
0.28055555555555556
0.0790909090909091
-0.4
-0.11004273504273504
-0.0875
-0.0693719806763285
0.25999999999999995
0.029662698412698425
0.0
-0.15937500000000002
0.10446003401360546
0.13944444444444443
-0.075
-0.10781249999999998
0.03355263157894737
-0.2125
-0.5
0.234375
0.08421052631578947
0.0
-0.234375
0.10127551020408164
0.015121212121212117
-0.20967741935483875
0.20833333333333334
0.2653846153846154
-0.03571428571428572
0.09744897959183674
-0.06193181818181817
0.03492063492063492
0.06375
0.16828231292517007
-0.08750000000000001
-0.05800000000000001
0.034999999999999996
0.05
0.16354166666666667
-0.054577352472089335
0.08484848484848483
0.048576108870967735
-0.049999999999999996
-0.1
0.03333333333333333
-0.012685185185185167
0.16999999999999998
0.04125000000000001
-0.04514285714285714
0.0
0.12083333333333335
0.1875
-0.5
-0.2638888888888889
-0.55
0.47265625
-0.3
-0.6499999999999999
0.14884615384615382
-0.030555555555555558
-0.43333333333333335
0.08471192185007975
0.2785714285714286
-0.0625
-0.21119791666666665
0.26875
0.12125
0.1645436507936508
-0.24785714285714286
-0.0005952380952380931
0.011428571428571416
0.012121212121212116
0.054285714285714284
0.5
-0.0971916971916972
0.3571428571428571
-0.2406307977736549
-0.25
0.18287037037037035
-0.17375
0.23095238095238094
-0.6
0.015079365079365057
0.17341880341880345
-0.10555555555555556
0.19761904761904764
0.022772081719450134
-0.049999999999999996
0.24675324675324675
0.16554232804232805
0.13207983193277315
-0.1
0.0
0.19999999999999998
0.11903659611992944
0.275
-0.18666666666666668
0.25441176470588234
-0.08787878787878788
-0.3388888888888889
-0.25
-0.06250000000000003
0.08846153846153847
0.19293333333333332
0.25555555555555554
0.2341269841269841
0.053418803418803416
0.23666666666666666
0.002331759149940983
-0.0417384731670446
0.1333333333333333
0.17250000000000004
-0.1875
0.03666666666666665
-0.3
0.0
-0.055194805194805185
0.15701754385964914
-0.21666666666666665
0.16753246753246756
-0.07333333333333335
0.12489795918367348
0.0
0.5428571428571429
0.42142857142857143
0.13429705215419502
-0.0963450292397661
-0.10833333333333334
0.16666666666666666
0.05
0.0
0.02109375000000001
0.1654017857142857
0.19425925925925927
0.4777777777777778
-0.20654761904761906
0.02209876543209876
0.0
0.06160263347763348
-0.04273524720893143
0.2267316017316017
-0.10148809523809525
0.45833333333333337
0.09999999999999999
0.0
0.022277432712215325
0.1280740740740741
0.0058041958041958105
0.04545454545454548
-0.24395604395604387
-0.01496212121212121
0.008119658119658122
-0.13506944444444444
-0.06388888888888888
0.1863095238095238
0.10681818181818183
0.18181818181818182
0.2857142857142857
0.00010564062802868847
0.18888888888888888
-0.002840909090909081
-0.07805555555555554
-0.225
-0.5277777777777778
-0.04308035714285715
-0.08999999999999998
0.029166666666666684
0.14887975499677628
0.0
-0.009374999999999994
-0.1875
-0.1
-0.1
0.27111111111111114
0.18263888888888888
0.13273809523809524
0.03694141086186541
-0.023457098457098438
-0.09090909090909091
0.2
0.06666666666666667
-0.05289115646258503
0.026954732510288067
0.0
0.03928571428571429
-0.6
0.012628205128205125
-0.10227272727272728
-0.017499999999999995
-0.1
0.3375
0.13702501202501205
-0.085
0.14166666666666666
0.03915343915343916
0.13156862745098039
0.08291666666666668
-0.07314327485380119
-0.08333333333333333
-0.004761904761904753
-0.06354166666666666
-0.05555555555555552
-0.07043178382464098
-0.08888888888888889
-0.03830492424242425
0.11127570346320347
-0.08430564144849859
-0.04374999999999998
-0.5
0.036
-0.05
-0.15
-0.007575757575757569
0.066
0.03228282828282828
-0.018750000000000006
0.16979166666666667
0.003833333333333344
0.25
-0.0062500000000000056
0.1645011435105775
0.3666666666666667
0.10833333333333334
0.06062610229276895
0.0344654528478058
-0.06527777777777777
0.12405423280423282
0.1607142857142857
0.0
0.008333333333333333
-0.1623931623931624
0.21785714285714286
0.10725578769057031
0.07051820728291319
0.02500000000000001
0.2
-0.5999999999999999
0.15
-0.058333333333333334
-0.05191176470588236
-0.26250000000000007
0.0
-0.033134920634920635
-0.31666666666666665
0.0
0.04313186813186813
0.22108585858585864
0.008333333333333338
-0.20676328502415456
0.1686274509803922
-0.1642857142857142
0.07239583333333331
0.1349206349206349
0.275
0.2
0.0991259795057263
0.0
-0.08125
-0.0992704826038159
0.0
0.19
-0.06277777777777778
-0.06327160493827158
-0.06590909090909092
-0.05820512820512821
-0.09999999999999999
0.14945887445887446
0.20666666666666664
0.6250000000000001
-0.007051282051282056
-0.033333333333333326
-0.04860729548229548
0.07912433862433864
0.1840277777777778
0.1336363636363636
0.02321428571428571
0.1388888888888889
0.1381904761904762
-0.14791666666666667
0.0
-0.049999999999999996
0.13125
-0.3095703125
0.1125
0.12936507936507935
0.09348958333333332
0.09047619047619047
0.0006410256410256387
0.20833333333333334
-0.0353305785123967
0.2785714285714286
0.2
0.0011904761904761901
0.2833333333333333
0.07886737747848858
0.037741516146688546
0.1
0.029769119769119775
0.05055555555555556
0.11583333333333337
0.5
0.09374999999999999
-0.18833333333333332
0.11111111111111112
-0.032020202020202025
-0.29375
-0.02254689754689755
0.2
-0.13662280701754387
0.071875
-0.2733333333333333
0.07462121212121212
-0.1857142857142857
-0.02191919191919192
0.05
-0.07314814814814816
-0.23999999999999994
-0.1111111111111111
0.0
0.07035714285714287
-0.3999999999999999
-0.215
-0.12583333333333332
-0.09722222222222222
-0.08095238095238093
0.01666666666666667
0.3055555555555556
-0.06612244897959182
0.21535926870748304
0.07083333333333336
0.19947916666666665
-0.15708333333333335
-0.075
-0.047222222222222214
-0.009767316017316025
-0.21502525252525242
0.19345238095238093
0.06435185185185187
0.05215617715617716
-0.1875
-0.06675595238095237
0.008268398268398276
-0.0548611111111111
-0.1377840909090909
0.0
0.22954545454545452
-0.025
0.07777777777777779
-0.12108843537414968
0.0
0.03333333333333333
-0.12135416666666668
0.29
0.09320987654320988
0.09
-0.06777777777777777
-0.14259259259259263
0.004620382076134286
-0.03356292517006803
0.060326086956521745
0.11067708333333331
-0.04999999999999999
0.14944444444444446
0.10273809523809523
0.43333333333333335
0.016521739130434785
0.1976190476190476
0.002819204604918888
0.0
0.1129943783068783
0.24415584415584418
0.10898437500000001
0.1
0.06395833333333334
-0.09007936507936509
0.07613103827389543
0.12727272727272726
-0.22944444444444442
0.1730952380952381
0.04166666666666667
-0.046647025813692476
0.16666666666666666
0.09951298701298701
0.0
0.1388888888888889
-0.3333333333333333
-0.45
0.0
0.11426008202323994
-0.16083333333333333
-0.041666666666666644
0.06875
0.0693310657596372
0.11111111111111112
0.05227272727272727
0.09916666666666668
0.07727272727272728
0.04456241956241956
0.0
0.13014210427253906
0.1514411027568922
0.016378630050505064
0.1309467120181406
-0.2
-0.0032954752782338916
0.06666666666666665
-0.002272727272727262
-0.0608695652173913
-0.012962962962962966
0.09861111111111112
-0.09924242424242424
0.22999999999999998
0.07873737373737374
0.054904524699045255
0.07261904761904762
0.016125541125541137
-0.16666666666666666
0.08611111111111111
-0.075
0.0
0.057499999999999996
-0.06448412698412698
0.17083333333333334
0.125
-0.13999999999999999
0.14123931623931624
0.044642857142857144
-0.007986111111111116
0.35
0.225
0.022916666666666665
0.19166666666666665
0.13619791666666667
0.08571428571428573
0.02727272727272727
0.15000000000000002
0.239423076923077
0.19541666666666668
0.125
0.03214285714285715
0.17380952380952383
-0.1375
0.17777777777777778
0.132055574295834
-0.21750000000000003
0.08313078703703704
-0.03125
0.2625
-0.07322222222222222
0.7
-0.05555555555555555
-0.3261904761904762
0.023261904761904782
0.04595157928491262
0.09583333333333333
-0.02016129032258065
-0.1
0.25
0.15500000000000003
0.06663165266106442
0.16
0.07166666666666666
-0.00555555555555556
0.07613636363636363
0.15
-0.002857142857142858
-0.0029761904761904817
-0.04855072463768116
-0.1976190476190476
-0.25
-0.0488095238095238
0.11478618113912235
-0.4
0.2172222222222223
0.20312500000000003
0.21481481481481482
-0.41190476190476194
-0.010479797979797974
0.04583333333333334
0.059438775510204093
0.18825757575757573
-0.15692640692640694
0.0625
0.0625
0.0
0.0
0.0827777777777778
0.0886549092535008
0.1375
-0.1
-0.31666666666666665
0.1
0.2333333333333333
0.08511904761904762
-0.39444444444444443
0.2027777777777778
0.0640909090909091
0.14385603135603137
0.05499999999999999
-0.007407407407407381
0.11511904761904761
-0.5
-0.2149276815776817
0.75
-0.18999999999999997
-0.05
0.16666666666666666
0.16666666666666666
0.08558787878787878
0.0
0.13113095238095238
-0.07142857142857142
0.25
-0.1027777777777778
0.1853368853368854
0.12012987012987013
0.15697278911564624
0.05126262626262625
-0.054375
0.18095238095238098
0.13999999999999996
-5.551115123125783e-18
0.11510346320346321
0.02932844932844933
-0.011666666666666652
0.062
0.15833333333333333
0.05999999999999996
-0.006952110389610393
0.08409090909090909
0.07500000000000001
0.038423753665689134
0.2842857142857143
0.04807692307692308
-0.08974358974358973
0.1625
0.1340909090909091
0.29375
-0.07976190476190477
0.25
0.08744239631336408
0.25
0.10471645021645021
-0.15714285714285714
-0.1295238095238095
-0.1295238095238095
0.14583333333333334
0.4454545454545454
-0.125
0.14583333333333331
-0.3
0.20000000000000004
0.0
0.1260238095238095
0.022222222222222223
0.2
-0.03784722222222222
0.1266941391941392
0.031372549019607836
-0.041798115079365095
0.010000000000000009
0.11666666666666667
-0.024999999999999994
0.1125
0.24086270871985158
-0.025553037109640873
0.012657758907758913
0.0
-0.11156462585034013
0.06000000000000001
-0.17249999999999996
-0.33999999999999997
0.019163668430335113
-0.14202628968253964
0.25
-0.05595238095238093
0.007499999999999995
0.13769841269841268
0.08461538461538462
0.23333333333333334
0.05370370370370371
0.008333333333333331
0.45
0.10205387205387208
0.03571428571428571
-0.03125
0.03333333333333333
-0.11380952380952379
0.09729729729729733
-0.1513888888888889
0.03693181818181819
0.05714285714285715
0.06158730158730159
0.07115440115440115
-0.04285714285714286
0.0763344226579521
0.525
0.0
0.020068027210884347
0.0
-0.14628205128205127
-0.20000000000000004
-0.04305555555555555
-0.11666666666666665
0.21212121212121215
0.03892684610075913
0.0
-0.04458333333333332
-0.08299319727891154
0.22321428571428567
0.15544077134986226
-0.012788600288600294
0.036904761904761905
0.09626623376623379
0.0
-0.375
-0.03684807256235828
-0.1111111111111111
-0.01666666666666666
0.2
-0.020995670995671005
-0.029487179487179487
-0.16666666666666666
-0.325
0.05352846648301193
-0.021428571428571425
-0.06952380952380952
0.12402597402597403
0.09
0.48828125
0.16166666666666668
-0.008909853249475887
-0.05
0.016306584362139945
0.021732026143790845
0.049999999999999996
0.2642857142857143
-0.022575757575757572
0.05124299719887955
0.0862962962962963
0.14971212121212124
0.049999999999999996
0.0625
-0.10833333333333334
-0.1983333333333333
0.15833333333333335
0.2
0.20096153846153847
-0.8
0.08777777777777779
0.2
-0.10771329365079366
0.1
0.2
-0.7
-0.020000000000000018
-0.5
0.10921192956349206
0.1
0.01733821733821734
-0.04791666666666667
-0.0875
0.09285714285714286
0.14837301587301588
-0.30000000000000004
-0.012499999999999997
0.1921969696969697
0.07884615384615384
0.0486111111111111
0.10658899923605807
0.22321428571428567
-0.178125
0.021666666666666678
0.06666666666666667
0.35
-0.35
-0.22000000000000003
0.2833333333333333
0.19062500000000002
-0.03214285714285714
1.0
0.12630208333333334
-0.14166666666666666
0.015000000000000013
-0.003869047619047629
0.38215488215488214
0.028666666666666667
-0.055
-0.075
0.05000000000000001
0.0
0.06666666666666667
-0.021428571428571425
0.16499999999999998
-0.018526785714285707
0.09999999999999999
-0.22706349206349205
0.08333333333333337
0.03333333333333333
0.0
-0.18796296296296297
0.02440476190476191
-0.08796296296296297
-0.20833333333333334
0.14454545454545453
0.1
-0.029166666666666674
-0.25
-0.04999999999999999
-0.1714285714285714
0.12142857142857144
0.2
0.18000000000000002
-0.05000000000000001
0.06666666666666665
0.23055555555555554
0.028545918367346938
-0.2
-0.08333333333333333
0.00912247474747474
0.07949735449735452
-0.08333333333333333
0.042171717171717166
-0.02191257816257815
-0.16666666666666666
0.027156177156177155
-0.5
0.05442911255411258
-0.05357142857142859
0.0
-0.04671717171717171
0.15888888888888889
0.0988095238095238
-0.12142857142857143
-0.13333333333333333
-0.13392857142857142
0.0
0.2
-0.045
-0.1875
0.125
-0.00043209876543209846
-0.18622448979591835
0.0
-0.5
0.0
0.2
-0.41666666666666663
-0.07222222222222222
-0.2875
0.21428571428571427
0.128125
0.025000000000000005
-0.09358178053830227
-0.12083333333333329
-0.15555555555555556
0.3666666666666667
0.0
0.2
0.12350000000000003
0.2
0.07013888888888889
0.11714285714285713
0.0675
0.10000000000000002
0.2479437229437229
0.05758980107194393
0.034999999999999996
-0.03371212121212121
0.14241071428571428
0.04886209029066172
0.13370610870610872
0.22313988095238094
0.15208333333333332
0.05416666666666666
-0.04366883116883116
0.19166666666666668
0.0
-0.18055555555555555
0.02666666666666666
0.05418233082706766
-0.5
0.1039558531746032
0.0
-0.045
0.04343434343434342
-0.5
0.13
0.010714285714285692
0.07999999999999999
-0.3729166666666666
0.0437037037037037
-0.3999999999999999
-0.20000000000000004
-0.006249999999999999
0.25
0.06250000000000001
0.015000000000000003
-0.5
0.21666666666666667
0.425
0.017391304347826098
0.1983333333333333
0.1590909090909091
-0.047656250000000004
0.24583333333333332
-0.0007352941176470562
0.041999999999999996
0.06825396825396825
-0.05000000000000001
0.14446064139941692
0.0725
-0.15
0.11666666666666665
-0.08333333333333333
0.2
-0.29333333333333333
0.3127525252525253
0.45
0.0
0.12078798185941043
0.012499999999999994
0.0
0.012445887445887453
0.8366666666666666
0.1997727272727273
0.050506792058516194
0.4
0.08653846153846154
0.3020408163265306
0.12787037037037038
-0.0740079365079365
0.08
0.10833333333333334
0.03854166666666667
0.013690476190476185
0.25
0.25
-0.02857142857142857
0.0255357142857143
0.09797979797979797
-0.039999999999999966
-0.5
0.028571428571428574
0.08472619047619048
-0.06818181818181818
0.037500000000000006
-0.02666666666666666
-0.5
0.018749999999999996
-0.24833333333333335
0.10166666666666666
0.06111111111111111
-0.06818181818181818
0.025595238095238098
-0.020833333333333315
0.35909090909090907
-0.03395833333333334
0.10309090909090908
0.0674931129476584
-0.02333333333333334
-0.05
-0.02261904761904762
0.5449999999999999
-0.2635416666666667
0.066569715007215
0.17287414965986395
-0.5
-0.2126984126984127
-0.12
0.17277336860670195
0.0716265331890332
0.0
0.07233003230790844
0.0
0.21427915518824614
-0.24583333333333335
0.0
0.021085164835164833
0.14748106060606064
0.0
-0.07056776556776559
0.0
-0.04428571428571428
0.39999999999999997
0.17619047619047615
0.058163265306122466
0.15278571428571427
0.1361111111111111
0.25
0.1875
0.2
-0.5999999999999999
0.1706439393939394
0.02574675324675325
0.02
-0.0704022988505747
-0.07727272727272726
0.225
-0.056521739130434796
0.0
0.0
-0.019515669515669503
-0.24
0.1498079877112135
0.29500000000000004
0.21153846153846154
0.06686165845648603
0.05
0.0076923076923076945
0.2875
0.07881944444444443
-0.10866402116402117
0.11481481481481483
0.013027597402597416
0.012918689055052711
0.055000000000000014
0.007142857142857141
0.060606060606060615
-0.07533970658970658
0.1212121212121212
0.0
-0.175
0.035337752525252515
0.03787878787878787
0.0
-0.14583333333333337
-0.2285714285714286
0.06687675070028012
0.08511904761904762
-0.05486111111111112
0.1431372549019608
-0.10432692307692305
-0.04772727272727273
0.11666666666666665
-0.3125
0.15808080808080807
0.10706931956931959
-0.10277777777777776
0.20757575757575755
0.3
0.09
0.03888888888888888
0.1722222222222222
0.26450786056049214
-0.0875
0.05020898641588296
0.27709447415329763
0.1
-0.12499999999999997
0.02433333333333334
0.11195652173913047
0.16666666666666666
0.14722222222222223
0.009259259259259252
0.06999999999999999
-0.040857142857142856
0.125
0.09145833333333336
-0.010854978354978359
0.08
0.14080086580086582
-0.15555555555555559
0.1548008241758242
0.058049450549450536
0.1408333333333333
0.3333333333333333
-0.14305555555555555
-0.07444444444444448
0.03691287878787879
-0.007755102040816293
0.09771062271062271
0.1284233449477352
-0.04
0.0
0.10393772893772896
0.10463718820861675
0.15595238095238098
0.0
0.20136363636363636
0.059523809523809514
0.18888888888888888
-0.013513513513513525
-0.14285714285714288
0.028869047619047614
-0.046666666666666655
-0.03380102040816327
0.08654761904761905
0.25
0.02820512820512821
-0.33333333333333326
0.12622222222222224
0.4166666666666667
0.020238095238095232
0.1810817805383023
0.0
-0.09166666666666667
-0.15
0.0388888888888889
0.13333333333333333
0.06388888888888888
-0.006981481481481481
-0.10476190476190475
0.15193244739756367
-0.275
-0.6333333333333333
0.07767857142857142
-0.04212166743720141
0.10163265306122451
0.026666666666666665
-0.025396825396825407
0.16666666666666666
0.05
0.15833333333333333
-0.13333333333333336
0.07022447115532221
-0.07895833333333332
-0.07718253968253971
0.08750297526070722
0.08699945887445887
-0.2041666666666667
-0.21250000000000002
-0.10718719937469938
0.0
0.0
0.04724310776942356
0.20490740740740737
0.13213550852439743
0.2407692307692308
0.18624338624338624
0.015120942276114695
0.40238095238095234
-0.23750000000000004
0.20734693877551025
0.04901960784313726
0.1325482278138528
-0.01652777777777778
-0.09658730158730157
0.20409090909090907
-0.5
0.24290674603174608
0.0025628306878306764
-0.2
0.19461538461538466
-0.03750000000000002
-0.09745098039215688
-0.07470238095238095
0.3833333333333333
-0.16666666666666666
-0.19
0.0
0.125
0.019523809523809534
0.019642857142857142
-0.03715277777777778
0.4222222222222223
0.20748299319727895
-0.08333333333333333
0.024444444444444425
0.0681818181818182
0.2604166666666667
0.08605753968253967
0.11470398970398972
-0.13125
0.08392857142857142
0.134375
0.1976190476190476
0.07857142857142854
-0.43333333333333335
0.4321428571428571
0.02395833333333334
0.1619047619047619
-0.08774999999999997
0.07291666666666667
-0.19834839073969512
0.19285714285714284
-0.037337662337662336
-0.0030303030303030346
0.1642857142857143
-0.08406911375661376
0.1125
0.08977272727272725
-0.011111111111111115
0.11741452991452991
0.11875000000000001
0.05500000000000001
0.015000000000000006
-0.14794372294372296
0.04727272727272727
-0.46952380952380957
-0.1
0.18764880952380952
0.25
0.027936507936507933
0.0
0.0
-0.005468750000000003
-0.26666666666666666
0.1699074074074074
0.07708333333333332
0.10060374149659863
0.10748299319727891
0.09627846790890268
-0.09999999999999999
-0.375
0.10714285714285714
0.04115384615384616
-0.025
-0.3479166666666667
0.12916666666666665
0.12275641025641025
0.17020202020202022
0.1750889328063241
-0.2916666666666667
-0.4749999999999999
0.11857142857142855
-0.04583333333333333
-0.01979166666666665
0.13977978543195932
0.2529365079365079
0.20761904761904762
-0.01666666666666668
0.21666666666666665
0.12023232323232323
0.0
0.31875
0.06666666666666667
0.1664076858813701
0.12727272727272726
0.12962962962962965
0.13874999999999998
-0.05000000000000001
-0.0106060606060606
0.013704592508940319
0.008630952380952378
0.3232638888888889
0.055952784143960606
0.0
0.17282741392418816
0.0
-0.20746031746031748
0.10291348226533413
0.1354978354978355
-0.10937500000000001
0.2
-0.061904761904761914
0.11122222222222226
-0.48828125
0.015384615384615385
-0.046942640692640696
0.04315701659451658
0.425
0.10000000000000002
0.1
0.018827160493827152
0.029166666666666688
0.07042548500881834
0.0
0.0
0.4166666666666667
-0.09856725146198832
0.2
-0.1875
0.039402264402264395
-0.07678571428571428
-0.09928571428571428
0.1
0.3
-0.06999999999999999
-0.5733333333333334
0.08252747252747253
0.1990455377955378
-0.2875
-0.5285714285714286
0.049999999999999996
0.01731770833333332
-0.19999999999999998
-0.1672123015873016
0.0625
0.35000000000000003
0.0
-0.05364583333333332
0.09999999999999998
-0.2
-0.021428571428571432
-0.013690476190476192
-0.016428571428571424
-0.04545454545454546
-0.35000000000000003
-0.4333333333333333
-0.02
-0.175
-0.09047619047619046
0.013888888888888914
0.15000000000000002
-0.04375
0.2857142857142857
0.04029040404040404
0.10208333333333333
-0.1083333333333333
0.13
0.25
-0.13999999999999999
0.03154761904761905
-0.38
-0.056666666666666664
0.062499999999999986
-0.04166666666666667
0.26666666666666666
0.05454144620811287
0.061046626984126995
-0.11680555555555554
-0.39513888888888893
-0.010833333333333334
-0.09718426501035198
0.14391025641025643
0.06979166666666665
0.20104166666666665
0.06022727272727273
0.03696969696969696
-0.05
0.009999999999999998
0.0
0.125
0.1488095238095238
-0.8
-0.5
-0.10480769230769231
0.18727272727272726
0.13333333333333333
0.0037037037037036904
-0.5111111111111111
-0.02698412698412698
-0.22916666666666666
0.1350378787878788
0.17500000000000002
0.1350378787878788
0.19
-0.3499999999999999
0.04444444444444443
-0.12962962962962962
-0.19999999999999998
0.05909090909090909
0.19090909090909092
0.06011904761904762
0.027777777777777766
-0.26666666666666666
0.04999999999999999
-0.07500000000000001
-0.07083333333333333
-0.33452380952380956
0.04999999999999999
-0.14375000000000002
-0.025
0.1225
0.125
-0.16
-0.08
-0.23749999999999996
0.2113482142857143
0.07142857142857142
-0.19999999999999998
-0.19999999999999998
-0.19490740740740742
0.2333333333333333
0.0
0.037202380952380945
-0.125
-0.06874999999999998
0.05735294117647061
-0.25
-0.2857142857142857
0.1875
0.19999999999999998
0.0
0.20511363636363633
-0.027777777777777773
0.04448072562358276
-0.04166666666666666
-0.15277777777777776
-0.2506031746031746
0.10000000000000002
0.0050000000000000044
0.04833333333333334
-0.24
-0.09047619047619045
-0.2625
0.18611111111111112
0.10257936507936506
0.05714285714285715
-0.037500000000000006
-0.2037878787878788
-0.6070746527777777
0.4
0.3071428571428571
0.3
-0.1
0.10354938271604935
-0.05500000000000001
-0.19444444444444442
0.04105888429752065
-0.033994708994708994
0.03208333333333334
0.15555555555555553
0.07777777777777778
-0.12821969696969696
0.0979166666666667
-0.19265873015873017
-0.14166666666666666
-0.08446969696969697
0.0
0.07745421245421244
0.04625000000000001
-0.12857142857142856
0.00416666666666667
-0.19464285714285712
0.0
0.02812500000000001
0.07954545454545453
0.1375
0.095
0.13333333333333336
-0.041666666666666664
-0.75
-0.3
-0.17452380952380953
0.12000000000000002
-0.05
-0.125
-0.24791666666666667
0.15000000000000002
-0.5333333333333333
-0.6666666666666666
-0.1
0.012053571428571441
-0.20277777777777778
0.031150793650793623
-0.01249999999999999
0.06666666666666667
0.2727272727272727
-0.05303030303030303
0.022222222222222227
-0.011954365079365084
-0.3633333333333333
-0.04822891072891073
-0.00653409090909092
-0.10714285714285715
0.029166666666666667
-0.1625
-0.25
0.09672619047619048
-0.08888888888888886
0.24642857142857144
-0.1743939393939394
0.07416666666666667
0.2589285714285714
0.15238095238095237
0.21000000000000002
-0.05520833333333333
0.1090909090909091
-0.0007142857142857049
-0.12215909090909091
-0.15714285714285717
0.14539473684210527
0.18244047619047618
0.15714285714285717
-0.44999999999999996
0.0
-0.38285714285714284
-0.03730429292929291
0.27
0.09040178571428571
0.026969696969696966
0.002083333333333345
-0.05123966942148759
0.18333333333333335
0.07128427128427128
-0.10972222222222223
0.06596320346320347
0.16153409090909093
0.0
-0.5
-0.05447588126159555
0.5
0.009102301207564365
0.38749999999999996
-0.14153846153846156
-0.03365384615384617
0.07358134920634922
-0.09166666666666667
0.002752976190476191
0.28809523809523807
-0.32222222222222224
0.2595486111111111
0.02857142857142858
0.012500000000000002
0.0
0.0023809523809523885
0.015736607142857163
0.3952380952380952
-0.010935127674258102
0.14337698412698416
-0.08750000000000001
0.2857142857142857
-0.06842105263157894
0.050146103896103904
-0.6999999999999998
0.06
-0.04999999999999999
0.1619047619047619
0.07500000000000004
0.225
0.1015625
0.0
-0.30625
0.09999999999999999
0.04999999999999999
-0.04999999999999999
0.058372395833333326
-0.13125
-0.1201388888888889
0.04739583333333334
-0.15
0.35
0.12907172373081463
0.012127976190476196
0.08928571428571427
0.07001763668430334
0.4033333333333333
0.12291666666666666
0.20625
0.08333333333333333
0.25
-0.013095238095238085
0.07142857142857142
0.0
0.08869047619047618
-0.21999999999999997
0.06619543650793651
0.40678571428571425
0.5
0.018750000000000003
0.14358465608465606
0.0012445887445887592
-0.010660173160173156
0.43333333333333335
-0.25
-0.04302134646962232
-0.21250000000000002
0.3
0.020833333333333332
0.03229166666666666
-0.55
0.12394781144781147
0.028833333333333332
-0.24285714285714283
0.35
0.125
0.3111111111111111
-0.19090909090909092
-0.015833333333333324
0.07285714285714286
0.022222222222222213
-0.06666666666666668
-0.15
0.0963235294117647
0.07777777777777778
-0.29624999999999996
-0.0742857142857143
0.0
0.047619047619047616
0.019642857142857153
0.19999999999999998
0.06547619047619048
-0.13333333333333333
-0.13055555555555556
-0.2333333333333333
-0.2948979591836735
-0.15107142857142858
0.21136363636363634
0.029999999999999995
-0.10185185185185186
0.09380952380952381
0.0399724517906336
0.11626984126984125
0.205
0.03295454545454545
0.0
0.1283027447089947
-0.22272727272727275
-0.009999999999999992
0.06874999999999999
0.275
-0.04166666666666666
-0.06630536130536127
0.014285714285714287
-0.040357142857142855
-0.1
0.0
0.45
0.2
-0.1
-0.25
0.21000000000000002
-0.05047949735449736
0.12083333333333333
-0.08228571428571428
0.05798701298701299
-0.4229166666666667
-0.03712121212121212
-0.10000000000000002
0.2642857142857143
-0.06
0.21759259259259262
0.2653333333333333
0.25166666666666665
0.0672799422799423
0.08812499999999998
0.07755102040816328
-0.2888888888888889
-0.10170454545454546
-0.33888888888888885
0.2759259259259259
-0.175
-0.09371461871461871
0.2093518518518519
-0.153125
-0.0625
0.03
-0.11250000000000002
-0.004487179487179499
-0.005555555555555542
-0.06625079365079366
0.0
0.02407407407407407
-0.04871794871794872
0.2041666666666667
-0.030000000000000006
0.20876623376623377
0.35
0.1173611111111111
0.16666666666666666
0.32625
0.020000000000000018
0.1737603305785124
-0.025
0.175
-0.01898148148148148
0.4142857142857143
0.12222222222222223
-0.3999999999999999
0.0
-0.03208341658341658
0.14500000000000002
0.0
0.16904761904761906
-0.033333333333333326
-0.10603864734299516
0.13099999999999998
0.1891528925619835
0.05619747899159665
-0.08333333333333333
0.024145299145299146
0.10423469387755104
0.09166666666666666
0.16176470588235298
0.053095238095238084
0.14421296296296296
-0.125
0.25
0.04583333333333333
-0.08518518518518518
0.04918350168350168
0.039035087719298256
-0.08611111111111112
-0.10916666666666668
0.3333333333333333
0.2875
-0.37
-0.019421487603305795
0.11499999999999999
0.008333333333333316
0.16433566433566432
0.008571428571428574
-0.056410256410256404
0.2263888888888889
0.03545918367346938
0.10256493506493507
0.17791060405643733
-0.09877164502164502
-0.033333333333333305
-0.22142857142857145
0.14696969696969694
0.4
-0.03886363636363635
-0.08750000000000001
0.0
0.07837301587301587
-0.041780303030303036
-0.06999999999999999
0.1938621794871795
0.002272727272727281
0.0
0.2
0.24583333333333335
-0.01643721699756184
0.00168067226890757
-0.01643721699756184
-0.01643721699756184
-0.29
0.1414141414141414
-0.11785714285714288
0.09166666666666666
0.21103896103896105
0.125
-0.10123015873015873
0.11000000000000001
-0.00811660561660562
0.125
0.01489087301587302
-0.02083333333333333
0.016666666666666677
0.04727272727272727
0.00983766233766233
0.0870169810348382
0.22261904761904766
-0.275
0.08571428571428572
0.0
0.02375
0.022066052227342557
0.1212121212121212
0.09285714285714287
0.16782531194295897
0.10000000000000002
-0.10740740740740741
0.2
-0.09375
0.0732142857142857
0.1707077922077922
0.037500000000000006
0.14750000000000002
0.3
-0.1
0.017831439393939406
0.021527777777777774
0.07161172161172161
0.23181818181818184
-0.013703703703703685
0.09831143951833608
-0.13177083333333334
-0.010416666666666666
-0.11000000000000001
0.03214285714285714
0.10833333333333334
0.03895077418926103
0.06590909090909092
0.07857142857142857
0.075
0.11666666666666668
0.3833333333333333
0.12083333333333335
0.08148148148148149
0.15239583333333337
0.0
0.25793650793650796
0.026058201058201058
0.2875
-0.07380952380952381
0.3666666666666667
0.13716931216931216
-0.1303512396694215
-0.20729166666666665
0.12272727272727274
0.22948717948717953
0.0
-0.275
-0.05833333333333333
-0.2444444444444444
-0.04285714285714286
-0.08055555555555556
-0.09166666666666666
-0.07857142857142858
-0.2125
0.10610795454545455
0.10890151515151517
0.1074074074074074
-0.21000000000000002
-0.0836734693877551
0.0
0.06428571428571428
0.19374999999999998
0.1
0.11190476190476191
-0.011574074074074082
-0.2
0.08
0.0
0.5
0.2823481116584566
0.0
0.04886363636363635
0.04875315656565657
-0.17222222222222225
-0.005750000000000005
0.03255952380952384
0.031250000000000014
-0.03197916666666666
-0.06870748299319727
0.175
-0.05000000000000001
0.14722222222222223
0.3
0.18069430569430572
0.19031463705376747
0.32954545454545453
0.04441391941391941
-0.02880952380952382
-0.03291666666666666
-0.24857142857142858
0.15833333333333333
-0.035555555555555556
0.09785714285714286
0.22424242424242424
0.325
0.0
0.16666666666666666
0.08031462585034013
0.13199999999999998
0.19499999999999998
-0.05487012987012987
0.15000000000000002
-0.0642857142857143
-0.43333333333333335
0.00642460317460318
0.0936557472378368
0.006439393939393957
0.07866071428571428
0.22999999999999998
0.175
0.04166666666666667
0.3
0.0
0.2135897435897436
0.2166666666666667
0.0006410256410256473
-0.2222222222222222
-0.04303030303030304
0.012499999999999992
-0.23630952380952383
-0.01780990173847317
0.0
-0.043452380952380965
0.020000000000000018
0.0
-0.07916666666666666
-0.0041666666666666935
-0.1034722222222222
-0.019696969696969647
0.14733552631578947
-0.19999999999999996
0.07142857142857142
0.08472222222222221
-0.04285714285714286
-0.1
0.0664835164835165
0.07500000000000001
0.12272727272727274
0.23720238095238091
0.13305555555555554
-0.09999999999999999
0.0
-0.04102564102564103
-0.16666666666666666
0.041666666666666664
0.22577687590187587
0.6
-0.11917989417989418
-0.12058823529411766
0.20729166666666665
-0.12857142857142856
0.52
-0.08571428571428573
-0.07247142857142858
-0.42000000000000004
-0.022327898550724624
-0.07777777777777779
0.06296296296296297
0.17242063492063492
0.14539473684210524
0.038544973544973535
0.24666666666666667
0.25
2.3129646346357427e-18
-0.19111111111111115
0.19999999999999998
0.06874999999999999
0.5666666666666667
0.05919642857142857
0.11981307907778496
0.0
0.10444444444444441
0.275
0.07481428571428574
0.1738636363636364
0.12889230139230137
0.09583333333333333
0.1283882783882784
-0.07916666666666665
-0.5
0.0
0.05836904761904761
0.07689255189255191
-0.23106060606060605
0.5166666666666667
-0.0037037037037036904
0.06797235023041473
0.027142857142857156
0.06818181818181818
0.09523809523809523
0.06466165413533835
0.09499999999999999
0.11309523809523811
-0.013333333333333308
-0.007902298850574719
0.1857683982683983
0.12483766233766232
-0.08055555555555556
-0.041161616161616156
0.033333333333333326
0.2
-0.0625
0.5
-0.05
0.05333333333333336
0.22857142857142856
0.11333333333333333
0.3095238095238096
0.2
-9.25185853854297e-18
0.010000000000000009
0.08720959273284855
0.325
0.0
0.05602453102453103
0.28154121863799275
0.5333333333333333
-0.40625
0.4000000000000001
0.10918831168831168
0.0
0.0
-0.030303030303030293
-0.16
-0.17142857142857143
0.184375
0.057777777777777796
0.10052083333333332
0.17500000000000002
0.04750000000000001
-0.024999999999999994
0.275
0.375
0.045697717919940144
0.0
0.625
0.26666666666666666
0.09999999999999999
-0.10416666666666667
0.25
0.0
-0.058047619047619035
0.09550264550264549
0.054020146520146514
0.034419449598021026
0.2089285714285714
0.022271962044689318
0.06030952380952382
-0.00833333333333334
0.1675
0.14479166666666668
0.056814449917898205
0.0444745544416597
0.8
0.18214285714285716
0.025643069727891137
0.3125
0.09583333333333333
0.15714285714285717
0.12023809523809526
-0.7999999999999999
0.08924731182795702
-0.8
-0.17299999999999996
0.004629629629629647
0.25
-0.09999999999999999
0.22940442370129877
0.04999999999999999
-0.1
0.16818181818181818
0.09378787878787878
0.25
0.1
-0.125
0.10000000000000003
0.031974058280028424
0.3
0.225
-0.23607954545454543
-0.25
0.16883116883116883
-0.025
0.3072916666666667
0.10333333333333335
-0.09999999999999999
0.1619047619047619
0.11147798742138366
0.075
-0.39999999999999997
0.09393939393939395
0.09062500000000001
-0.005213903743315507
-0.03975649350649349
0.0
0.0
0.10909090909090913
-0.15833333333333327
-0.32291666666666663
0.08333333333333333
-0.026626984126984138
0.09624999999999999
-0.09999999999999998
-0.5
0.024999999999999994
0.0
0.14204545454545453
0.04166666666666667
0.0965973828001267
0.06666666666666667
-0.2866666666666666
-0.3
0.2
0.25892857142857145
0.1
-0.5
-0.1
-1.3877787807814458e-18
0.0
-0.20555555555555557
0.060317460317460304
0.09166666666666666
-0.12121212121212122
0.0
0.16944444444444443
0.10818452380952381
0.04421296296296297
0.053125
0.02622549019607843
0.16833333333333333
0.07934731934731937
-0.12526455026455027
-0.017619047619047607
0.09255952380952381
0.2583333333333333
-0.025
0.014957079475308634
-5.551115123125783e-18
0.19666666666666666
-0.013333333333333336
-0.075
0.1
0.08333333333333331
-0.15
-0.03968253968253968
-0.16666666666666666
-0.12846320346320345
-0.09428571428571428
0.0
-0.0010000000000000009
0.1357142857142857
-0.09895833333333333
0.0815126050420168
0.02853487886382623
0.04583333333333334
-0.013117816091954027
0.0
-0.1
-0.024999999999999984
0.06512694856004712
0.09335164835164833
0.15907407407407406
0.21700680272108847
0.24078947368421053
0.12168803418803417
0.1375
-0.33333333333333326
0.0
0.07550264550264549
0.08527777777777779
-0.04464285714285714
-0.03125
0.0
1.0
0.10675207039337473
0.26745619459905173
-0.08333333333333333
-0.029166666666666664
0.09047619047619047
-0.03920454545454546
0.2474431818181818
0.2
0.1265873015873016
-0.15625
0.11358333333333334
-0.02718253968253968
-0.02411883815109623
0.08793350168350166
-0.005175983436853012
-0.0454004329004329
-0.05
0.06954545454545455
0.107703081232493
0.1745879120879121
-0.1
-0.16
0.08703703703703704
-0.026190476190476184
0.10736111111111113
-0.10978571428571428
-0.07962962962962965
0.125
0.10548469387755101
0.09211811997526284
0.075
0.23857808857808865
0.07142857142857142
0.030952380952380946
-0.4545454545454546
0.029074019414928508
-0.07159090909090912
0.08273809523809525
-0.050735294117647066
0.17530303030303032
0.10726310726310727
0.14136904761904762
-0.06
-0.1375
0.05277777777777778
0.2
-0.10833333333333334
0.052083333333333315
-0.15833333333333335
0.29333333333333333
0.05119047619047621
-0.05
-0.05
-0.05
-0.05
-0.05
0.18571428571428572
-0.11677740863787375
0.12626262626262624
0.2
0.06954545454545455
-0.08333333333333333
0.16999999999999998
0.07500000000000001
-0.022314814814814826
0.0
0.22666666666666666
-0.0662282765543635
-0.03340773809523811
0.07557851239669422
-0.0962213203463204
-0.21666666666666667
0.1375
0.24862914862914867
-0.12499999999999999
0.1
0.10400000000000001
-0.05999999999999999
-0.01363636363636364
0.22927272727272724
-0.15833333333333333
0.17666666666666667
0.09314814814814815
0.30270562770562776
0.017180735930735932
0.03464285714285715
-0.029696969696969694
0.08
0.0
0.07517777777777777
0.28168537758537754
0.25416666666666665
-0.125
0.13799999999999998
0.35
0.16035714285714286
-0.6833333333333332
0.0
0.3625
0.25
0.19999999999999998
0.018750000000000003
-0.035661375661375665
0.06851851851851852
0.0
0.10796296296296294
0.0715
0.099265873015873
0.25
0.05825233100233101
0.0
-0.14267857142857143
0.10838801549327867
0.06137566137566138
0.0
0.0
-0.021428571428571432
0.19555555555555557
0.5
-0.11018518518518519
0.06888888888888889
0.20583333333333334
0.3104166666666667
0.060071428571428574
0.0
-0.0025000000000000105
-0.2348845598845599
0.55
0.1130952380952381
0.037499999999999985
0.01022727272727273
0.05085034013605442
0.1465011961722488
0.13258928571428572
-0.02261904761904762
0.0
0.28375
0.146875
0.13999999999999999
0.13636363636363635
0.125
0.22999999999999998
0.03055555555555554
0.08333333333333331
0.032552083333333336
-0.022222222222222227
0.04791666666666666
-0.038172043010752686
0.06487460815047022
0.08124999999999999
0.07619047619047617
0.16305555555555556
0.2
-0.03636363636363636
0.11575114075114076
0.12571428571428572
0.14850694444444446
0.2375
0.08793290043290043
0.09649621212121212
-0.3
0.08206349206349205
0.21428571428571427
-0.1
0.08973214285714286
0.23424723424723426
0.04095238095238095
0.5
-0.025000000000000005
0.2571428571428571
0.025425170068027216
-0.05
0.03971583971583971
0.4
0.25499999999999995
0.053333333333333365
0.14228571428571432
0.175
0.043076923076923075
0.13115079365079368
0.08214285714285714
-0.012499999999999997
-0.02026377217553689
0.4666666666666666
0.08133333333333334
-0.04719696969696969
-0.12790404040404044
0.11060606060606064
-0.07589285714285712
0.23000000000000004
-0.34249999999999997
-0.5
-0.012500000000000002
0.0
-0.22583333333333333
0.1901002506265664
0.1625
0.1
-0.008451178451178404
0.22000000000000003
-0.275
0.13636363636363635
0.08557497467071935
0.07500000000000001
0.25
0.01428571428571433
0.024999999999999994
0.3
0.14490420954706656
0.08125000000000002
0.5
0.06857142857142859
0.13783068783068783
0.1722222222222222
-0.5
0.0
-0.09499007936507936
0.043593749999999994
0.2
0.0
0.15
0.5
0.44722222222222224
0.2270815295815296
0.3729166666666666
-0.0203125
0.026388888888888885
0.05208333333333332
-0.17462121212121215
0.35
-0.12799999999999997
-0.02121212121212122
0.071875
0.0
-0.375
-0.017539682539682546
-0.16363636363636364
0.09999999999999999
0.11322751322751322
0.2
0.030000000000000006
-0.05
0.04223639455782314
0.06666666666666665
-0.0005012531328320785
0.36888888888888893
0.09885802469135803
-0.023809523809523808
-0.12068713450292398
-0.018452380952380953
0.19425392316017315
0.17666666666666667
0.1
0.1591643475572047
0.07187500000000002
-0.10375000000000001
0.09555555555555557
0.33095238095238094
0.03035714285714286
0.00477564102564102
0.04709325396825398
-0.5
0.14083333333333334
-0.17083333333333334
-0.25
-0.2928571428571428
0.3
0.003703703703703703
0.15993589743589742
0.09791666666666667
0.0642857142857143
0.1
-0.0829861111111111
-0.012962962962962954
-0.6
0.10532407407407408
0.07142857142857142
-0.002678571428571427
0.003273809523809512
0.16666666666666666
0.1072066326530612
0.01821169282106782
0.0240625
0.09999999999999999
0.4
-0.041666666666666664
0.05
0.06452991452991452
-0.034375
0.0026388888888888907
0.20000000000000004
0.0
0.11228070175438597
-0.15
-0.10750000000000001
0.4083333333333334
0.09999999999999999
-0.1875
-0.08521303258145363
-0.01796875
-0.028846153846153848
0.041666666666666685
0.1730654761904762
0.1875
-0.06875
-0.1711111111111111
0.0
0.04393452380952381
0.20000000000000004
-0.3333333333333333
0.03646990740740741
0.04455191798941799
0.14142857142857146
-0.007805325987144179
0.09620181405895692
-0.0016483516483516468
0.10972222222222222
0.06666666666666665
0.08958333333333333
0.0
0.07337868480725623
-0.15654761904761905
0.11581632653061225
-0.125
-0.08333333333333333
-0.3999999999999999
-0.010416666666666671
-0.12969924812030076
0.06851190476190476
0.0
0.2
0.08606172839506174
-0.01666666666666663
0.26666666666666666
0.12232142857142855
0.24333333333333332
0.11738095238095239
-0.05
0.0930860805860806
-0.31666666666666665
0.16843137254901963
-0.07083333333333333
0.0
-0.16666666666666666
0.28135531135531133
0.45
0.1401923076923077
0.6
0.09062994618550173
0.08928571428571429
0.0
0.03333333333333336
0.15000000000000002
-0.03446969696969697
0.02795566502463055
0.13499999999999998
0.0
0.2
-0.08750000000000001
-0.19333333333333333
0.1421395775941231
0.20600000000000002
0.16666666666666666
0.08770833333333336
-0.7
-0.1659090909090909
-0.12661263086795005
0.2173846153846154
0.21666666666666665
-0.19999999999999998
0.3333333333333333
-0.325
0.08181818181818182
0.028333333333333332
0.21799999999999997
-0.03958333333333333
-0.04999999999999999
0.004464285714285712
0.26571428571428574
0.08641975308641976
0.21799999999999997
-0.25
0.8
0.17904040404040403
0.378409090909091
0.17761437908496736
-0.5
0.18973214285714285
0.04516369047619047
-0.145
-0.20833333333333334
0.35
0.07620689655172413
0.07791666666666666
0.1288888888888889
0.2
0.35
-0.15000000000000002
-0.26666666666666666
0.25
0.04583333333333333
0.012500000000000004
0.0
-0.10359259259259261
0.2315656565656566
-0.013571428571428578
0.2785714285714286
0.023843700159489622
0.08333333333333331
-0.06187263257575754
0.051104651162790705
0.034761904761904765
0.21666666666666667
-0.10853174603174603
-0.08472222222222221
0.31382284382284387
0.03194444444444445
-0.012638888888888889
-0.18154761904761907
-0.25
-0.15714285714285717
-0.017106392106392105
0.1320256132756133
0.15800865800865802
-0.15343885281385283
-0.40499999999999997
-0.10138888888888889
0.096875
0.07222222222222223
0.06190476190476191
0.3
-0.06340909090909093
0.1310515873015873
0.03793582543582544
0.17646825396825394
0.0
0.15000000000000002
0.1284722222222222
-0.37499999999999994
0.059999999999999984
0.12544978354978353
0.027380952380952388
0.005000000000000016
0.17152281746031747
0.08616326530612246
0.3333333333333333
0.12822916666666667
0.25
0.02946428571428572
-0.06822916666666666
0.09423076923076924
-0.037500000000000006
-0.06408730158730158
-0.09444444444444443
-0.26666666666666666
-0.13333333333333333
-0.26
0.45833333333333337
0.3180194805194805
0.06855550246854596
0.2606349206349206
0.09999999999999999
0.0
-0.013750000000000002
0.0
0.12
0.10025510204081632
-0.027194940476190473
0.06428571428571428
0.3
0.19374999999999998
0.05762994098100481
0.14305555555555552
-0.12757936507936507
0.20714285714285713
-0.1
0.12222222222222223
-0.02205882352941175
0.1802777777777778
-0.26222222222222225
0.2333333333333333
-0.17500000000000002
0.002207792207792214
-0.11000000000000001
-0.07500000000000001
0.08888888888888892
0.019892473118279574
0.1037878787878788
0.10476190476190476
-0.04445346320346321
-0.05624999999999997
0.06804029304029305
0.09394557823129253
-0.01568627450980391
0.17001763668430334
-0.12256773399014777
-0.08541666666666667
-0.39999999999999997
0.05980392156862745
-0.18055555555555552
0.1904761904761905
-0.0893939393939394
0.00212400502723085
0.29814814814814816
-0.1
0.16249999999999998
0.24285714285714285
-0.07784482758620692
0.13333333333333333
-0.03428571428571429
0.017361111111111115
-0.5
0.058928571428571434
0.0
0.1488095238095238
0.0011684303350969977
0.0428030303030303
-0.10980848861283646
-0.10446428571428572
-0.178021978021978
-0.03595959595959597
0.3
-0.14895833333333333
0.125
0.025396825396825393
0.025709706959706955
-0.07916666666666666
0.24416666666666664
-0.1514285714285714
-0.04666666666666667
0.04305555555555555
0.013809523809523805
0.25
0.11249999999999999
0.1254391673141673
0.1458294930875576
0.10500000000000002
0.14791666666666667
0.1399891774891775
0.10952380952380954
0.23218487394957982
0.153125
-0.05029761904761904
0.06979166666666665
0.14583333333333334
-0.03333333333333333
-0.0028846153846153874
-0.0667013888888889
0.014305555555555544
0.07380952380952384
-0.036545729402872255
0.1904761904761905
-0.1
0.08333333333333333
-0.058124999999999996
0.13636363636363635
-0.11666666666666665
0.07070736640408773
-0.19999999999999998
0.1249545304232804
0.20098336304218656
0.02182539682539684
-0.08125
0.2
0.08283082930141754
-0.19318181818181818
-0.145
-0.036177771503858466
0.04497354497354498
0.06666666666666667
-0.325
0.6
-0.125
0.1818762400793651
0.1
0.46875
0.0666666666666667
0.2
0.05811337355455003
0.19166666666666665
-0.18333333333333332
0.14169472502805835
0.1416666666666667
0.08214285714285714
0.3825
0.15863095238095237
0.10250992063492062
0.16105851413543718
-0.2064880952380952
0.03333333333333333
-0.25
-0.17277777777777775
-0.2714285714285714
0.09372903138528138
0.20999999999999996
0.09761904761904762
-0.24453125
-0.125
0.0
0.061136363636363635
0.25
0.16
0.0
0.5666666666666667
0.03416666666666668
0.31666666666666665
-0.005457875457875461
-0.3958333333333333
0.28160173160173163
0.12622549019607843
-0.08415009469696969
0.12037037037037039
0.0178125
-0.004166666666666673
0.175
0.06916666666666665
0.242
-0.2
0.04658829365079366
0.0
0.037500000000000006
0.10499999999999998
0.4166666666666667
-0.1
0.07870370370370368
0.14675925925925928
-0.12
0.014285714285714266
0.02707934142360373
-0.09166666666666667
0.17436130007558578
0.2710822510822511
0.22301587301587303
0.08333333333333334
-0.1
0.1302681992337165
0.2
0.05626984126984126
0.026984126984126982
0.04444444444444444
-0.029421768707483
0.029999999999999992
-0.25
0.0662439957302971
0.0
0.19333333333333336
0.0
0.22916666666666669
0.1032738095238095
0.08948571428571431
-0.06375
0.21177777777777781
0.08992857142857143
0.06666666666666668
-0.02666666666666669
-0.020833333333333332
0.2016233766233766
0.12202380952380953
-0.026666666666666665
0.375
-0.02666666666666668
0.17031249999999998
0.07013888888888889
0.00897525676937441
-0.07006802721088433
-0.06652661064425772
0.0
0.016319444444444445
0.059999999999999984
0.02380952380952382
0.0
-0.05984848484848484
-0.2111111111111111
0.0625
0.2619047619047619
-0.12380952380952381
-0.11951388888888885
0.09645691609977328
0.2
0.22749999999999998
0.08392857142857142
1.0
0.003888888888888889
0.2
-0.5
0.13333333333333336
-0.3277777777777778
0.0
0.09027777777777778
-0.030734126984126958
0.12033333333333335
-0.21931818181818183
-0.16499999999999998
0.08999999999999998
-0.06874999999999998
-0.30833333333333335
-0.15
0.0
0.025
0.07083333333333333
0.032440476190476186
0.0
-0.11666666666666668
0.21818181818181823
0.278457054309327
0.16912878787878788
-0.09487179487179485
0.225
0.15974702380952377
0.023809523809523798
0.011805555555555555
0.18888888888888888
0.05913825757575757
-0.134
0.37346938775510197
0.36363636363636365
-0.5
0.23363095238095236
0.16666666666666666
0.05197368421052632
0.01305555555555556
0.10909090909090909
0.04479166666666666
0.10833333333333334
-0.23888888888888885
-0.01948051948051948
0.35
-0.12348484848484849
0.05416666666666667
0.2087121212121212
0.0
0.07500000000000001
0.125
0.1021390374331551
0.010504667891031536
0.18
-0.04089506172839504
0.11680672268907563
0.03333333333333333
0.0
0.07263191763191762
-0.5
-0.020606060606060607
0.02291666666666667
0.0704081632653061
-0.028214285714285706
0.03869047619047619
-0.9765625
0.3551948051948052
0.09592490842490843
-0.039154146507087685
0.09999999999999999
0.060479129923574355
-0.10666666666666667
0.25
0.2074074074074074
0.029166666666666674
0.16666666666666663
-0.5
0.13785714285714284
0.2
0.18333333333333335
0.25
0.03471428571428573
0.1201388888888889
-0.05333333333333332
-0.04366391184573003
0.05714285714285715
-0.20347222222222225
0.04615384615384615
0.4916666666666667
0.12397727272727273
-0.075
-0.5999999999999999
0.39
0.0
-0.025
0.2833333333333333
-1.3877787807814457e-17
0.0
0.18750000000000003
0.07773809523809526
-0.15
0.0807870370370371
0.15000000000000002
-0.021428571428571432
0.06818181818181818
0.09999999999999998
-0.04226190476190476
0.10850340136054422
0.18
-0.225
0.20000000000000004
0.06769480519480518
-0.01973639455782313
0.16797619047619047
0.1634920634920635
-0.23750000000000002
-0.16378968253968254
-0.07022914136223489
0.2785714285714285
-0.11666666666666667
-0.5
-0.04
0.0
-0.0875
0.16170634920634921
0.2100340136054422
0.2
-0.11052631578947367
0.012179487179487174
-1.0
0.19853395061728396
-0.03571428571428571
0.1315740740740741
0.125
0.14775793650793648
0.4303030303030303
-0.3333333333333333
0.25
0.26333333333333336
-0.1285714285714286
0.015624999999999997
-0.0790441176470588
-0.3166666666666667
0.0
0.06999999999999999
0.04166666666666668
-0.8499999999999999
0.010714285714285704
0.03402777777777777
0.0625
-0.25
-0.05555555555555556
0.17272727272727273
0.0
0.34500000000000003
-0.021098484848484853
0.0619047619047619
0.054828571428571456
0.07222222222222222
0.0
0.11666666666666665
0.22083333333333333
0.024703557312252954
0.0869551282051282
-0.1857142857142857
-0.0625
0.09583333333333334
0.1357142857142857
0.0
-0.020885441718775044
-0.03531746031746032
0.08535908535908537
0.6000000000000001
-0.12797619047619047
0.01825396825396825
0.30000000000000004
-0.17916666666666667
-0.1117216117216117
0.029166666666666674
0.14897959183673468
0.10059523809523811
0.07860195360195361
0.13091836734693874
0.09999999999999999
-0.16666666666666666
0.19609375000000004
0.16521739130434784
0.07892857142857142
0.08166666666666667
-0.6
0.13086080586080584
-0.625
0.17500000000000002
0.18095238095238095
0.25555555555555554
0.11313131313131314
0.25917293233082705
-0.06872698412698414
0.0
0.03076923076923077
-0.05
0.08113553113553114
0.21123737373737378
-0.1852083333333333
-0.08958333333333333
-0.25
-0.008333333333333328
0.1
-0.28500000000000003
0.08680555555555554
0.0
0.029924242424242423
0.078743961352657
0.3
0.0
0.13636363636363635
-0.02386363636363636
0.25277777777777777
0.2017857142857143
-0.1416666666666667
-0.031379067503469416
0.0
-0.4041666666666666
0.04444444444444444
-0.3499999999999999
-0.033333333333333354
0.0
0.03303571428571428
0.17337301587301587
0.16401864264767493
-0.1770021645021645
0.1
0.25
-0.13749999999999998
-0.028124999999999997
