-0.075
0.3
0.13857323232323235
0.22888888888888886
-0.078125
-0.1111111111111111
0.1625
-0.11666666666666665
0.008333333333333331
0.13333333333333333
-0.17916666666666667
-0.013725490196078431
-0.12800000000000003
-0.15238095238095242
0.06544117647058825
0.07777777777777778
-0.10476190476190476
-0.1
-0.24374999999999997
-0.10801587301587302
0.039636363636363636
-0.09880952380952379
0.165625
0.21805555555555556
-0.06323529411764704
-0.15
0.5003401360544217
-0.022718253968253967
0.05
-0.013157894736842096
0.225
0.014285714285714282
0.022222222222222213
0.00012531328320802544
0.14417582417582417
0.07496279761904763
0.5
0.0475603492552645
0.4434895833333334
0.15000000000000002
-0.05392857142857142
0.0
0.1285714285714286
0.2908176100628931
0.04921626984126983
-0.20833333333333334
-0.08749999999999998
0.27999999999999997
0.10278439153439153
-0.26666666666666666
-0.040486111111111105
0.0
-0.05608796296296292
0.1
0.22453703703703706
0.24375000000000002
0.136331569664903
-0.06833333333333332
-0.022873063876088073
0.008418866080156396
-0.2708333333333333
-0.5
0.05277777777777778
-0.27700208266497467
0.06279761904761903
-0.266820987654321
0.0937063492063492
0.1388888888888889
0.14598214285714287
-0.30000000000000004
-0.06318681318681318
0.25
-0.07859195402298849
0.09345238095238097
-0.020370370370370365
-0.002477400050929453
0.16722610722610723
0.022857142857142857
0.0642857142857143
-0.16818181818181818
0.0
0.0012962962962962973
0.16851851851851854
0.13333333333333333
0.008457575757575757
-0.044525844525844537
0.011605434039644568
0.35
0.019444444444444448
-0.2107142857142857
0.05359649122807018
0.05
-0.16666666666666669
0.1142857142857143
-0.05227272727272727
0.02584821428571429
0.10630511463844797
-0.21388888888888888
-0.1030612244897959
0.1729017857142857
0.011991728509585646
0.14126984126984127
-0.049999999999999996
0.23124999999999998
0.06764069264069264
-0.28181818181818175
0.06875
0.1
0.0
0.019958062770562772
-0.09999999999999999
0.12222222222222222
0.15
0.058571428571428566
0.013157894736842105
-0.14699074074074073
0.12269047619047618
-0.01666666666666667
0.033333333333333326
-0.02500000000000001
0.04333333333333336
-0.30000000000000004
-0.22833333333333333
0.2088275613275613
0.1636363636363636
-0.2694444444444445
-0.19179761904761902
-0.5
0.07214285714285715
-0.5
0.11111111111111112
-1.850371707708594e-17
-0.009090909090909085
-0.036363636363636376
0.3
0.06666666666666667
0.12684444444444448
-0.045
-0.07109374999999998
-0.07500000000000001
0.06790564373897706
0.1
0.06746993746993747
-0.2125
0.2760330578512397
0.0
-0.20624999999999993
-0.0066071428571428574
-0.20227272727272724
-0.25
0.0
-0.3141666666666666
-0.025
0.19374999999999998
-0.026679841897233207
-0.24791666666666667
-0.026136363636363635
-0.06145833333333332
-0.06752923976608187
0.034999999999999996
-0.1136284722222222
0.0
-0.1992424242424242
-0.10714285714285711
0.016666666666666663
-0.041666666666666664
0.3
-0.030357142857142857
0.2235694444444445
0.005000000000000007
-0.051171875
0.2
0.007142857142857145
-0.026500000000000003
0.16666666666666666
0.1549074074074074
0.02368055555555554
0.07631412468368992
0.10635935769656696
0.21081002331002333
-0.35631313131313125
0.025000000000000005
0.09523809523809523
0.06611111111111113
0.09999999999999999
0.13445887445887444
0.37833333333333335
0.08445454545454545
0.0776610644257703
0.025595238095238098
-0.051851851851851864
-0.125
-0.275
0.04536713286713287
-0.05694444444444444
0.0
0.1147065897065897
0.08425925925925926
0.05892857142857143
-0.175
0.38
0.04639674051438758
-0.020704721634954196
-0.4000000000000001
0.01111436377829821
-0.25820863756022877
0.15680272108843538
-0.3444444444444444
-0.03846153846153845
-0.16666666666666666
-0.06785714285714285
0.2333333333333333
0.1875
0.1622222222222222
0.029687500000000006
0.023615384615384594
0.125
-0.0743452380952381
-0.14285714285714285
0.01037826420890939
0.014771825396825398
0.11250000000000002
-0.028146258503401373
-0.2597222222222222
0.14530334129472056
-0.04839234839234839
0.35000000000000003
0.022968975468975465
-0.044797979797979795
0.020992063492063506
-0.0494047619047619
0.06666666666666667
0.16742724867724867
0.06333333333333332
-0.04904761904761901
-0.05555555555555555
0.0
-0.022896825396825395
-0.1
0.12008101851851849
0.08214285714285717
0.0
0.10000000000000002
0.12121212121212122
-0.06659090909090906
-0.1544871794871795
0.34285714285714286
0.12359740259740264
0.05166666666666668
0.04854166666666667
0.2
0.0
0.18
-0.16
0.375
-0.028231292517006797
-0.023030303030303033
-0.12857142857142856
-0.45416666666666666
-0.033333333333333326
0.022222222222222213
0.2
0.1140625
0.010476190476190477
0.2425132275132275
0.19
-0.02992857142857143
-0.20476190476190476
0.5
-0.0659090909090909
0.08653963881236607
0.08181818181818183
0.3397159090909091
-0.06666666666666665
0.10000000000000002
-0.0793650793650794
0.0
0.04959753787878789
0.02500000000000001
0.03885281385281385
0.3333333333333333
0.1125
0.07981789044289044
0.13999999999999999
0.03589743589743589
0.07692307692307693
2.2204460492503132e-17
0.1354978354978355
-0.05000000000000001
-0.5
-0.5
0.033597883597883606
-0.16166666666666668
0.1307592592592593
0.0
0.006666666666666672
0.09999999999999998
0.06402130066902792
0.06402130066902792
0.07149621212121211
0.08
0.21212121212121213
0.11454081632653061
0.25
-0.17916666666666667
0.16093750000000004
0.04999999999999999
0.08845691470691469
-0.15246913580246912
0.08293800539083558
0.2591836734693878
-0.014102564102564101
0.09278381642512078
0.04595238095238094
0.19
0.21645833333333336
-0.3499999999999999
0.07524250440917107
-0.001666666666666659
0.11525974025974026
-0.011441798941798944
0.1189200680272109
0.05618165784832452
0.31507936507936507
0.12222222222222223
0.016666666666666663
0.0764455782312925
0.0
-0.39
0.17222222222222222
0.0033509700176366846
0.07289682539682539
0.0
0.0888939763939764
0.12878787878787878
0.0
0.25555555555555554
0.038690476190476206
-0.045714285714285714
0.225
0.0
0.15353535353535358
0.046741714569583426
0.0030864197530864335
-0.5499999999999999
0.09019159852493185
0.27478354978354974
-0.025000000000000022
0.4333333333333333
0.4333333333333333
0.7
0.0
0.24382716049382724
0.0
-0.016161616161616165
-0.016161616161616165
-0.016161616161616165
0.04375
0.05625
-0.08498677248677251
-0.16071428571428573
-0.625
-0.13333333333333333
0.0
0.25416666666666665
0.09772727272727273
0.11071428571428572
-0.5
0.2238988095238095
-0.17166666666666663
0.011111111111111118
0.011111111111111118
-0.30833333333333335
0.375
0.06944444444444443
0.75
-0.04301948051948052
0.027827380952380947
0.18055555555555552
0.1208874458874459
0.16818181818181818
-0.19285714285714287
0.035402494331065765
-0.04583333333333332
0.19999999999999998
0.16749999999999998
0.15498015873015875
0.13333333333333333
-0.6
-0.007142857142857141
0.008333333333333378
0.17272727272727276
0.01925541125541125
0.1590909090909091
0.009183673469387754
-0.03888888888888889
-0.02045454545454546
0.08683390022675737
0.0
0.3763888888888889
0.11378205128205127
0.0623076923076923
0.06666666666666665
0.25
0.0
-0.125
-1.0
0.25
0.08431122448979592
0.125
0.3279761904761905
0.0
0.16
0.20625000000000002
-0.12960858585858587
0.05259796626984127
0.10911458333333336
0.010000000000000002
-0.06666666666666667
-0.04090909090909091
-0.284375
0.0017063492063492058
0.14375
-0.12833333333333333
0.15333333333333332
0.2
0.1225
0.10000000000000002
-0.08374783111625217
0.08949275362318841
0.2571428571428571
-0.21851851851851853
0.2148148148148148
-0.0263157894736842
0.028703703703703707
-0.0200907029478458
0.3
-0.06547619047619048
-0.19062499999999996
-0.1259259259259259
-0.0772595551378446
-0.049722222222222216
0.0
0.375
0.1
0.2583333333333333
-0.35714285714285715
0.009183673469387754
0.17916666666666667
0.040856129685916905
-0.020000000000000007
-0.019784580498866194
-0.11408730158730157
-0.13299319727891157
0.3333333333333333
0.06071428571428572
0.125
0.005394345238095233
0.028832070707070702
0.06723602484472048
-0.18163265306122447
0.15761904761904763
0.14515362686094388
0.04583333333333334
0.35393939393939394
0.030519480519480516
0.15813008130081305
-0.5
0.5
0.13367498514557338
-0.34375
0.2
-0.2
0.06533613445378152
0.0
-0.08333333333333334
0.09911764705882352
0.11212121212121211
0.11944444444444446
0.5
-0.051562500000000004
-0.65
-0.08273809523809524
0.031210317460317456
0.040677655677655675
-0.21888888888888888
0.006349206349206334
0.1604563492063492
-0.16190476190476194
1.0
0.12115440115440117
0.0
0.06233766233766233
-0.03273809523809524
0.12407407407407407
0.011342592592592599
0.13224873737373738
-0.04015151515151515
-0.022499999999999975
0.028125000000000004
0.13749999999999998
0.27346938775510204
-0.0626984126984127
-0.11388888888888887
0.08382881611142481
-0.05833333333333333
0.0
-0.08333333333333333
-0.125
0.25
-0.04999999999999999
0.15
0.046875
0.20429361179361177
0.05000000000000001
-0.75
-0.024999999999999988
-0.25
-0.09757575757575758
-0.13124999999999998
-0.13359213250517596
0.030208333333333337
0.25666666666666665
0.08928571428571429
0.024166666666666677
0.049588744588744606
0.053125000000000006
0.2879816017316017
0.22000000000000003
0.27285714285714285
0.2833333333333333
-0.01666666666666668
-0.036184210526315784
0.06128472222222223
0.06737734487734488
0.2571428571428571
0.0
0.4708333333333333
0.5666666666666668
0.1
-0.08875000000000001
0.11123737373737372
0.10723938073938083
0.21200396825396825
-0.14375000000000002
0.04647435897435899
0.05275193798449616
0.12916666666666665
0.0625
0.023425974025974038
-0.5
-0.2333333333333333
0.28484036796536805
-0.05143819143819143
0.054960317460317445
-0.225
-0.5
0.0
0.16402777777777786
0.0
0.3071428571428571
0.044230769230769226
0.11361111111111111
-0.022727272727272728
-0.07346938775510203
0.14285714285714285
0.175
-0.13333333333333333
0.0
0.3
0.11071428571428572
-0.175
0.06666666666666665
0.0
-0.13125
-0.12187500000000001
0.35
0.25
0.042176870748299296
0.013541666666666674
0.01974120082815735
-0.2833333333333333
0.022623556998556994
-0.052083333333333336
0.33263888888888893
-0.12619047619047621
-0.25
0.06091836734693877
0.04477499999999999
-0.09634920634920636
-0.12916666666666668
0.17236201298701298
0.2064285714285714
0.0125
0.16666666666666666
0.1619047619047619
-0.078125
0.1010233918128655
-0.15
0.31875
0.14141414141414138
0.08730158730158728
0.0779100529100529
0.004166666666666667
-0.004531857031857035
0.0056666666666666705
0.01233766233766233
-0.3166666666666667
0.16666666666666666
0.04062500000000001
-0.0883333333333333
0.1
-0.1277777777777778
0.034637188208616776
-0.037878787878787894
0.0
0.11212121212121212
0.0
0.3
0.021428571428571457
0.17285714285714285
0.0
-0.2987012987012987
0.2642857142857143
-7.93016446160826e-18
-0.01666666666666667
-0.15374625374625372
0.2357142857142857
-0.060937500000000006
0.08611111111111112
0.06290476190476191
0.0
0.052619047619047635
-0.3
0.0019230769230769217
0.2541666666666667
0.17622448979591832
0.031410256410256424
0.05
0.3666666666666667
0.1293002915451895
0.05229763520062027
0.08
0.2375
0.275
-0.11250000000000002
0.21212121212121213
0.34444444444444444
-0.1416666666666667
-0.08222222222222218
-0.25119047619047613
-0.025000000000000005
-0.01583333333333333
0.012500000000000011
0.13541666666666669
0.2743055555555555
0.01932367149758454
0.0
-0.6999999999999998
0.2017241379310345
0.03125
-0.5
0.07499999999999998
0.24285714285714288
0.03785714285714285
-0.3
-0.02723809523809524
-0.18263888888888888
0.21041666666666667
-0.07857142857142857
-0.026689342403628122
-0.5
0.0
0.2375
0.0
0.13333333333333333
0.14876033057851237
0.08983732675593142
-0.1
-0.14027777777777778
-0.23194444444444448
0.060308908045977015
0.022857142857142857
0.12586309523809525
0.042499999999999996
0.09864532019704433
-0.005521616541353384
0.017485445588893866
0.2069444444444445
0.011111111111111106
0.18723519388413
0.0960965171192444
0.12999999999999998
0.11063086219336218
-0.11538461538461539
0.14760869565217394
1.0
-0.02
0.08407738095238095
0.029960317460317458
0.2
0.0
0.125
0.1722222222222222
0.30833333333333335
0.038137755102040816
-0.19781144781144777
-0.41111111111111115
0.09210526315789473
0.5
0.06354166666666672
0.0
-0.056249999999999994
0.25
-0.5
-0.09999999999999999
-0.2333333333333333
-0.031250000000000014
0.13720238095238096
-0.3
-1.0
0.04999999999999999
0.04204481792717088
-0.13458333333333333
0.12094494047619049
-0.16
-0.05000000000000001
-0.016021825396825402
-0.2666666666666666
0.1420068027210884
0.2
0.2413533834586466
-0.04791666666666666
-0.19687500000000002
0.1566798941798942
-0.175
0.15077777777777776
-0.17916666666666667
0.1619047619047619
-0.049999999999999996
-0.011111111111111112
0.1
0.16934444444444444
0.13337391774891774
0.15329131652661065
-0.19722222222222224
-0.07014069264069266
0.024999999999999988
-0.21250000000000002
0.05000000000000002
0.2
-0.07378787878787878
-0.3541666666666667
-9.25185853854297e-18
0.0
-0.14523809523809525
0.0
-0.35
0.0
-0.021012849584278164
0.08696741854636593
0.22878787878787876
-0.05238095238095238
-0.3482142857142857
0.08
0.2458333333333333
0.16778711484593836
0.16666666666666666
-0.2638888888888889
0.2333333333333333
-0.2375
0.2
0.0
-0.011111111111111108
0.18944444444444444
-0.19375
0.10757142857142857
0.1679365079365079
0.012500000000000011
0.06515151515151514
0.0
-0.3166666666666667
-0.04999999999999998
0.0
-0.28750000000000003
0.0
-0.39444444444444443
-0.03665343915343915
0.04761904761904762
0.2
-0.10714285714285715
0.0787646876932591
-0.13333333333333333
0.018482142857142846
0.06154040404040406
0.01446208112874777
-0.04532828282828283
0.0
-0.6000000000000001
0.046481481481481485
-0.05416666666666667
-0.5
0.15913756613756616
-0.007982460661032083
0.23124999999999998
-0.16666666666666666
0.025925925925925925
0.1025
-0.12291666666666667
0.06302083333333332
-0.32499999999999996
-0.625
0.13815789473684212
0.0599025974025974
0.1678571428571429
0.027806122448979596
0.09047619047619047
-0.0015789473684210541
0.06518950437317783
-0.11000000000000001
0.003125000000000004
-0.2625
-0.13888888888888887
0.0
-0.5
0.39
0.2775
0.08750000000000001
-0.023703703703703706
0.2857142857142857
0.0
-0.09166666666666666
0.0
-0.15654761904761905
-0.006500000000000006
0.09331550802139037
-0.08249999999999999
0.05625
-0.033333333333333305
-0.07560325476992144
-0.2416666666666667
0.06392168437622982
0.162280701754386
0.19444444444444442
0.0038461538461538325
0.21738816738816738
-0.025
0.06049382716049382
-0.03041037791037791
0.12916666666666668
0.22954545454545458
0.08666666666666667
0.06962759462759462
0.08839531680440771
-0.031746031746031744
-0.03354745370370369
0.2986570247933884
-0.018518518518518514
0.0
0.2
0.11333333333333336
0.0
0.09191964285714285
-0.13631578947368417
0.45833333333333337
-0.11499999999999999
0.2
0.09136321195144725
0.09047619047619047
0.06666666666666667
-0.050782828282828305
0.1068181818181818
-0.13333333333333333
-0.35185185185185186
-0.06
0.06626984126984127
0.14105222734254996
0.0
0.38749999999999996
-0.05138888888888889
-0.008333333333333331
0.18442355889724313
0.07797719256052588
-0.04994588744588746
0.10384559884559884
0.0
0.1350806451612903
-0.0441025641025641
0.057716049382716045
0.3242857142857143
0.17666666666666667
0.0
-0.41666666666666663
0.17206959706959707
0.08571428571428573
0.0
-0.12000000000000002
0.22500000000000003
-0.1094632768361582
-0.0024381868131868024
0.022240259740259744
0.27499999999999997
0.5
0.12999999999999998
0.08611111111111112
-0.08333333333333333
0.01904761904761904
-0.5
-0.28125
0.08214285714285714
-0.14282296650717707
0.0
-0.3357142857142857
0.012500000000000002
-0.09365079365079367
0.13076923076923078
-0.325
0.13636363636363635
-0.17038461538461538
0.09444444444444444
-0.043750000000000025
0.0
-0.013888888888888895
0.050869963369963384
-0.11287698412698415
0.17500000000000002
0.0
-0.06666666666666667
0.15063492063492065
0.002725563909774438
-0.3035852311939268
0.12787878787878787
0.03125
0.0
-0.10877525252525254
0.04930264180264181
0.24597222222222226
0.03592436974789918
0.014814814814814817
0.027295918367346936
0.0
-0.0004820936639118438
0.19561011904761905
0.020323129251700683
0.2
0.13666666666666666
-0.09000000000000001
0.13636363636363635
0.012499999999999985
0.19980359147025809
0.16
0.10416666666666667
0.015151515151515143
0.12
0.10642424242424245
-0.019999999999999997
-0.05714285714285715
-0.01831501831501832
0.125
0.05595238095238096
-0.19523809523809524
0.1565972222222222
-0.06777777777777777
0.10609195402298853
0.07023809523809524
-0.13541666666666663
-0.25
0.16666666666666666
0.125
-0.030000000000000006
-0.2865740740740741
-0.06658163265306123
0.0
-0.017074592074592058
-0.003703703703703702
0.0
0.08333333333333333
0.0
0.10088888888888889
0.05833333333333333
0.09276190476190475
0.2
0.1459805194805195
-0.3178571428571429
0.09444727891156461
0.20272727272727273
0.0
0.2866666666666666
-0.0450501253132832
0.08396702877834954
0.1357843137254902
0.10158730158730159
0.2
0.041666666666666664
0.04046434494195689
0.11411564625850339
0.16192810457516343
-0.19999999999999998
0.075
0.1473155663780664
-0.23407407407407405
0.3025198938992043
0.011111111111111118
0.19374999999999998
-0.125
0.053660714285714284
0.0
0.2372727272727273
-0.5
0.2
-0.038888888888888896
-0.37023809523809526
0.5
-0.30000000000000004
-0.11140350877192982
0.00681818181818182
0.0
-0.060624999999999984
0.0625
0.22051587301587303
0.2977777777777778
0.06666666666666667
-0.05500000000000001
0.04494047619047618
-0.14999999999999997
0.11
0.06029411764705882
-0.009999999999999986
0.039999999999999994
0.19062500000000002
0.0
-0.1875
0.13993316624895574
-0.008931788931788925
-0.07173202614379086
0.029166666666666684
0.26876417233560085
0.0
0.19201581027667983
-0.004642857142857143
-0.5
0.05357142857142857
0.034920634920634935
0.0006144393241167493
-0.040625000000000015
-0.20104166666666665
-0.2
0.04206349206349206
-0.265
-0.05007440476190475
0.1858225108225108
-0.0021825396825396826
0.17175925925925925
0.0
-0.023333333333333334
0.03726851851851851
0.12133608815426995
0.10519957983193276
-0.4979166666666667
0.35
0.09722222222222224
0.0
-0.010833333333333328
-0.05119047619047618
-0.09821428571428571
-0.03958333333333333
-0.09899626517273576
-0.1892857142857143
0.0
-0.10416666666666667
0.11560846560846565
0.18325396825396828
0.20282312925170073
0.03333333333333332
0.07857142857142856
-0.11611111111111111
0.015277777777777779
0.16666666666666666
-0.09458333333333334
0.09766666666666668
0.037142857142857144
-0.06510416666666666
-0.11458333333333333
-0.15416666666666665
-0.15416666666666665
0.08611111111111114
-0.07549603174603173
0.045375
0.11847596847596847
0.08470679012345678
0.09777777777777778
0.051819952774498246
-0.08333333333333333
0.040151515151515146
0.13891875100208437
-0.02466998857623857
0.03727843915343917
0.05714285714285715
0.11007936507936511
0.20031613123718386
0.00753246753246753
0.04688644688644687
0.08782051282051283
-0.05490740740740741
-0.3499999999999999
0.075
0.0851082251082251
-0.24166666666666667
-0.10681818181818183
0.19330246913580246
0.09119047619047618
-0.07500000000000001
-0.14629629629629629
-0.03623809523809525
-0.021212121212121213
0.1680555555555555
0.05416666666666666
0.11616359447004611
0.091991341991342
-0.046679894179894175
-0.007145480781844409
0.0013888888888888933
0.0
0.05008658008658008
0.22457142857142856
0.20714285714285713
-0.11578947368421055
0.01190476190476191
0.025310470779220794
-0.003195488721804513
0.07197420634920634
0.45
0.1330357142857143
0.06898148148148149
0.08095238095238097
-0.2525
-0.08329166666666668
-0.03750000000000001
-0.03891369047619048
0.25
-0.008000000000000004
0.016379188712522048
0.25
-0.02308080808080807
0.06666666666666668
0.2
-0.04880952380952379
-0.07152777777777779
-0.0369047619047619
-0.5833333333333334
-0.1148148148148148
-0.0462962962962963
0.11079545454545456
-0.10000000000000003
0.1276190476190476
-0.09629629629629625
0.20557823129251698
-0.296875
0.026190476190476184
0.3517857142857143
0.06894749694749698
-0.0626086956521739
0.10707890594254234
0.03848484848484848
0.134375
-0.007222222222222235
0.10400000000000001
0.21666666666666667
0.225
-0.041666666666666664
-0.09358974358974358
0.2857142857142857
0.35625
0.0
0.19545454545454544
0.312037037037037
0.21416666666666667
0.10416666666666667
-0.019999999999999997
-0.1013888888888889
0.018181818181818195
0.08544973544973544
-0.18
-0.3026041666666666
0.2875
0.03444444444444444
-0.375
-0.221875
0.02285714285714286
0.05333333333333334
-0.03855820105820107
0.009550634550634552
-0.1028571428571429
-0.18888888888888888
-0.004757616597239249
-0.0020833333333333316
0.21502267573696146
0.54
0.04508928571428571
0.0
0.15078124999999998
-0.0037037037037037
-0.075
0.0
-0.15416666666666667
0.11554741554741556
-0.03333333333333333
0.12333333333333334
0.1347222222222222
0.25
-0.07801948051948052
0.006060606060606049
0.3243055555555555
0.0
-0.08177083333333333
-0.05000000000000002
0.55
0.09635830026455022
-0.02705627705627706
-0.011111111111111108
-0.1134920634920635
0.0
0.15421401515151514
0.18055555555555555
-0.07962301587301589
0.2755952380952381
-0.1136473429951691
0.04166666666666668
0.01270634920634921
0.07999999999999999
0.15757575757575762
-0.1046875
0.14048295454545456
0.2
-0.026851851851851863
-0.3375
0.05
-0.02999999999999999
0.125
-0.05615079365079365
-0.15925925925925924
0.07515567765567764
0.09834920634920635
0.0744047619047619
0.027378129117259543
0.10952380952380951
0.15404040404040403
0.09375
0.125
-0.08750000000000001
0.11833333333333333
0.09335907335907336
-0.0625
0.17684474616292795
0.09148351648351648
0.4041666666666667
0.12500000000000003
0.31999999999999995
0.2812362258953168
0.18333333333333332
-0.004901960784313732
0.0
0.23372767857142857
0.09803872053872052
0.011111111111111115
0.9
0.5
-0.2
0.19533333333333336
-0.0018055555555555492
0.08571428571428572
-0.02745098039215685
0.21626984126984125
0.18
0.0835512866762867
-0.021770833333333316
-0.05
0.178968253968254
-0.01715686274509803
-0.3239795918367347
0.04292929292929292
-0.1625
0.27499999999999997
0.03775510204081633
-0.017857142857142863
0.2464285714285714
0.1
-0.08749999999999997
0.0
-0.26041666666666663
0.026583333333333313
0.5
-0.5
-0.2041666666666666
-0.02857142857142858
0.09067401960784313
0.06666666666666667
-0.16666666666666666
-0.005357142857142868
0.02794784580498867
-0.06018518518518518
-0.15999999999999998
0.0
-0.09072356215213359
-0.1692307692307692
-0.15147058823529408
-0.054166666666666655
0.0
-0.07261904761904762
-0.15833333333333335
0.09063492063492064
0.1765151515151515
0.09166666666666667
-0.18494897959183673
0.02962962962962964
-0.03333333333333335
-0.014444444444444449
-0.13333333333333333
0.7
0.06666666666666667
0.09666666666666668
0.11033549783549781
0.0
-0.08888888888888889
0.0
-0.125
0.20520833333333335
-0.2891666666666667
-0.45
0.14377289377289376
-0.5
0.2
0.06477272727272726
-0.08888888888888886
0.26571428571428574
0.3844444444444445
0.025000000000000022
-0.19715909090909092
-0.05333333333333332
-0.05595238095238096
0.0925595238095238
0.14333333333333337
0.16
0.14857142857142858
0.375
0.08181818181818183
0.12285714285714287
0.054166666666666675
-0.2708333333333333
0.11805555555555555
0.5
0.55
0.06407894736842107
-0.085
0.16999999999999998
0.20178571428571426
0.5
-0.07142857142857142
-0.08455067920585159
0.13999999999999999
0.21999999999999997
-0.109375
0.03416305916305915
0.06696428571428571
0.34
0.019907407407407412
0.31000000000000005
-0.5
-0.11607142857142858
0.004513888888888901
0.0
0.04642857142857142
0.23666666666666666
1.0
-0.5
0.05536659108087679
0.0
0.25113636363636366
0.08
0.05111111111111111
0.14696969696969694
0.047943722943722955
0.1142857142857143
0.11666666666666665
0.019036862127771233
0.0
0.0826043453401944
-0.15
-0.2571428571428571
0.1310204081632653
0.15555555555555559
0.141156462585034
0.31999999999999995
0.23912037037037037
0.037500000000000006
0.0625
0.062
0.09999999999999998
0.038888888888888876
0.05774110149110149
-0.06507936507936508
0.007589586339586343
0.12417328042328046
0.3
0.1916666666666667
0.030499999999999992
0.041666666666666664
-0.071
-0.16000000000000006
0.24545454545454545
0.03565340909090909
-0.07107843137254903
0.2
-0.08482142857142858
0.08612440191387559
-0.15
-0.06287878787878788
-0.5
0.012499999999999997
0.12395833333333334
0.2864285714285714
0.0875
0.19027777777777777
0.0330722891566265
0.054022988505747126
0.21950757575757573
-0.056047619047619034
-0.04874007936507936
0.39285714285714285
-0.1
0.17083333333333336
0.0216374269005848
-0.225
0.018750000000000003
-0.17976190476190476
0.009750000000000003
-0.0008522727272727362
0.2333333333333333
0.006666666666666687
-0.23333333333333336
-0.08333333333333333
0.06557017543859649
0.05925925925925926
0.05625000000000002
0.22777777777777772
0.15922619047619047
-0.06303571428571429
-0.21666666666666665
-0.07958333333333334
-0.16666666666666666
-0.07748015873015873
0.20381944444444447
0.25
0.1
0.26
0.1871610845295056
0.055952380952380955
0.016666666666666663
0.09369109623015874
-0.2020833333333333
-0.019231939935064942
-0.004761904761904763
-0.11275510204081633
-0.14204545454545456
0.11666666666666668
0.12735042735042737
0.09722222222222222
-0.05128205128205127
0.003750000000000007
0.0
0.031212121212121215
0.16220538720538719
0.056944444444444436
-0.08947368421052633
0.07686191359660748
0.11
-0.2555555555555556
0.16197916666666667
0.017766005923900666
0.0771031746031746
-0.03198412698412697
0.0965674603174604
-0.001166666666666667
0.044305880822274296
0.09965986394557823
0.15562499999999999
0.10585542929292929
-0.06874999999999998
0.09463976499690785
-0.00625
0.049166666666666685
0.012244897959183678
-0.041666666666666664
0.40714285714285714
0.018788156288156298
-0.08333333333333333
0.0
0.05925925925925926
0.0
0.32857142857142857
0.033467993754879015
0.1965909090909091
-0.0832482993197279
-0.08333333333333333
0.2673538961038961
0.18367346938775508
0.2083333333333333
0.375
0.3
0.3333333333333333
0.024999999999999994
-0.06172839506172841
0.016666666666666663
-0.01522556390977444
0.06368421052631579
-0.0625
0.0
-0.4
0.017874396135265713
0.371
-0.03244949494949494
-0.06666666666666667
0.11721360782075069
-0.040825774754346185
0.35000000000000003
0.019642857142857146
0.04999999999999999
0.016666666666666666
-0.6285714285714287
0.061607142857142874
-0.08833333333333333
0.20625
0.2833333333333333
0.12322072072072075
0.12169277876594951
0.075
0.3916666666666666
0.05467032967032966
0.2864087301587302
0.053630952380952404
-0.01041666666666666
0.17604166666666668
0.2
0.32499999999999996
-0.09687500000000002
0.09523809523809523
-0.010714285714285707
0.05909090909090908
-0.04999999999999999
0.07121212121212121
0.31666666666666665
0.17409090909090907
-0.0287037037037037
-0.07310547875064005
0.06496265172735761
0.07500000000000001
0.1246969696969697
0.17023809523809524
0.07319444444444442
-0.03333333333333333
-0.2125
-0.1625
-0.0208858543417367
0.07857142857142856
0.047802197802197806
0.10454545454545454
0.09375
-0.11249999999999999
0.2
0.0
0.13945378151260504
0.07222222222222226
-0.1804166666666667
0.05525641025641027
-0.03311118705855548
0.10000000000000002
0.0
-0.033333333333333326
0.25
-0.11862745098039215
-0.005952380952380949
-0.08333333333333333
0.06
-0.004216073781291166
0.08499999999999999
0.12307098765432098
0.01603416530278234
0.07251984126984128
0.06129699205786163
0.1722222222222222
0.09391835016835018
0.01722222222222222
0.2142857142857143
0.10000000000000006
-0.11339285714285717
-0.1125
0.08352150537634409
0.03686868686868686
0.11706349206349202
-0.14944444444444444
0.04024064171122994
0.35555555555555557
0.038541666666666675
0.12
-0.11186868686868683
-0.002083333333333326
0.20714285714285716
0.18571428571428572
0.05151381540270424
0.0
0.03333333333333333
0.20229497354497356
0.1
-0.06602564102564103
0.1732426303854875
0.03365384615384616
-0.1259259259259259
-0.03125
0.19999999999999998
0.05439131575495212
0.1739010989010989
-0.13571428571428568
0.17777777777777778
0.009999999999999998
0.004040404040404026
0.25
0.26
-0.34722222222222215
0.08949275362318841
-0.11249999999999999
0.5
0.15545454545454546
0.17500000000000002
-0.5
0.15625
0.12
-0.09999999999999999
0.09512806637806637
-0.125
0.029081632653061223
-0.06000000000000001
-0.20909090909090908
0.20825980392156862
0.2357142857142857
0.1
-0.00210084033613445
0.01805555555555555
0.175
0.16961904761904764
0.07644051350947899
0.29000000000000004
-0.017445054945054952
0.15983709273182956
0.13543904655015768
0.1
0.09634605694129503
-0.15
0.20833333333333334
0.20833333333333334
0.25
0.0
-0.04833333333333334
-0.018749999999999992
0.0
-0.05000000000000001
-0.028124999999999997
0.11714285714285717
-0.20491071428571428
0.08707589285714286
0.1684027777777778
-0.1
0.5
0.08333333333333333
0.1277777777777778
-0.4049479166666667
-0.08787878787878789
0.08769696969696968
0.2628571428571428
0.3
-0.16666666666666666
0.10833333333333335
-0.11666666666666665
-0.019999999999999997
0.3666666666666667
0.20889724310776944
0.38888888888888884
0.07013888888888889
-0.041666666666666664
0.21018518518518517
0.17999338624338623
0.18703703703703703
-0.15
-0.5
0.26666666666666666
-0.04999999999999999
0.0
0.13958333333333336
0.3
-0.3592592592592592
0.009999999999999986
0.17272727272727273
-0.1357142857142857
-0.26249999999999996
0.17741815476190476
0.08603515625000002
0.15701754385964914
-0.5
-0.04285714285714285
0.55
0.09380952380952383
0.12904589371980674
0.01666666666666668
-0.04100985221674878
0.2916666666666667
-0.16190476190476194
0.22999999999999998
-0.037499999999999964
0.01999999999999999
0.01999999999999999
0.3
0.10726325757575758
0.06875
0.19895833333333335
0.01944444444444443
0.07462301587301591
-0.009294871794871805
0.35
0.1625
0.125
0.16270238095238096
-0.35
0.14107142857142857
0.03712121212121211
0.16433982683982684
0.08888888888888886
0.24
-0.04613352916924346
-0.22272727272727275
0.13884703484218047
-0.08916666666666667
0.20431034482758623
0.2590909090909091
0.01749603174603175
0.00905172413793106
0.27222222222222225
-0.08333333333333334
-0.28333333333333327
0.0
0.034696780593958025
0.0
-0.26666666666666666
-0.026353874883286634
-0.24111111111111114
0.023846153846153857
0.10274725274725274
0.006836219336219342
0.1302380952380952
-0.3333333333333333
-0.05172619047619047
-0.15
-0.024999999999999994
0.2214285714285714
0.10618580765639588
0.0324404761904762
-0.04907407407407407
-0.009848484848484846
0.13333333333333333
0.051111111111111114
0.11540706605222735
0.24635854341736696
0.07490476190476192
-0.031202380952380947
-0.2244781144781145
0.0
0.11500000000000002
0.035985240249946135
0.05528846153846156
0.25166666666666665
0.3666666666666667
-0.01833333333333332
0.14136904761904764
-0.01418264275407132
0.15739583333333335
0.0951190476190476
-0.4
0.038333333333333344
0.20833333333333334
0.027499999999999997
-0.04166666666666666
-0.125
-0.09166666666666667
0.005476190476190473
0.09583333333333331
-0.001345755693581778
0.0
0.033333333333333326
0.27214285714285713
-0.0062500000000000056
0.054513888888888896
0.19212908303817391
0.04771604938271604
0.03673469387755103
0.030833333333333345
0.045
0.03134920634920634
0.1
0.053157894736842105
-0.22499999999999995
0.05166666666666666
0.19749149659863946
0.1644607843137255
0.0
0.0
-0.08494047619047618
-0.0029411764705882283
0.09758333333333334
-0.25
-0.025661375661375656
0.25
0.10547619047619047
0.045333880678708235
0.11576775693442362
0.5
0.5
-0.0015624999999999944
0.3678571428571429
0.1569047619047619
0.27445887445887446
0.15185185185185188
-0.125
0.06129494655004857
0.08089114832535887
0.2745197510822511
-0.25
-0.008535353535353547
0.0
0.2111111111111111
0.21916666666666668
-0.3
0.11344396344396343
-0.06185897435897435
0.26792790542790546
-0.09166666666666665
0.09431623931623932
-0.3
0.10833333333333334
-0.5
-0.1295833333333333
0.012777777777777789
-0.1900189393939394
-0.195
-0.056249999999999994
-0.0357638888888889
0.0
0.07666666666666663
0.041666666666666664
-0.05555555555555555
0.18618326118326117
0.08875000000000001
-0.09999999999999999
-0.0925925925925926
-0.10257575757575757
0.10434738217757085
-0.19333333333333333
-0.08896103896103894
-0.009469696969696979
-0.2
0.09375
-0.04305555555555555
0.5
0.14668367346938777
0.024999999999999998
0.10569444444444444
-0.05555555555555555
0.12435897435897436
0.0
-0.27
0.037777777777777785
-0.09523809523809523
0.008630952380952378
-0.07629022170462389
0.019478438228438224
-0.09
0.13633997785160576
-0.25
-0.21516233766233767
0.016666666666666673
0.38
0.16666666666666666
0.23124999999999998
-0.05807870370370368
-0.24999999999999994
0.13333333333333333
0.030681818181818185
0.1
-0.08185483870967739
0.109375
0.1
0.125
-0.7999999999999999
0.014795918367346941
0.1515
0.010119047619047614
-0.024999999999999994
0.21875
0.039166666666666655
0.023402777777777755
0.20762570762570765
0.006999999999999999
0.006999999999999999
0.0421172393007836
-0.3
-0.40625
-0.028124999999999997
-0.125
0.20555555555555557
0.12878787878787878
0.11287593984962407
0.06976190476190476
-0.11666666666666665
-0.08888888888888889
0.5
0.075
0.0891304347826087
0.02624634502923977
0.027407407407407405
-0.07500000000000001
0.08289417022371572
-0.05833333333333335
0.12357142857142858
0.1111111111111111
0.0625
-0.15138888888888885
0.0
-0.07111111111111108
-0.09659090909090909
-0.28194444444444444
0.07916666666666666
0.10000000000000002
0.06874242424242423
0.04056513409961686
0.13214285714285715
0.18421052631578946
0.13047619047619047
0.0
0.07777777777777778
0.07734788359788362
0.10295995670995672
1.3877787807814457e-17
-0.1148148148148148
0.3839285714285714
-0.18250000000000002
0.2
-0.04523809523809524
-0.003676470588235268
0.07751322751322753
0.16841736694677875
0.37625
-0.08541666666666665
0.07491883116883116
-0.03366402116402117
-0.0358695652173913
0.03281045751633987
-0.29999999999999993
0.4375
0.07599206349206349
-0.2857142857142857
0.10022321428571429
0.0909090909090909
-0.10291666666666666
0.14679162851037852
-0.6125
0.21031746031746032
-0.10357142857142856
0.16163003663003664
0.0
0.04999999999999999
0.0125
-0.11571428571428573
0.07211538461538464
0.0
-0.17045454545454547
0.031249999999999986
0.0775573192239859
-0.03571428571428571
0.1111111111111111
0.2857142857142857
-0.1
-0.19444444444444445
0.2269345238095238
0.075
0.22552083333333334
-0.04756684491978611
-0.25
-0.13333333333333333
0.21478803183348638
-0.20535468319559233
-0.05
-0.12031249999999999
-0.05
-0.05
-0.32857142857142857
-0.13777777777777778
-0.09999999999999999
0.061111111111111116
-0.125
-0.05108225108225108
0.06999999999999999
-0.33906250000000004
0.11818181818181818
0.0666666666666667
0.033531746031746024
-0.2805555555555555
-0.017658730158730176
0.2
0.06000000000000001
0.0970558115719406
0.2114638447971781
0.19444444444444442
-0.1106060606060606
0.06111111111111112
-0.17777777777777778
0.132
-0.15714285714285714
0.2305555555555555
0.15625
-0.06444444444444444
-0.15
0.12082302618016905
0.02422427035330262
0.10473727422003284
0.5333333333333333
1.3877787807814457e-17
0.2838095238095238
-0.11730769230769234
0.09318181818181817
0.35833333333333334
-0.0796296296296296
-0.031464646464646445
0.0625
0.10158730158730159
0.0
0.056446428571428585
-0.09077380952380952
-0.029166666666666664
0.3392857142857143
0.21428571428571427
0.48333333333333334
-0.0328125
0.025000000000000005
-0.04464285714285715
0.09999999999999999
-0.0880952380952381
0.175
-0.21388888888888896
-0.3
0.06617647058823528
0.16666666666666666
-0.001388888888888884
0.16666666666666666
-0.21851851851851853
-0.05360317460317461
-0.07951388888888888
0.03411111111111111
0.211588332302618
-0.19259259259259257
0.0
-0.7999999999999999
0.010384615384615381
0.17142857142857143
-0.05416666666666667
0.12638888888888888
-0.4714285714285714
-0.016666666666666677
0.003227513227513227
0.08611111111111112
0.020375457875457872
0.1388888888888889
-0.04444444444444443
0.06915584415584414
0.12272727272727274
0.13888888888888887
0.12259552042160735
-0.08333333333333333
0.08281249999999998
0.12023809523809524
0.00740740740740741
-0.2736111111111112
0.12774891774891772
0.14775132275132277
0.12685185185185188
0.005681818181818177
0.14285714285714285
-0.15416666666666665
-0.1738562091503268
0.11071428571428568
-0.11249999999999996
-0.4
-0.25625000000000003
0.0657482993197279
-0.155
0.061111111111111095
0.05456617331617332
-0.06000000000000001
-0.2714285714285714
0.07601941069683005
-0.2749999999999999
-0.05
-0.1380952380952381
-0.5999999999999999
0.07142857142857142
0.8
-0.16666666666666666
0.030555555555555558
0.3
-0.016666666666666663
0.05625000000000001
0.014285714285714282
0.3
0.07113095238095239
0.016666666666666666
0.10389610389610389
-0.675
0.02221698113207549
0.18962962962962962
0.42857142857142855
-0.3
0.07575757575757577
0.04722222222222222
0.1366990005878895
-0.017013888888888898
-0.5166666666666665
0.05987103174603175
0.24583333333333335
0.00416666666666667
0.305
0.25
-0.20750000000000002
-0.24431818181818182
0.3340909090909091
-0.0017117117117117062
0.75
-0.12857142857142853
-0.2295454545454545
-0.04999999999999999
0.2946969696969697
0.04305555555555556
-0.03551146384479716
-0.2222222222222222
-0.04460784313725491
-0.04374098124098125
0.026760710553814012
0.11435185185185184
0.07171717171717172
-0.11791666666666667
-0.0375
-0.060185185185185196
0.030293317793317794
-0.10854700854700854
-0.0625
-0.01722222222222222
0.11607142857142858
0.15882716049382717
0.10833333333333332
-0.3
-0.26122448979591834
-0.06805555555555552
-0.24230769230769228
0.05695238095238096
-0.24999999999999997
-0.020386473429951684
-0.125
0.75
-0.10972222222222221
-0.0012254901960784288
0.1340909090909091
0.026562499999999996
-0.2625
-0.275
-0.0011904761904761758
0.06544425087108012
0.625
-0.016666666666666673
0.021989966555183954
-0.25
0.2
-0.04675925925925926
-0.13035714285714287
0.008125
0.0989010989010989
0.15610119047619048
-0.25
0.2
0.06944444444444443
-0.11894841269841273
-0.20454545454545456
0.3055555555555555
0.03214285714285715
-0.024999999999999998
0.10104166666666667
-0.007711038961038981
0.0
0.024999999999999994
0.0015625000000000014
0.23622807017543865
-0.12307692307692307
0.15664335664335666
0.01144688644688645
-0.2928571428571428
-0.0058913683318445285
-0.017020592020592015
-0.08035714285714286
-0.052083333333333336
0.0
0.09702380952380954
-0.16666666666666669
-0.3499999999999999
0.12916666666666665
0.006377551020408169
-0.09722222222222222
0.03333333333333333
-0.13888888888888887
0.019999999999999997
-0.03035714285714286
0.02291666666666671
-0.025000000000000022
-0.02472527472527473
0.17559829059829063
0.0888888888888889
0.3556397306397306
0.15
0.18333333333333335
0.08933333333333335
0.06666666666666667
0.3833333333333334
0.12196969696969698
0.35
-0.05014792899408283
0.0
-0.5999999999999999
0.15
-0.6
0.15000000000000002
0.17270408163265305
0.14857142857142858
0.0535333502114324
-0.037500000000000006
0.24217171717171718
-0.012499999999999997
0.04526643990929705
-0.00735221674876848
0.05499999999999999
-0.75
0.06
-0.375
0.06875
-0.5
0.5
0.15310064935064935
0.01736111111111111
0.1046296296296296
0.1
-0.1
-0.030952380952380953
-0.3125
0.035479797979797986
0.10478395061728396
-0.016071428571428563
-0.07500000000000001
-0.1501315789473684
-0.008333333333333331
0.0
0.0
-0.1
0.13090277777777778
-0.06970899470899472
0.18363636363636363
-0.13372554448135845
0.15731092436974792
-0.11666666666666664
0.3083333333333333
0.1656684027777778
-0.05223727422003282
-0.05
0.07471571688784805
-0.1952380952380952
0.021590909090909095
-0.05777777777777779
0.16249999999999998
-0.27840909090909094
0.12492283950617283
-0.07777777777777778
0.04902597402597401
0.26666666666666666
0.06169047619047618
0.13333333333333333
-0.003598484848484859
-0.3177083333333333
0.22351190476190474
-0.039213564213564214
0.09653061224489796
0.39999999999999997
0.010000000000000031
0.09379084967320261
-0.08571428571428573
-0.495
0.122
0.18194444444444444
0.07989417989417988
-0.05
0.205
0.2
0.04583333333333332
-0.1610648148148148
-0.008333333333333338
0.034635416666666675
0.26495726495726496
0.0
-0.5
0.06351851851851853
0.023958333333333335
-0.024999999999999994
-0.08696969696969697
0.2595982142857143
0.15879329004329004
0.03713333333333334
0.2110119047619048
0.3
-0.5
-0.5999999999999999
-0.19999999999999998
-0.12046440972222221
0.11999999999999997
-0.1284722222222222
0.0
0.12916666666666665
0.4
0.13999999999999999
-0.3812499999999999
-0.18984374999999998
-0.13458333333333333
0.016666666666666666
0.025000000000000005
0.12347359307359307
0.1575757575757576
0.16538461538461538
0.30000000000000004
0.09000000000000002
0.23500000000000001
-0.08750000000000001
-0.07083333333333335
0.01764705882352941
-0.028571428571428564
0.004166666666666662
0.3333333333333333
-0.04583333333333334
-0.05
0.07500000000000001
0.0
0.0956168831168831
-0.16666666666666669
-0.163265306122449
0.03014778325123153
0.19230769230769235
0.13489583333333335
-0.13472222222222222
0.04906974506974507
0.1434240362811791
-0.09999999999999996
0.1375
0.35892857142857143
0.09516594516594518
0.11999999999999997
0.07500000000000001
-0.13209150326797386
0.16481481481481483
-0.05000000000000001
0.18407407407407406
0.029047619047619055
-0.2
-0.5
0.19289987789987792
0.0
0.18727272727272726
0.31666666666666665
0.325
0.2
0.1167748917748918
0.15000000000000002
0.27199999999999996
0.10138888888888888
0.13125000000000003
0.17460317460317462
0.5
0.07251683501683502
0.21785714285714283
0.06752539682539682
0.2571428571428571
-0.022685185185185187
0.033333333333333326
0.0359375
0.07500000000000001
0.225
-0.18888888888888888
0.0023809523809523725
0.14545454545454545
-0.1625
0.0023476523476523704
0.0
-0.11072370191014258
0.2295559678416821
-0.44444444444444436
-0.33333333333333326
0.5
-0.225
0.05000000000000001
0.07349837662337662
0.08571428571428572
-0.08675213675213675
0.22499999999999998
-0.041666666666666664
0.06875000000000002
0.19361044657097293
0.0075757575757575794
-0.1007407407407407
0.22563193511469376
0.03333333333333334
-0.030220734126984145
0.17777777777777778
0.0
0.31875
0.019759070294784582
0.01944444444444445
-0.08717948717948716
-0.06985294117647058
-0.07071428571428572
0.0033333333333333327
0.10814393939393939
0.12380952380952381
0.10495833333333333
0.06771620142309796
0.2375
0.0
0.2034343434343434
0.12037037037037039
0.15085858585858586
0.12775757575757576
0.0642857142857143
0.06666666666666667
-0.042857142857142864
0.09999999999999998
0.10357142857142858
0.011357142857142859
0.04617653367653366
-0.4583333333333333
0.05416666666666667
0.13689171559034574
-0.2
0.39666666666666667
0.017499999999999998
0.15000000000000002
0.11860119047619047
0.1755952380952381
0.03732363315696648
0.11704545454545454
0.10270833333333333
0.0019607843137254798
0.04601994851994853
-0.04444444444444445
0.22272727272727275
0.06818181818181816
0.0006607588510664726
0.1599489795918367
0.18586850649350647
0.10078125
-0.01911375661375662
0.04242857142857143
-0.02324561403508771
0.1242140652557319
-0.15714285714285717
-0.04027777777777778
-0.19455555555555556
0.0
0.07166666666666668
-0.035225694444444455
0.043856048166392984
-0.5
-0.039880952380952385
0.0
-0.012244897959183678
0.16666666666666666
-0.07999999999999999
0.11428571428571428
0.03437500000000001
0.11237373737373736
0.034357696566998885
0.14035624098124103
-0.024999999999999998
0.2566666666666667
-0.0702956989247312
0.07854256854256854
-0.046043771043771047
0.06358024691358026
-0.18578869047619048
0.13277777777777774
0.20681818181818182
-0.06947714471908019
0.15259637188208616
-0.16666666666666666
-0.2625
0.12345238095238092
-0.004999999999999999
-0.0625
0.0937536303359088
0.2
0.06637709137709136
0.22916666666666666
0.03333333333333333
0.2571428571428572
-0.305
0.0
0.08517831374974232
0.05939792267917269
0.025892857142857145
0.04965986394557824
0.09875541125541128
0.5
0.05863095238095238
-0.2
-0.2333333333333333
-0.11553571428571426
0.05354554865424432
0.2895833333333333
0.23703703703703702
0.07916666666666665
0.09999999999999998
0.08129166666666666
0.0
-0.09204545454545454
0.4333333333333333
0.00796969696969697
0.16749999999999998
0.18125
0.0
-0.2275510204081632
-0.01306073153899241
0.23333333333333336
0.2833333333333333
0.022000000000000002
-0.04611111111111111
0.1166904761904762
0.23125
0.07417027417027416
0.18333333333333335
0.15
-0.008746928746928753
0.0
0.0
0.01029009304871373
-0.02780612244897959
-0.046062271062271044
0.01
0.5066666666666666
-0.26666666666666666
-0.12666666666666665
0.7
0.0
-0.225
0.24285714285714288
0.23777777777777778
0.25
0.45833333333333337
-0.08
-0.03125
0.14375000000000002
0.057321428571428565
0.03784722222222223
0.0
0.10471014492753623
0.049999999999999996
0.04400000000000002
0.060000000000000005
0.11888376856118794
0.2231481481481482
0.19535470988959358
0.265
-0.007477678571428574
0.00416666666666667
-0.375
0.08984375000000001
-0.2630952380952381
-0.04999999999999999
0.07991452991452991
-0.1325
0.0
-0.3
-0.2208333333333333
-0.13541666666666666
0.0
-0.075
0.191
-0.07321428571428572
-0.10000000000000002
0.12590909090909091
-0.041666666666666664
0.05249999999999999
-0.17291666666666666
0.05357142857142857
0.2
0.35833333333333334
0.09375
0.0
0.1578125
0.024415584415584425
-0.27916666666666673
0.16632653061224487
-0.203125
0.012962962962962978
0.06944444444444445
-0.04999999999999998
0.13482142857142856
0.29791666666666666
0.12777777777777777
0.0
-0.041666666666666664
0.4166666666666667
0.11688311688311688
0.02597244025815454
0.00833333333333334
-0.06145833333333334
-0.13958333333333336
-0.16846891534391537
0.057812499999999996
0.1
-0.12031250000000002
0.07760416666666667
-0.015059523809523828
0.023901515151515153
0.13636363636363635
0.024476190476190488
0.35238095238095235
0.0
0.0
0.1380952380952381
0.10119047619047619
0.08906249999999999
0.13854166666666667
0.03988095238095238
-0.25
0.3333333333333333
0.2650793650793651
-0.4875
0.08541666666666665
0.05416666666666667
0.1125
0.02142857142857144
0.02777777777777779
0.15932469859889214
0.05486111111111112
0.019999999999999983
0.16632653061224487
0.0
0.10400466720779221
0.13778409090909088
-0.045
0.19773691460055096
-0.0972126436781609
0.051293995859213244
-0.10085034013605443
0.10903149138443256
0.0587912087912088
0.07307692307692307
0.09269972451790633
0.08863636363636365
-0.6328124999999999
-0.09285714285714286
0.2
0.08958333333333333
0.0
0.14641025641025643
0.0
-0.015625
-0.10416666666666667
0.088592809629395
0.1
0.151118860563305
0.0
0.16363636363636364
0.22363897034864783
0.13293135435992576
0.14046957671957672
0.07708333333333334
0.04166666666666668
0.07215522572665431
0.0
0.030581597222222222
0.07077505827505827
-0.024999999999999994
0.05
0.21333333333333332
0.08333333333333333
-0.11938775510204082
0.1577380952380952
0.0
-0.05416666666666666
0.1340909090909091
0.30833333333333335
0.09999999999999998
-0.049999999999999996
0.2333333333333333
0.1
0.08257801226551227
-0.11578023384530241
-0.0425
0.0
0.22592592592592592
-0.15
0.08333333333333334
0.07596153846153847
-0.5
0.2227777777777778
0.4166666666666667
-0.04318181818181818
0.16438492063492063
-0.04829545454545455
0.7
-0.1330357142857143
0.16888888888888892
0.01100000000000001
-0.07777777777777779
-0.44499999999999995
0.05125000000000003
0.07579365079365079
-0.05233333333333332
0.048951048951048945
-0.13333333333333333
-0.013888888888888895
-0.03693910256410255
0.06020408163265306
0.16120129870129868
-0.04691558441558443
0.265
0.09413265306122451
0.13428571428571429
-0.030357142857142857
-0.075
0.08571428571428573
-0.021874999999999978
0.04687499999999999
0.10000000000000003
0.8
0.0
0.18333333333333335
0.25
-0.17727272727272728
-0.203125
0.1819047619047619
-0.029166666666666674
-0.000595238095238101
-0.00535714285714287
0.10000000000000002
0.2
0.09523809523809523
0.039285714285714285
0.14527508090614888
0.09379432624113479
0.0
0.0
0.010944947308583662
0.07428571428571426
-0.04365079365079366
0.1052584670231729
-0.25000000000000006
-0.35714285714285715
-0.04999999999999999
0.12564102564102564
0.21944444444444444
0.19940476190476192
0.027651515151515153
-0.011666666666666669
-0.0017374517374517267
0.12499999999999999
-0.11666666666666665
0.2895833333333333
-0.11666666666666665
0.2123280423280423
-0.23333333333333336
0.012500000000000008
0.125
0.0
-0.16285714285714284
0.19761904761904764
-0.3009722222222222
-0.15000000000000002
0.2075892857142857
0.09002532928064842
-0.25
0.22371131954465293
0.037500000000000006
0.0937538651824366
-0.2
0.06777777777777777
-0.0625
-0.27999999999999997
-0.1
0.2086363636363636
-0.3
0.2
0.19357142857142856
0.014642857142857147
0.0
0.13020833333333331
0.11706349206349208
0.0016666666666666607
-0.1
0.26482142857142854
0.05714285714285715
0.22999999999999998
-0.040624999999999994
0.059523809523809555
0.09999999999999999
0.55
-0.0024664750957854357
-0.0666418650793651
0.7
0.12870370370370368
0.20989583333333328
-0.08273809523809521
0.2555555555555556
0.021428571428571453
0.05
0.24732142857142855
0.06000000000000001
0.2580747955747956
0.06583080040526848
0.004411764705882363
0.0
0.2
-0.32202380952380955
0.1125
-0.13333333333333333
0.20147058823529412
0.021428571428571425
0.1812770562770563
-0.13125
-0.2
-0.2
-0.06235827664399093
0.21939419554804165
0.025000000000000005
0.037500000000000006
0.037500000000000006
0.06938775510204082
0.14821428571428572
0.16071428571428573
-0.021428571428571436
-0.5
0.20658730158730157
-0.175
-0.040909090909090895
0.1619047619047619
0.10860215053763442
-0.1619047619047619
0.22857142857142854
0.0
0.1757644007644008
0.06458333333333334
-0.10714285714285715
0.2333333333333333
-0.40625
0.012499999999999992
0.041346153846153845
-0.04999999999999999
0.07384615384615384
-0.10624999999999997
0.08567708333333333
0.01065759637188208
0.09
-0.09772727272727273
0.04866666666666667
0.14395833333333335
0.057356254856254854
0.043750000000000004
-0.08289682539682539
0.05
0.0
0.0
0.012962962962962966
0.0595902547065338
0.0
0.13103964353964354
0.02750000000000002
0.1
0.1232142857142857
-0.03691609977324261
0.20727272727272728
-0.030444444444444444
0.0
-0.060660173160173164
0.03036340293693236
-0.10256410256410256
-0.25
-0.05
0.225
0.024999999999999994
0.012500000000000022
-1.0
0.6
0.009999999999999995
-0.10656565656565659
0.08051948051948052
0.1423076923076923
0.07385947385947386
0.10095238095238093
0.20444652877986214
-0.09652777777777777
0.2837301587301588
0.054404761904761914
0.0707070707070707
0.3404761904761905
0.08733766233766234
0.004503367003366994
0.13125
-0.125
0.11823051948051949
0.4904761904761905
-0.09
-0.0019230769230769162
-0.01090476190476191
-0.019999999999999997
-0.028125
-0.0542048637636873
0.20454545454545456
0.08875661375661377
0.002380952380952384
-0.10297619047619049
0.1590909090909091
0.08846153846153844
0.14068704284221523
0.13954629629629628
0.28611111111111115
0.0
0.07455357142857144
-0.02418586789554532
-0.18518518518518517
0.2168077601410935
-0.15079365079365079
0.0
0.13506493506493508
-0.019199346405228763
0.1953463203463203
-0.12172619047619046
0.11249999999999999
0.13063852813852814
0.012142857142857141
0.1839285714285714
0.16428571428571428
0.0025000000000000022
0.1
1.0
0.35000000000000003
0.0675619834710744
0.10624999999999998
0.1791907166907167
-0.2333333333333333
-0.03186274509803921
-0.275
-0.03125
-0.12333333333333332
0.2
0.06370326643053917
0.00833333333333333
0.15932539682539681
0.02261904761904761
-0.42666666666666664
0.0998015873015873
-0.17500000000000002
-0.5
0.10283925179758513
0.17967032967032967
-0.0020833333333333225
0.09653333333333335
-0.08796296296296295
0.11672659733749961
0.0
0.32708333333333334
-0.3125
0.17528735632183906
0.45
-0.1
-0.27499999999999997
0.25
0.18528911564625852
-0.32499999999999996
0.5
0.10000000000000002
-0.146875
0.016666666666666666
0.02142857142857144
0.018333333333333323
0.07500000000000001
-0.04305555555555555
-0.4
-0.19204545454545452
-0.21000000000000002
-0.1
-0.06666666666666667
0.20457091927680163
0.22666666666666666
-0.12000000000000002
0.015066964285714286
-0.0984848484848485
0.028571428571428564
-0.04666666666666667
-0.25
-0.01666666666666668
-0.07687499999999997
0.18101851851851852
-0.20833333333333334
0.20285714285714285
-0.3055555555555555
-0.5
0.26666666666666666
-0.3333333333333333
-0.05277777777777778
0.18819444444444444
-0.08888888888888886
0.17916666666666667
-0.08
0.14097222222222225
0.375
0.017857142857142856
0.30952380952380953
0.2541666666666667
0.20791666666666664
0.2
0.08443223443223444
0.27222222222222225
0.05732600732600733
-0.05123966942148759
-0.023958333333333328
0.16818181818181818
-0.18472222222222218
0.24285714285714285
0.2619047619047619
0.22353535353535353
-0.3333333333333333
0.2508390022675738
0.13333333333333333
-0.024348958333333327
0.06209346209346208
0.06429609279609283
0.04784019439679819
-0.10611111111111113
-0.075
-0.044696969696969714
0.034420289855072464
0.0925925925925926
0.4666666666666666
0.07391666666666667
0.1787878787878788
-0.04393939393939393
0.14639770723104056
0.0
0.36
0.17156862745098042
-0.2
0.05
0.006798245614035081
0.13226190476190475
0.15178571428571427
-0.44166666666666665
-0.1
-0.09285714285714287
-0.0027619047619047675
-0.13166666666666665
0.044260204081632705
0.0
0.1357142857142857
0.13312386538192988
-0.11270615563298489
0.2341269841269841
0.18129133597883595
0.02777777777777779
0.0
0.26160714285714287
0.5
-0.00416666666666667
0.09229166666666666
-0.11566666666666665
0.07662337662337662
0.0538961038961039
0.16710526315789473
0.03809523809523809
-0.09226190476190477
0.13333333333333333
0.14347222222222222
0.012301587301587303
