0.030121951219512205
0.014583333333333335
-0.19999999999999998
-0.4000000000000001
-0.04429156908665105
-0.24999999999999994
-0.13269230769230766
0.06823793490460159
0.024999999999999994
0.03333333333333336
0.08958333333333332
-0.155
0.5
0.5
-0.4777777777777778
-0.07291666666666667
0.0
-0.1
0.13828671328671327
0.2916666666666667
0.11898148148148148
0.16638888888888892
0.16666666666666669
0.0
0.25
0.21937003968253965
0.4
-0.05526556776556774
0.29375
0.2875
0.07230769230769231
0.16856060606060605
0.1725
0.0
-0.008383838383838377
-0.15625
0.011111111111111118
0.17222222222222222
-0.28181818181818175
0.43333333333333335
-0.07123015873015873
0.15974527887571363
-0.06666666666666667
0.10801106301106304
0.0
0.13437500000000002
0.3022222222222222
0.028014618232009535
0.19708333333333333
-0.030000000000000006
0.15611111111111112
0.10357142857142858
0.016951999613289945
0.12682344877344875
0.17287784679089024
0.020770202020202022
-0.0625
0.10454545454545454
0.0
-0.16666666666666666
-0.011965811965811972
0.525
-0.22916666666666666
-0.0384920634920635
0.0736111111111111
-0.007675736961451252
-0.05729166666666667
0.0
0.016883116883116896
-0.09479166666666668
0.059999999999999984
-0.12708333333333335
-0.08143939393939394
0.20773809523809522
-0.022833333333333324
-0.01785714285714285
-0.03832417582417583
0.02888888888888889
0.1
-0.13453950563325562
0.065
-0.0888888888888889
0.12194444444444444
0.13333333333333336
0.11000000000000001
0.1380952380952381
0.1626984126984127
0.10757575757575757
0.05755825734549141
-0.05
-0.3
0.08211722488038277
-0.0625
-0.15
-0.024999999999999994
0.13000000000000006
0.053500000000000006
0.09258241758241757
0.5285714285714286
0.20000000000000004
-0.03471428571428571
0.12916666666666665
0.7
0.16666666666666666
0.0625
0.1563410702772405
-0.0425
0.063015873015873
-0.5
0.0
0.24
-0.17738095238095242
0.10606060606060606
-0.23055555555555554
0.13560090702947847
0.1854978354978355
-0.21666666666666667
-0.016847826086956497
0.08
0.26666666666666666
0.26666666666666666
0.14215762273901808
-0.45
0.1666666666666667
-0.4
-0.1
0.026333333333333354
0.1787878787878788
0.17500000000000004
0.15
0.11005291005291003
-0.04375
0.02585034013605444
0.19849206349206353
-0.02268518518518519
-0.06777777777777778
0.05771604938271603
0.09675925925925927
0.0625
0.1
0.00014469226425748005
0.0
0.16
0.017272727272727283
0.0
-0.12152777777777778
0.03666666666666667
0.04149844720496894
-0.2611111111111111
0.13506944444444444
-0.028880070546737215
-0.11111111111111112
0.011111111111111108
0.038888888888888896
-0.06666666666666667
0.04
0.11336844050258685
0.19027777777777777
0.15
0.145625
0.25618686868686874
-0.08958333333333333
0.08333333333333333
-0.15000000000000002
-0.08594322344322343
0.8125
0.04469696969696971
0.056146384479717815
-0.3
0.2
0.004196188684140492
0.31275757575757573
0.21666666666666667
0.06666666666666667
0.18999081726354455
0.0
0.25
0.0023698523698523657
0.1
-0.16666666666666666
0.0475
0.12142857142857143
-0.11666666666666665
0.011539938556067584
-0.1
0.1266093474426808
-0.11587301587301585
0.18229166666666663
0.38373015873015875
-0.09242424242424244
0.12982625482625482
-0.007407407407407418
0.05576923076923078
0.19999999999999998
-0.012499999999999997
0.14166666666666666
0.16948051948051948
0.08991596638655464
0.21428571428571427
0.15169642857142857
0.24285714285714285
0.196969696969697
0.007164502164502168
-0.014204545454545463
0.20984477124183007
0.07140214436726067
0.45999999999999996
0.08438934802571169
0.1360816068851783
-0.006517857142857152
0.13714285714285715
0.375
-0.18114478114478116
0.04166666666666666
-0.18888888888888888
0.3
0.08311688311688312
-0.033224728487886386
0.175
0.1420875420875421
0.11212121212121212
-0.03749999999999999
-0.05666666666666664
0.06875465443647265
0.2271541950113379
0.05802285146547441
0.06731150793650793
0.06868247694334652
0.7
0.1967338974157156
-0.04569444444444444
0.1683333333333333
0.06703703703703705
-0.03621399176954732
0.21666666666666665
0.0
0.06554526748971193
0.2853679653679654
0.14252136752136754
0.044062499999999984
0.05960317460317459
0.01428571428571429
-0.5
-0.125
0.25
0.2
0.1
-0.06306617764951099
-0.08217592592592593
0.08124999999999999
0.39999999999999997
0.13392857142857142
-0.24999999999999997
0.19999999999999998
-0.13333333333333333
0.16497668997668996
0.01944444444444443
0.11478174603174604
-0.06666666666666667
0.11163419913419914
0.0
0.0
-0.0625
0.075
-0.16875
-0.10400000000000001
0.0
0.046708683473389356
0.026666666666666682
0.10624999999999998
0.07500000000000001
-0.26666666666666666
0.06609848484848485
0.13333333333333333
0.29
0.2
-0.03185185185185187
0.061111111111111116
0.24375
0.09285714285714285
0.09891783843396744
-0.0019491129785247396
-0.02150997150997149
0.06833333333333333
0.15487012987012985
-0.10833333333333334
0.15
0.16666666666666666
-0.16666666666666666
-0.3125
0.13
0.10999999999999999
-0.020833333333333325
-0.08230519480519481
0.04
0.23376623376623376
0.03814814814814814
0.13251096491228073
0.06666666666666667
-0.78125
0.4923611111111111
0.05858843537414966
-0.25
0.03571428571428571
-0.21444444444444447
0.04884920634920636
0.19749999999999995
-0.07866666666666666
0.04955233038566373
0.0
0.06576023391812864
-0.19545454545454544
-0.15666666666666668
0.05221320346320346
-0.0320436507936508
0.02
0.11571428571428573
-0.04583333333333334
0.0
-0.016555258467023177
0.010021008403361328
0.07323232323232323
0.038095238095238106
-0.15
-0.008392857142857143
-0.125
0.043571428571428567
-0.3125
0.11518817204301075
0.25
0.003858024691358028
0.193859649122807
-0.02583333333333333
0.008333333333333331
-0.14907407407407405
0.0
0.25
-0.029532967032967025
-0.21428571428571427
0.0
-0.03878534659784659
0.05702891552891552
-0.03841596234453377
0.03400000000000001
0.17261904761904762
0.2536558595069234
0.0
-0.5333333333333333
0.023958333333333345
0.07747023809523812
0.03698928056070914
0.1261904761904762
0.06685185185185184
-0.3277777777777778
-0.013055555555555551
-0.03916666666666667
0.025
-0.24166666666666667
-0.33333333333333337
-0.022096523268398276
0.12064102564102565
-0.04111111111111111
0.039848484848484834
0.3125
0.0918156216543313
-0.125
0.08666666666666668
0.5266666666666666
0.08333333333333333
-0.06875
0.1600105042016807
-0.5625
-0.0010802469135802338
0.007142857142857159
0.16428571428571426
0.13524305555555557
0.1932476943346508
-0.033333333333333326
0.12035802469135802
-0.23571428571428574
0.12941176470588237
0.033333333333333326
0.26999999999999996
0.084375
0.2
0.375
-0.13333333333333333
0.10000000000000002
0.10408163265306124
-0.07439393939393937
-0.27777777777777773
0.21481481481481482
-0.31666666666666665
0.0
0.3213636363636364
0.06538461538461539
0.0518939393939394
0.12388888888888885
0.07012200577200577
-0.2875
0.17045454545454544
0.3333333333333333
0.049999999999999996
0.0
-0.1
0.011128364389233958
0.0972222222222222
0.049198717948717954
0.04166666666666666
-0.02121212121212122
0.034166666666666665
0.03149350649350649
0.19
-0.00045913682277319443
0.025000000000000005
-0.0027272727272727145
0.04645061728395063
0.20000000000000004
0.20801282051282052
0.2571428571428572
0.0
0.11203128220985363
0.11858054226475279
-0.11666666666666665
0.25
-0.054166666666666655
0.23189909297052158
-0.1
0.0
0.0
0.03333333333333333
0.07361111111111111
-0.06714285714285709
0.1193877551020408
0.0
0.05702634245187436
0.25833333333333336
0.0
0.32653061224489793
-0.030844155844155844
-0.2333333333333333
0.7
0.24365079365079362
-0.0737301587301587
-0.13125
0.02500000000000001
0.14
0.05000000000000001
0.125
0.15997474747474746
0.07000000000000002
0.07083986119700407
0.06765873015873018
0.06546863988724454
0.009313725490196082
0.03329475308641975
-0.25
0.05000000000000001
-0.55
0.013888888888888895
-0.0647326649958229
-0.5
-0.05980392156862745
0.06216931216931217
0.21666666666666665
0.21666666666666667
0.15941358024691354
-0.026597222222222227
-0.16964285714285715
0.013317384370015953
0.05416666666666666
0.25
0.09287280701754386
0.0
-0.001928341027462116
0.031292517006802724
-0.01556122448979591
-0.2833333333333333
0.18
0.25
0.125
0.01552579365079364
0.0
0.2
0.11538461538461536
0.19999999999999998
0.1421969696969697
0.29523809523809524
0.5
0.1590909090909091
-0.02692307692307693
-0.02205512979497358
0.049999999999999996
-0.1
0.12449735449735451
0.11166056166056167
0.10277777777777779
0.016666666666666677
-0.0625
0.0
0.0
-0.16245361781076068
0.1362925170068027
-0.2708333333333333
0.275
-0.16581632653061223
0.08333333333333333
0.11212121212121212
0.0088095238095238
0.06547619047619047
0.05000000000000001
-0.21471733304360435
-0.13333333333333333
0.059272486772486754
0.1069642857142857
-0.10000000000000002
0.06402763902763904
-0.15416666666666667
0.175
-0.1111111111111111
0.15999999999999998
0.16818181818181818
0.1982142857142857
-0.08259300595238095
-0.04999999999999999
0.05535714285714285
0.12638888888888888
-0.1
-0.18428571428571427
-0.21666666666666667
0.22499999999999998
-0.08024042950513541
-0.004166666666666666
0.12045454545454545
0.07842592592592593
-0.15902777777777777
0.0875
0.0775
-0.12879464285714284
0.4523809523809524
-0.3
0.1
0.26249999999999996
0.030147058823529423
-0.08125
0.20714285714285713
-0.3071428571428571
0.03958333333333334
0.0666666666666667
0.14020202020202024
-0.6083333333333333
-0.06846064814814816
0.0340927750410509
0.03642517006802723
0.28098958333333335
-0.021464646464646454
0.1876041666666667
0.3666666666666667
0.17500000000000002
0.15
0.0
-0.15
0.027841504078483254
0.0
-0.10454545454545454
-0.07563492063492064
-0.033333333333333326
-0.003282828282828276
-0.16666666666666657
-0.13354166666666664
0.0
0.20389610389610385
-0.041666666666666664
0.5
-0.15575396825396823
0.2777777777777778
-0.03333333333333333
0.04311224489795917
-0.25
0.0393939393939394
0.10085034013605443
-0.09583333333333333
-0.058333333333333334
-0.006666666666666672
0.1340909090909091
0.005147707231040577
-0.04176587301587301
0.025000000000000005
0.05992063492063491
0.11122222222222221
-0.11455026455026458
0.12970717022441158
0.325
-0.060416666666666674
0.21666666666666665
0.05595238095238095
0.02128982128982129
0.14185714285714285
0.18
-0.075
0.06346153846153847
0.18495670995670996
0.5
-0.04924242424242425
0.08402777777777777
0.2967261904761905
0.041666666666666664
0.13273035086893784
0.003409090909090902
0.09421592775041053
0.03389455782312925
-0.18541666666666667
-0.037689393939393946
-0.006547619047619064
-0.4375
0.17500000000000002
0.05
-0.09910714285714285
0.09108436279167986
0.02603305785123967
-0.04999999999999999
0.05122655122655123
0.16214985994397754
-0.05666666666666664
0.13315972222222222
0.15899621212121212
-0.025
-0.24560185185185188
-0.003571428571428575
0.046013708513708514
0.010714285714285723
0.06666666666666667
0.07562229437229437
-0.04916666666666666
0.04982804232804233
0.11666666666666665
-0.2
0.19226190476190477
0.1
1.0
0.0006944444444444605
-0.03125220458553792
0.0
0.2075
-0.027100840336134455
0.5
0.053125000000000006
-0.1275
0.7
-0.062235449735449734
0.11249999999999999
0.075
0.05721099887766555
-0.2
0.45999999999999996
-0.014500000000000008
0.0857142857142857
-0.15
0.2
-0.21562499999999998
0.175
0.7
0.225
0.12738095238095237
0.16666666666666669
-0.31666666666666665
0.022222222222222216
0.13571428571428573
0.05142045454545455
0.14963636363636365
0.09861111111111112
0.09178571428571429
0.07499999999999998
-0.20405844155844155
0.20833333333333331
0.24166666666666667
0.15125000000000002
-0.20833333333333331
-0.08240740740740742
-0.4000000000000001
-0.2153769841269841
-0.1875
0.0
0.03404761904761905
0.4158730158730159
-0.1589285714285714
0.1875
0.0
0.2701940035273369
0.0023437500000000056
0.125
-0.13314814814814813
-0.05
0.20124999999999998
0.18467908902691516
-0.05
0.375
0.3111111111111111
0.005357142857142856
0.20625
0.08402597402597402
0.10714285714285714
0.0
0.13333333333333333
-0.35625
-0.17714285714285713
0.24285714285714285
0.09523809523809523
0.09861111111111111
0.275
0.25
0.0
-0.5
-0.35773809523809524
0.31700680272108844
0.5
0.2
-0.06
0.039786967418546364
0.3823684210526316
-0.08133333333333333
-0.048063973063973066
-0.17083333333333334
0.44999999999999996
0.17
0.0
0.14097744360902253
0.274537037037037
0.2416666666666667
-0.1125
0.06883116883116883
0.035576923076923075
-0.27499999999999997
-0.34791666666666665
0.24671428571428575
0.25625000000000003
-0.03214285714285715
-0.16388888888888892
-0.7
0.5
0.026851851851851856
0.0596556517454955
-0.13759469696969698
-0.1
0.03357142857142857
-0.055952380952380955
0.31428571428571433
0.2903023288439954
-0.19444444444444445
0.04895284895284896
-0.033333333333333326
0.0
0.25555555555555554
-0.008010697032436153
0.02112403100775194
-0.003872549019607838
0.019047619047619053
0.4666666666666666
0.26666666666666666
0.0225
0.1550802139037433
-0.0875
0.13819444444444445
0.018367346938775505
0.0
0.1
-0.2385487528344671
0.09523809523809523
0.29
0.17500000000000002
-0.03333333333333333
0.35
-0.23750000000000002
0.020833333333333343
-0.03987603305785125
0.07115384615384616
-0.2
-0.13076923076923078
-0.07951388888888888
0.02548701298701298
-0.26666666666666666
-0.4
0.12222222222222223
0.12205882352941178
0.3499999999999999
-0.4069010416666666
-0.016883116883116903
-0.625
-0.2380952380952381
0.1386904761904762
-0.0462962962962963
0.1463095238095238
0.1361111111111111
-0.05
-0.125
0.1313894438894439
0.4221590909090909
0.0642857142857143
-0.09999999999999999
0.031086956521739123
0.13636363636363635
0.06463636363636363
0.11493055555555555
0.2375
0.131639566395664
0.044444444444444446
-0.07142857142857142
-0.051213023088023085
0.21684311224489797
0.0
0.12857142857142856
-0.3625
0.12961484593837536
0.05416666666666666
0.019047619047619025
0.06666666666666667
-0.0975
0.09355400696864109
0.25
-0.05833333333333333
0.025022907647907645
-0.7
0.17450396825396827
1.0
0.058823529411764705
0.1
0.25092592592592594
0.0357142857142857
0.0
0.0917948717948718
0.07006493506493507
0.0
0.18948135198135196
0.3
-0.075
0.16236263736263737
0.01841666666666666
0.12118055555555556
-0.4625
0.17115384615384616
0.5
-0.014941077441077458
-0.08382352941176473
0.15
-0.0001915708812260453
0.2871212121212121
0.005854598617756508
0.050000000000000024
-0.24999999999999992
-0.4
-0.25
0.049999999999999996
0.0038461538461538537
-0.09797979797979799
-0.01004273504273505
0.05679723502304147
0.1971825396825397
-0.27499999999999997
0.3
0.06345072751322751
-0.11458333333333333
0.06200000000000001
0.13692640692640692
0.35000000000000003
0.3936363636363636
0.3
-0.08775510204081634
-0.12326007326007325
0.4666666666666666
0.2333333333333333
0.0967953342953343
-0.27777777777777773
0.10608465608465609
0.75
0.23703703703703705
0.2817777777777778
1.0
-0.12019230769230768
0.30416666666666664
0.153125
0.16923076923076924
-0.09666666666666666
0.05000000000000001
0.08966666666666666
0.025573192239858926
0.175
0.0
0.1423076923076923
0.07142857142857141
0.07106782106782107
0.06522366522366523
0.09761904761904762
0.475
0.2857142857142857
0.12833333333333335
0.025000000000000005
0.21666666666666665
0.14375
-0.04742063492063491
-0.10283446712018142
0.0
-0.05357142857142857
0.060714285714285714
-0.05555555555555556
0.04999999999999999
0.08571428571428573
0.02337164750957854
0.12916666666666668
-0.05
-0.2008184523809524
-0.12348484848484849
0.5
-0.3833333333333333
0.0
0.0359375
-0.11698717948717946
-0.1
0.1375
-0.10029761904761902
0.07272727272727274
-0.08333333333333336
0.35858585858585856
0.13333333333333333
-0.004878117913832197
0.19120879120879117
-0.019999999999999997
0.09628205128205128
0.28888888888888886
-0.2851190476190476
0.1
0.16643939393939394
-0.008333333333333328
0.25
0.0
0.1111111111111111
0.16417748917748917
-0.5
-0.3333333333333333
0.18600000000000003
0.10833333333333334
0.07263133567821067
-0.48749999999999993
-0.012927350427350425
0.0
-0.020907738095238104
0.16828231292517007
0.3333333333333333
-0.12256944444444445
0.05833333333333331
0.0
0.31875000000000003
0.14583333333333334
-0.0656093623890234
-0.13749999999999996
0.24285714285714285
0.16
-0.1718253968253968
0.11428571428571428
0.08477272727272726
0.3333333333333333
-0.10208333333333335
0.1302308802308802
0.22833333333333333
0.02500000000000001
0.16504810004810003
0.006521739130434784
-0.11363636363636363
0.2163875598086125
0.2
-0.30833333333333335
0.09880952380952379
-0.1628571428571428
-0.10416666666666667
-0.08333333333333333
0.20688657407407407
-0.009523809523809509
0.24999999999999997
0.33214285714285713
0.07575757575757576
0.5
0.059166666666666666
-0.02793209876543209
0.15274725274725273
0.10861111111111113
0.09362745098039216
0.14377450980392156
0.0
0.39285714285714285
0.2199074074074074
-0.009999999999999997
0.26145833333333335
-0.3166666666666667
0.03543735676088617
0.11502026342451878
0.13231818181818183
0.14375
0.024837662337662336
0.0
-0.05
-0.675
-0.04010204081632653
-0.0007376283846871965
0.030555555555555558
0.18946428571428572
0.15833333333333333
0.26
-0.24444444444444446
0.07395833333333332
-0.07823660714285714
0.19772727272727272
-0.10989010989010987
-0.071875
-1.3877787807814457e-17
0.14985119047619047
0.07639223871366732
0.1729166666666667
0.25
-0.5
0.15555555555555556
-0.2
-0.10248579545454548
0.12708333333333335
-0.016540404040404036
-0.18125
0.08
0.0
0.07910618792971735
0.2100340136054422
0.11607142857142858
0.0021825396825396687
0.2916666666666667
0.20000000000000004
-0.35681818181818187
-0.16666666666666666
-0.10067148760330578
-0.25
0.16666666666666666
-0.12000000000000002
0.018138474295190707
0.2685714285714285
-0.09791666666666665
0.22023809523809523
0.2
0.07916666666666668
0.016666666666666677
0.11666666666666668
0.027000000000000003
0.06666666666666667
-0.22500000000000003
-0.10448717948717946
-0.19285714285714287
0.024999999999999994
0.10027548209366391
0.14666666666666667
0.04880952380952381
-0.095
0.0
0.016467532467532454
-0.04444444444444445
-0.13333333333333333
-0.13
0.3977777777777778
-0.5
-0.0859375
0.08888888888888889
-0.025480769230769244
-0.002888888888888901
-0.1911044973544974
-0.1
0.5
0.08333333333333333
0.05987654320987654
0.09895833333333338
0.07301587301587303
0.06071428571428571
0.1875
0.09671052631578948
0.29958333333333337
0.3361111111111111
0.3888888888888889
0.12666043195934498
0.14500000000000002
0.07444444444444445
-0.05740740740740738
0.042734970056398626
-0.40952380952380957
-0.017399691358024674
0.08154761904761905
-0.13749999999999998
0.0
-0.08507936507936507
-0.22396825396825398
0.10592719649323422
0.09601562500000001
0.05166666666666667
0.23529411764705882
0.4
0.0
0.0335978835978836
0.159375
0.2811111111111111
0.0
0.07666666666666669
0.11412698412698412
0.22833333333333336
0.31946428571428565
0.02321428571428572
-0.19166666666666668
-0.0464520202020202
0.003475783475783475
-0.11342592592592593
0.07589743589743589
-0.09095238095238095
-0.07691326530612244
0.12897727272727272
0.0
0.16666666666666666
-0.55
0.2340909090909091
0.17956709956709957
0.06954545454545455
0.0704861111111111
0.09833994708994707
0.08368055555555556
0.39999999999999997
0.0
0.125
-0.08275793650793652
0.13636363636363635
-0.08333333333333333
0.08750000000000001
0.163742784992785
0.3333333333333333
0.203125
-0.0736176702085793
0.13333333333333336
0.21000000000000002
-0.10151515151515152
0.23952380952380953
-0.09999999999999999
-0.14642857142857144
0.1818749999999999
0.27142857142857146
-0.25
-0.009572478803248022
0.10039682539682539
0.27142857142857146
0.17500000000000002
0.1553571428571429
0.17500000000000002
0.15
0.045000000000000005
0.10714285714285718
-0.015656565656565646
0.30000000000000004
0.5
-0.025
-0.061111111111111116
0.175
0.04999999999999999
-0.075
-0.14166666666666666
0.2275
0.07989417989417992
-0.006249999999999978
-0.06426193755739208
0.08611111111111111
-0.008333333333333331
-0.02857142857142858
0.26666666666666666
0.14620535714285715
-0.15
-0.016666666666666663
0.29523809523809524
0.0
-0.25
-0.002224025974025976
0.2325
0.046052631578947366
-0.3125
0.04572811447811448
0.13333333333333333
0.0
-0.23958333333333334
0.4375
-0.15625
-0.2625
0.15034722222222224
-0.13749999999999998
-0.03863456804633275
-0.13178053830227746
0.2134920634920635
0.05879446640316205
0.030000000000000006
-0.5
-0.10553613053613055
0.02701692247146795
0.015595238095238103
0.0
0.0625
0.2976190476190476
0.4125
0.22818181818181815
0.09270833333333334
0.13664195923124495
0.2
0.17916666666666667
0.08526077097505669
-0.13333333333333333
0.15006802721088433
0.1932330827067669
0.14444444444444446
0.04583333333333334
-0.04999999999999999
0.0
-0.12857142857142856
0.16416666666666666
0.2478675645342312
-0.075
-0.06714285714285714
-0.1525
0.12395833333333334
0.029166666666666667
-0.08333333333333333
0.05000000000000001
0.025
0.2
0.041025641025641026
0.23155329752551979
0.09681972789115648
0.2
-0.1633333333333333
0.0
0.06009434406173536
0.1
0.21005952380952383
-0.11016483516483516
-0.02261904761904761
-0.12083333333333333
0.20555555555555555
0.2833333333333334
0.16738095238095238
0.12962962962962965
-0.135
0.05608974358974359
-0.18928571428571425
0.11249999999999999
0.024999999999999967
-0.27619047619047615
0.05142045454545454
0.2491071428571429
0.05
0.020000000000000007
-0.5
-0.09375
0.0
0.10060763888888888
0.03961038961038961
0.025618580765639592
0.325
0.1369047619047619
0.08988095238095238
0.21009259259259258
-0.3
0.008777777777777766
0.20384615384615387
0.2380952380952381
0.059523809523809534
-0.1416666666666667
0.06666666666666667
-0.05744047619047619
0.4000000000000001
0.1319722222222222
0.0375
0.06481481481481483
0.1890625
-0.16666666666666666
0.05937500000000001
0.04661172161172161
0.19285714285714284
-0.11865079365079366
-0.05555555555555555
-0.003977272727272732
0.25
-0.18
0.05
0.0731372549019608
0.40499999999999997
0.19999999999999998
-0.028571428571428574
0.07250000000000001
0.2333333333333333
-0.06470588235294118
0.3117261904761905
-0.19
0.12000000000000002
-0.19333333333333333
0.4000000000000001
0.25912878787878785
0.5
0.1630952380952381
-0.09166666666666667
-0.1777777777777778
0.3074404761904762
-0.010637626262626263
-0.07777777777777777
0.0
-0.16666666666666666
0.005714285714285719
-0.25
0.0638888888888889
-0.2
-0.13999999999999999
-0.3125
0.1875
0.13409090909090907
0.19243256743256748
0.11666666666666667
-0.06833333333333333
0.35
-0.19444444444444445
0.1419642857142857
0.0
0.009090909090909084
-0.10833333333333334
0.07487012987012986
-0.014285714285714254
0.06968253968253967
0.15714285714285717
-0.0032642754071325448
-0.1
0.11833333333333336
0.04999999999999999
0.08333333333333333
-0.03556866421692002
0.2
-0.04583333333333334
0.02275920542635659
-0.022222222222222216
-0.08875
-0.11666666666666665
0.0
0.11145833333333333
0.061858076563958905
0.056377551020408166
-0.0423611111111111
-0.13333333333333336
0.05416666666666668
-0.1164222222222222
0.09375
0.05238095238095238
-0.30625
-0.303422619047619
-0.044545454545454534
0.014603174603174599
0.1375
0.12622549019607843
0.08279761904761904
0.11507936507936507
0.19999999999999998
0.17166666666666672
-0.07582417582417585
0.19721088435374146
-0.22000000000000003
0.20119047619047623
0.16855476190476193
0.07896825396825398
0.1059369202226345
0.2
0.375
0.06785714285714285
0.010000000000000009
-0.2
0.17200000000000001
0.05089285714285714
0.06120330286996953
0.09531810035842295
0.10572916666666667
-0.17777777777777778
0.2857142857142857
-0.08333333333333333
0.22916666666666669
0.14081632653061224
0.15499999999999997
0.010416666666666666
0.02722870713942142
0.03033459595959596
-0.1111111111111111
0.09833333333333331
0.10578947368421049
-0.09583333333333333
0.10822222222222222
0.11264991181657848
0.16456699771859348
0.1
0.07187969924812028
0.009999999999999998
-0.0513888888888889
0.17110384133410453
0.0180952380952381
0.25
0.0
0.07307413637232914
0.14055555555555557
0.17500000000000002
0.2351851851851852
0.10746428571428578
-0.008862433862433846
0.17827364554637284
-0.20833333333333334
0.2
-0.029999999999999992
0.11190476190476191
-0.13214285714285712
-0.05458333333333334
0.017543859649122816
0.04791666666666666
0.05
-0.13396825396825396
0.04472222222222222
0.09448855437491802
-1.0092936587501423e-17
-0.13020833333333334
0.3825
0.108132183908046
-0.02083333333333333
-0.16980519480519482
0.033642653642653654
0.2
-0.09999999999999998
0.7
0.0
0.14583333333333331
0.06920289855072465
0.06000000000000002
0.0
0.2214285714285714
0.05916005291005291
0.18106060606060603
0.15615079365079365
-0.25
0.39375
0.0625
0.303921568627451
0.045370370370370366
-0.10185185185185186
0.15
-0.325
-0.5
-0.4
0.3
-0.12500000000000003
-0.03333333333333334
0.05
0.1221969696969697
-0.23632478632478632
0.35925925925925933
0.08499999999999999
-0.024999999999999994
0.009808612440191383
0.1064285714285714
0.225
0.2404320987654321
-0.026000000000000002
0.20833333333333334
-0.09166666666666667
0.0863095238095238
-0.09736842105263158
-0.0851851851851852
0.002500000000000008
0.10198210029670704
0.1
-0.3833333333333333
-0.1864285714285714
0.45
-0.1666666666666666
0.0
-0.10099206349206351
-0.04230540701128937
0.0
0.175
0.1953125
0.09708333333333334
0.08472222222222223
2.7755575615628914e-17
0.24374999999999997
0.13136363636363638
0.11553819444444445
-0.046641156462585036
0.1449970238095238
0.09532967032967034
0.037499999999999985
0.20888888888888887
-0.028059440559440565
0.17
0.029836309523809515
0.0
-0.03888888888888889
0.1130952380952381
-0.041218637992831535
-0.3035714285714285
0.04874007936507937
0.09090909090909091
-0.16203703703703706
0.12354215874564711
-0.5
0.0
0.2285
-0.1875
0.043750000000000004
0.044995238095238095
0.021111111111111126
-0.48333333333333334
-0.17857142857142858
-0.18000000000000002
0.06192307692307692
-0.12108843537414965
0.3071428571428571
0.046938775510204075
-0.14583333333333334
-0.12782539682539681
-0.17499999999999996
0.09848484848484848
0.2033333333333333
-0.2
-0.003231292517006807
1.0
-0.375
-0.125
0.32
-0.1
-0.012499999999999997
0.2166666666666667
0.22999999999999995
0.22272727272727275
-0.03988095238095239
0.11483709273182958
0.07314814814814814
-0.19999999999999996
-0.1722222222222222
0.049576023391812864
-0.06041666666666666
0.016553287981859417
0.10500586015291892
-0.17
-0.06190476190476189
-0.016666666666666663
0.07904040404040404
-0.08333333333333334
-0.135
-0.03333333333333333
-0.033333333333333326
-0.023966942148760342
0.0
0.022243107769423558
0.10250000000000001
-0.03904761904761904
0.0
0.009523809523809526
0.06684981684981685
0.0
0.1344191919191919
-0.25
-0.027380952380952384
-0.12424242424242427
0.12357142857142858
0.27708333333333335
0.11323980546202772
0.2
-0.09935897435897435
0.05075757575757577
-0.125
-0.16666666666666666
0.35
0.21717777777777772
0.06499999999999999
0.0892104272539055
0.24000933706816052
0.06482919254658384
-0.042555555555555555
0.16970443349753694
-0.03333333333333333
0.20000000000000004
0.034722222222222224
-0.075
-0.625
-0.07000000000000002
0.07829775588396277
-0.030231013842124947
-0.10000000000000002
-0.13333333333333333
-0.049999999999999996
0.04552696078431375
0.8
0.1333333333333333
0.09131578947368423
0.13333333333333333
0.0
0.31428571428571433
0.24545454545454548
-0.12638888888888888
0.65
-0.013015245623941272
0.05000000000000002
0.0025000000000000022
0.1948051948051948
0.140625
0.25
0.11603641456582632
0.20000000000000004
0.0
-0.11875000000000001
0.5
0.33055555555555555
0.34375
0.06086201298701299
-0.09111111111111111
-0.049999999999999996
-0.2
-0.0814172335600907
0.2583333333333333
0.06153846153846155
-0.095
0.2777777777777778
-0.5
0.203125
0.0
-0.023809523809523805
0.103125
-0.16666666666666666
0.09404761904761905
0.1292493686868687
0.17166666666666666
0.10685425685425688
-0.0048076923076923244
-0.32037037037037036
0.0
0.26467803030303033
0.09999999999999999
0.0
-0.039842857142857124
-0.22291666666666665
0.09373278236914602
0.01944444444444444
-0.6166666666666667
-0.275
-0.21833333333333332
0.05116297636789441
-0.35000000000000003
0.0031174110442403103
-0.014009233587885282
-0.004166666666666666
-0.06666666666666668
0.1555555555555555
0.0
0.02666666666666667
-0.04285714285714286
-0.33194444444444443
0.025819088319088315
-0.2
-0.033968253968253974
0.20798611111111112
-0.07500000000000001
0.07375
0.3787317620650954
-0.02045454545454545
0.015137025672739958
0.1798611111111111
0.028653846153846148
