0.125
0.5
0.11375
0.07222222222222224
-0.0375
-1.586032892321652e-17
0.1693181818181818
0.0
-0.5222222222222223
0.26375000000000004
0.07142857142857142
-0.011111111111111108
0.06944444444444445
0.16818181818181818
0.0047619047619047545
0.12083333333333333
0.057797361368789955
0.35
0.0
0.13611111111111113
0.014921946740128556
0.0655357142857143
0.1
0.03139880952380952
0.35
0.14411764705882357
0.0
0.125
0.25
-0.18061224489795918
0.0375
-0.03125
0.13999999999999999
-0.40625
-0.08333333333333336
-0.25
0.033154962321629
0.5
0.0
0.4298611111111111
-0.008333333333333323
0.00589225589225589
-0.08333333333333333
0.10000000000000002
0.18517316017316018
-0.0625
0.5
0.095
-0.10227272727272728
-0.23636363636363633
0.08333333333333333
-0.04583333333333334
0.1
-0.2272727272727273
-0.29799999999999993
-0.5
-0.008333333333333314
0.3071428571428571
-0.015000000000000001
0.0
-0.04
0.0
0.027000000000000003
-0.06916666666666665
-0.025
0.25
0.026623376623376625
-0.15928571428571428
0.07214285714285713
0.0003787878787878825
0.06666666666666667
0.14785431959345002
-0.07029220779220781
0.029166666666666674
0.03714285714285713
0.15833333333333333
0.21704545454545454
0.2916666666666667
-0.11891025641025643
0.1
-0.06666666666666667
0.06
0.325
-0.05454545454545454
0.0
0.19583333333333333
0.3
-0.06749999999999998
-0.06
0.07500000000000001
-0.36249999999999993
0.04242424242424242
-0.049999999999999996
0.2
0.12555555555555556
0.28253968253968254
0.2359375
0.18999999999999997
-0.13333333333333333
0.02814814814814815
-0.009090909090909094
-0.03833333333333331
0.5
-0.020833333333333332
0.1638888888888889
-0.08343663911845729
0.01666666666666668
-0.27777777777777773
-0.21666666666666665
-0.3
-0.1
-0.01416666666666666
0.07833333333333334
0.07604166666666667
0.05
0.21666666666666665
-0.056818181818181816
-0.05
-0.29444444444444445
-0.04444444444444445
-0.0900595238095238
-0.1
0.06715121136173768
0.15327380952380953
0.125
-0.015000000000000006
-0.10583333333333333
0.12166666666666667
-0.14242424242424243
0.08958333333333332
-0.037500000000000006
-0.15000000000000002
-0.03833333333333334
-0.10476190476190474
0.1
0.4663265306122449
0.35833333333333334
-0.08673295454545453
0.3450000000000001
-0.1077601410934744
-0.049999999999999996
0.09791208791208791
-0.015972222222222224
0.013257575757575754
0.12592592592592597
-0.13
-0.0875
0.125
0.0
-0.0625
0.24313186813186813
0.2
0.11944444444444441
0.18750000000000003
0.1025
-0.15555555555555559
-0.2
0.06617965367965367
0.44999999999999996
-0.2
0.13520622895622897
0.055995670995670994
0.019999999999999997
0.3
-0.05
0.2
-0.023636363636363643
0.1536178107606679
0.030681818181818178
-0.375
0.12619047619047621
0.0033333333333333214
0.061309523809523814
0.11013333333333336
-0.10136054421768706
0.13258928571428572
0.04688888888888889
0.020000000000000004
0.1679407166907167
0.31666666666666665
-0.16666666666666663
0.44000000000000006
0.16782581453634085
0.02661064425770307
0.2
-0.29999999999999993
0.45
0.0423611111111111
0.0
-0.09319727891156461
0.14444444444444446
0.3
0.05000000000000001
0.0488377192982456
0.15892592592592597
-0.29250000000000004
0.06555555555555555
-0.22666666666666666
-0.07692307692307693
0.07499999999999998
0.001388888888888884
0.07975238095238096
0.19104761904761905
-0.40625
-0.22499999999999998
0.08750000000000001
-0.2
-0.037500000000000006
0.1111111111111111
0.0
0.1650472983806317
0.011265432098765453
0.09635416666666667
0.19047619047619047
0.16222222222222218
0.08298611111111111
0.1
-0.15555555555555556
0.10555555555555556
0.0837962962962963
0.052884615384615384
0.03022727272727273
0.031250000000000014
0.09916666666666668
0.0909090909090909
0.3
0.1053030303030303
0.04818917410714285
0.07329545454545455
0.26666666666666666
0.4142857142857143
-0.04747474747474748
-0.041666666666666664
0.14523809523809522
0.125
0.14659090909090908
0.10606060606060606
0.030591630591630597
-0.41666666666666663
0.06249999999999999
0.1288888888888889
-0.0035714285714286004
0.0
0.17272727272727273
-0.1
-0.2611111111111111
0.13333333333333333
-0.14907407407407405
0.020707070707070712
0.03885185185185185
0.07487528344671203
-0.4
0.2035714285714286
0.18333333333333335
0.09908500590318771
-0.09027777777777779
0.0
-0.09166666666666667
0.9099999999999999
0.20156249999999998
0.18888888888888888
-0.3333333333333333
0.024999999999999994
0.2549107142857143
-0.03432539682539682
0.25
0.21250000000000002
0.040162337662337656
0.08291005291005292
0.19650793650793652
0.05
0.39999999999999997
0.25757575757575757
0.02777777777777777
-0.27499999999999997
0.17470760233918128
-0.10937499999999999
0.04375000000000001
0.1828125
0.125
0.480952380952381
0.12615864527629236
-0.03208333333333334
-0.001428571428571418
0.14848484848484847
0.325
-0.08333333333333331
0.2785714285714286
0.35
0.050702947845804994
0.016666666666666677
0.21363636363636362
0.0016025641025641053
0.2714285714285714
0.023333333333333338
-0.07756892230576444
0.1676252319109462
0.24666666666666665
-0.15
-0.3
-0.0362962962962963
0.042857142857142864
0.09622668997668998
0.1
0.011111111111111113
0.032986111111111105
0.06868686868686869
0.09346560846560846
0.2618371212121212
0.1625
0.2333333333333333
0.01613636363636364
0.185
-0.023809523809523805
0.18392857142857144
0.028787878787878775
0.20256410256410257
-0.16666666666666666
0.0
0.014814814814814808
0.0026556776556776506
0.2
-0.11818181818181817
0.24916666666666668
0.15
0.3666666666666667
0.1791666666666667
0.024999999999999994
0.12604166666666666
0.2427083333333333
0.06666666666666665
-0.05458333333333334
0.05208333333333333
0.21341991341991348
0.0
0.17628205128205127
0.055291005291005314
-0.011469534050179206
0.06666666666666667
0.15555555555555556
0.10357142857142856
0.033333333333333326
0.0
-0.42499999999999993
0.8
0.10637254901960784
-0.1
0.13720238095238096
0.5
0.028409090909090915
-0.008099415204678363
0.09285714285714287
0.008333333333333331
-0.012499999999999997
0.0
0.07500000000000001
0.1337142857142857
-0.04181623931623932
0.10952380952380955
0.07466666666666667
0.13881506090808418
0.04580357142857142
-0.5
0.027380952380952377
0.1
0.1026068722943723
0.18964912280701754
-0.07935606060606061
0.022934027777777775
0.12712208962208965
-0.25625
0.04394736842105264
0.0
-0.3785714285714285
0.09074074074074077
-0.01714002267573697
1.0
0.6
-0.17500000000000002
0.0
-0.0375
0.1348782016594516
0.125
0.11666666666666668
2.7755575615628914e-17
-0.1
0.15326530612244899
0.3277777777777778
0.0625
0.14444444444444446
0.6
0.15
0.20005952380952383
0.11736111111111112
0.3333333333333333
0.010000000000000004
-0.003650793650793661
0.05770884520884521
0.04839065255731925
0.06000000000000001
-0.026229603729603722
0.17291666666666664
0.2
0.31428571428571433
0.10491854636591479
-0.1
0.02500000000000001
-0.041666666666666664
0.026785714285714284
0.2714285714285714
0.0636904761904762
0.14494318181818178
0.23079365079365077
0.12380952380952381
0.45
-0.00952380952380952
0.0
0.11111111111111112
0.0
0.23333333333333334
0.09993961352657003
0.3125
0.14791666666666667
0.37777777777777777
-3.96508223080413e-18
0.09999999999999999
0.11666666666666665
-0.003846153846153841
0.10333333333333333
0.09854096520763188
0.25
0.1644736842105263
0.095
-0.1292534722222222
0.07842698967698968
0.19462454212454214
0.16228070175438597
0.11904761904761905
0.25755208333333335
-0.35000000000000003
0.0
-0.2333333333333333
0.03
0.2317384370015949
-0.0009999999999999937
0.009876543209876545
0.14444444444444443
-0.08750000000000002
0.0
0.020421245421245442
-0.20833333333333334
-0.0912037037037037
-0.011249999999999996
-0.29416666666666674
-0.175
0.0675925925925926
0.14900000000000002
-0.012500000000000002
0.24
0.16
0.12767857142857142
0.1813131313131313
-0.004012345679012353
-0.30833333333333335
0.10720317672523552
0.11875
-0.05824561403508772
0.125
0.0725
0.08750000000000002
0.13333333333333333
0.1261363636363636
-0.09999999999999999
0.12467532467532466
0.5
-0.21071428571428572
0.022424242424242433
0.25
0.21818181818181823
0.1
0.14791666666666667
-0.033333333333333326
-0.0875
0.0
0.052248677248677246
-0.09999999999999999
-0.15
0.03668831168831169
0.3625
0.15000000000000002
-0.08
0.5
0.125
0.17108680792891318
-0.07129629629629629
-0.10077838827838828
-0.07916666666666666
-0.0014315230224321144
0.062175324675324675
-0.035535714285714295
0.11268115942028986
0.15510204081632653
0.2555555555555556
0.0
0.09642857142857145
0.2833333333333333
0.12308802308802308
0.13
0.5
0.0773809523809524
0.35000000000000003
-0.0651875901875902
0.07500000000000001
0.15834165834165834
0.10112244897959181
0.19999999999999998
0.22348484848484845
0.0
0.09821428571428571
0.27999999999999997
-0.1638888888888889
-0.08125
0.07257696007696007
0.0
-0.3
0.011952861952861962
-0.2375
-0.2182823129251701
0.375
0.045833333333333344
0.10109022556390979
-0.16285714285714284
0.050000000000000024
0.2
0.07768065268065268
-0.0873690476190476
0.1641025641025641
0.11346153846153847
-0.1943922305764411
-0.17638888888888885
-0.36666666666666664
-0.08472222222222221
0.012499999999999989
0.2
0.019299450549450557
-0.008071428571428587
-0.33809523809523806
0.013333333333333326
0.03596491228070174
0.3087301587301587
0.09312121212121209
-0.2111111111111111
0.014285714285714282
0.11249999999999999
-0.12979166666666667
0.16
-0.11577380952380953
0.20833333333333334
-0.11363636363636363
0.07604166666666666
0.2833333333333333
-0.17406994047619048
-0.5
0.07500000000000002
0.22791666666666666
-0.3333333333333333
-0.016666666666666677
0.0
0.25
0.05714285714285715
0.2
0.03750000000000003
0.2611111111111111
-0.5
0.1
0.028571428571428564
-0.17142857142857143
0.042765567765567766
-0.4
0.16
-0.6
-0.008035714285714292
0.0
0.04
0.375
-0.4
-0.15
0.09248270886201923
0.0
0.13562500000000002
0.125
0.2875
0.10496913580246912
0.2
-0.12
0.3
0.2138888888888889
-0.14166666666666666
0.03101851851851851
0.05774410774410774
0.24458333333333335
-0.22045454545454551
0.16718750000000002
0.029854096520763183
0.11525119617224881
-0.01071428571428571
-0.05667948717948718
0.28125
0.10912698412698414
-0.023854617604617604
0.1621212121212121
0.1621212121212121
-0.2708333333333333
-0.24999999999999992
0.12305194805194804
0.06000000000000001
0.20909090909090908
-0.05096153846153847
-0.17
0.15694444444444447
0.2375
0.0875
0.04791666666666667
0.1432905982905983
0.07530295321253501
0.4018518518518519
0.2001851851851852
0.5
-0.01507936507936509
0.03333333333333336
-0.2069444444444445
-0.006148216862502586
0.17142857142857143
0.06326022833375776
-0.07960927960927962
0.23946031746031746
-0.2108374384236453
-0.0016504329004329021
-0.023231132075471693
0.07500000000000001
-0.25
-0.16428571428571428
0.05000000000000002
-0.05
0.22555555555555554
0.1
0.014912280701754385
0.04803240740740741
0.11666666666666665
0.0
-0.020844155844155852
-0.049999999999999996
-0.15000000000000002
-0.15000000000000002
0.2
0.06666666666666671
-0.011904761904761862
0.03660714285714286
0.25
0.0
0.25
0.5
-0.46875
0.036388888888888894
0.10951704545454546
0.18333333333333335
0.18677156177156176
0.018589743589743593
0.07484848484848486
0.02666666666666666
-0.2333333333333333
0.13914983164983163
0.21666666666666667
0.2202380952380952
-0.2375
0.15466931216931215
0.23214285714285715
-0.13888888888888887
0.19682539682539685
0.25
0.16666666666666666
0.3307142857142857
0.103125
-0.07855555555555556
0.075
0.425
0.0012987012987012941
0.08333333333333333
0.2878787878787879
0.2
0.37
0.09490740740740744
0.17936507936507937
-0.08167361111111113
0.02100694444444444
-0.2125
0.1605820105820106
0.15466931216931215
0.26666666666666666
-0.125
0.04060606060606061
0.0446969696969697
-0.10347222222222226
0.17393939393939395
0.3517857142857143
-0.13171768707482995
-0.05346825396825396
0.039208074534161516
-0.016666666666666666
-0.00856481481481482
0.006249999999999999
-0.10693108974358978
-0.14333333333333337
-0.32
-0.04141975308641975
0.20606060606060606
0.027380952380952377
-0.06208333333333332
0.1384126984126984
-0.09375
0.19166666666666665
0.03333333333333333
0.1436688311688312
0.0
-0.004761904761904763
-0.008823529411764706
0.016983657368272745
-0.10047619047619047
-0.21666666666666665
-0.060897435897435896
0.13333333333333333
0.0874223602484472
-0.10520833333333332
0.575
-0.09969474969474972
-0.16666666666666666
0.0559171597633136
-0.1800865800865801
-0.12075320512820513
-0.3125
-0.13407407407407407
0.07473958333333333
0.0035858585858585686
0.0333333333333334
0.15454545454545457
-0.13571428571428573
-0.5
-0.25
0.13943452380952384
0.06505787037037035
-0.25
-0.04575517075517075
0.12500000000000003
-0.078125
-0.0608695652173913
-0.14132996632996633
0.390625
0.1255
0.008562271062271067
-0.16666666666666666
-0.8
0.16666666666666666
0.0
0.1
-0.003373015873015874
0.0028571428571428524
-0.20728070175438598
0.0
0.05000000000000001
-0.002083333333333331
0.21000000000000002
0.1125
-0.05699588477366254
0.15499999999999997
0.058212560386473426
0.1939393939393939
0.042857142857142864
0.34099206349206357
0.049523809523809526
-0.11666666666666665
0.06666666666666667
0.25
-0.01989795918367347
0.012962962962962959
0.09999999999999999
0.11333333333333333
0.18333333333333335
0.028481240981240954
0.04656249999999999
0.13145238095238093
0.08094256598102752
-0.08645833333333333
0.18523809523809523
0.04393939393939395
1.0
0.0
0.25396825396825395
-0.32
-0.17777777777777778
0.03508771929824562
0.25
-0.11666666666666665
-0.1130952380952381
0.07083333333333332
0.15750000000000003
0.0
0.21711309523809524
0.0
0.1196825396825397
-0.08611111111111111
0.22556818181818183
-0.2
-0.09861111111111111
0.1619047619047619
-0.05
-0.01777777777777777
0.3214285714285714
-0.08305555555555555
-0.026018518518518514
0.04431818181818181
0.14108796296296294
0.07666666666666667
-0.3444444444444445
0.08481859410430838
0.07375000000000001
-0.25
0.07801190476190475
0.036785714285714276
-0.1225
-0.09999999999999998
0.03571428571428571
0.0
-0.05750000000000001
-0.028490259740259732
-0.5
0.03605358605358604
0.04466386554621847
0.11197916666666663
0.13333333333333333
0.275
-0.14166666666666666
0.03669331911869225
-0.27499999999999997
0.1984126984126984
0.225
0.0
-0.08696428571428573
-0.029999999999999992
0.55
-0.07361111111111113
-0.005382080382080383
-0.5
0.033333333333333326
0.0
-0.14880952380952384
0.1641025641025641
0.03289800995024876
0.09382716049382717
0.1
0.040346790890269164
0.0
-0.05
-0.049999999999999996
-0.19375
0.14166666666666666
-0.012499999999999997
0.13999999999999999
0.5
-0.030140692640692624
-0.14
0.10121243490808708
0.06666666666666667
0.03750000000000002
0.02607142857142856
0.0
-0.044257703081232495
-0.043611111111111135
0.02123015873015873
0.1976190476190476
0.2
-0.16666666666666666
-0.125
0.4166666666666667
-0.07043650793650795
0.16904761904761906
0.04377777777777778
0.3
0.3
0.2375
-0.19999999999999996
-0.25
-0.23750000000000002
0.1571428571428571
-0.09444444444444446
0.01666666666666666
-0.05
0.06805555555555555
-0.07142857142857144
0.1335271974402409
0.0
0.0963095238095238
0.5
0.11331168831168828
-0.13333333333333333
0.18714285714285714
0.1
-0.1865079365079365
-0.2333333333333333
0.3
0.042391304347826085
-0.13237012987012986
0.10378787878787878
0.07136054421768706
-0.19062500000000002
0.3333333333333333
0.009722222222222224
0.04999999999999999
0.00416666666666667
-0.35185185185185186
0.25
-0.03776515151515151
0.19795918367346937
0.09165386584741424
-0.04788961038961039
-0.056084656084656084
0.11462450592885375
-0.25
0.01923076923076924
0.09
0.0
0.0
-0.5250000000000001
0.41818181818181815
0.19666666666666668
0.042857142857142864
0.225
-0.23333333333333336
0.029017857142857144
0.2857142857142857
-0.5625
-0.1
0.27127976190476194
-0.09999999999999999
0.35
0.35
-0.0074074074074074086
-0.1125
-0.23333333333333336
0.16590909090909092
0.1383116883116883
0.0008551905610729111
0.007142857142857131
-0.017857142857142825
-0.08660714285714285
0.27499999999999997
-0.002754820936639121
0.01794871794871793
0.20520334928229664
0.20520334928229664
-0.6
0.0
-0.4000000000000001
0.025
0.27626262626262627
-0.125
-0.03492063492063492
-0.03775510204081633
-0.2333333333333333
-0.009425423061786696
0.01606737012987013
0.04407349896480331
0.17916666666666667
0.20959595959595959
6.661338147750939e-17
-0.1125
0.05079787234042554
-0.034999999999999996
0.29750000000000004
0.21456140350877195
-0.13833333333333334
-0.12187500000000001
-0.41428571428571426
0.07112068965517242
0.32656250000000003
0.0404040404040404
-0.018571428571428576
0.15
0.034430272108843536
0.16625
-0.08
-0.0375
-0.28124999999999994
0.13075757575757574
0.06240740740740741
-0.14440476190476192
0.006666666666666665
0.2
-0.015277777777777772
0.0
0.14999999999999997
0.14999999999999997
0.25
0.10000000000000002
0.0375
-0.5
0.15476190476190477
0.22896825396825393
0.027777777777777776
0.030555555555555558
0.0
-0.17013888888888887
0.14396133958633958
0.09999999999999998
0.14895833333333333
0.07027037290195184
-0.04595959595959596
-0.1958333333333333
0.12083333333333333
0.0
0.4
-0.07777777777777777
0.009179593554593548
-0.10625
0.05833333333333334
0.0
-0.009042230060748568
0.03333333333333333
-0.03333333333333332
0.29176177357995536
-0.07777777777777777
-0.09962121212121211
0.033454184704184695
0.1619047619047619
-0.10535714285714286
-0.008824344999043783
0.03500000000000001
-0.15111111111111114
0.1383814102564103
0.0
-0.1
0.07090277777777777
0.0
0.025
0.20015219155844155
0.03712121212121212
0.21428571428571427
0.3277777777777778
0.09583333333333333
0.0
-0.05675230566534914
0.34090909090909094
0.2392857142857143
0.21111111111111114
0.21398809523809523
0.057976190476190466
0.09872742400968207
-0.012499999999999997
0.03857142857142857
0.14666666666666667
0.32669841269841265
0.02305194805194807
-0.13749999999999996
0.2333333333333333
0.021875
-0.18310546875000003
0.08839285714285716
0.02416666666666667
-0.12638888888888888
-0.043070818070818064
-0.04166666666666668
0.0
-0.05258928571428573
-0.20285714285714285
0.1015625
0.10178571428571427
0.2708333333333333
0.12914502164502162
0.09272256728778469
0.0
0.0
-0.032822771364438036
0.10879120879120877
0.022039682539682522
-0.0016666666666666607
0.11374458874458872
-0.08137125220458553
0.225
0.11647560258671368
-0.12850877192982452
0.13611111111111113
-0.10833333333333335
7.936507936507168e-05
0.04107142857142855
0.0880952380952381
-0.25
-0.07708333333333335
0.060147843798286284
0.08988095238095237
0.03333333333333333
0.21666666666666667
0.0880952380952381
0.19107142857142856
0.005411255411255403
0.16285714285714287
-0.16666666666666666
0.19230769230769226
-0.05624999999999999
0.19166666666666665
0.022727272727272728
0.06666666666666667
0.35
0.12366666666666663
0.1
-0.5
-0.060218253968253956
0.07017195767195768
0.26437499999999997
-0.0375
-0.006464646464646469
0.05248241341991342
0.04953703703703704
0.041341991341991347
-0.125
0.12604866397969847
0.0
0.18831168831168835
-0.028611111111111115
0.10909090909090909
-0.018181818181818177
0.14752791068580542
-0.11833333333333333
0.15063492063492065
0.033333333333333326
0.13333333333333333
-0.11402288188002473
0.12067550505050505
-0.08888888888888889
0.2174404761904762
0.04702380952380952
0.15
-0.04999999999999999
0.14457671957671958
0.08508771929824561
0.18
-0.08409090909090909
0.006060606060606067
0.2
-0.12999999999999998
-0.03424744897959185
-0.10833333333333334
0.09999999999999999
0.08913029100529103
0.4714285714285714
0.12666666666666668
-0.08281250000000001
0.05584231805929918
0.0
0.08000000000000002
0.12500000000000003
-0.020681818181818187
0.15879629629629632
0.5666666666666667
-0.2625
-0.25
0.2
0.02999999999999998
0.35
0.4
0.14868197278911569
0.013523065476190463
0.031101190476190484
0.45625000000000004
0.14155505952380953
0.10699404761904763
0.0
-0.1138888888888889
-0.023265294646873585
0.1625
0.13416666666666668
-0.07083333333333333
0.325
0.0
0.041666666666666664
0.125
0.0
0.03676470588235294
-0.1279239766081871
0.13333333333333333
0.031794131794131805
0.1
-0.06666666666666667
0.10694444444444444
-0.06174242424242425
0.21666666666666667
-0.011507936507936498
0.25
-0.04208333333333334
0.14543269230769232
-0.05284090909090909
0.08055555555555556
0.3
0.18666666666666668
0.07666666666666666
0.20082417582417583
0.11874999999999998
0.10017006802721089
0.2416666666666667
0.033333333333333326
0.15227272727272728
-0.5
0.04642857142857142
0.0
0.20555555555555557
-0.0625
0.2175
0.5
0.3261904761904762
-0.0038419913419913436
0.22083333333333333
0.23350000000000004
0.18888888888888888
0.04523809523809525
0.30000000000000004
0.0090909090909091
0.018181818181818174
0.1522727272727273
-0.07088088193857424
0.29
-0.01651343532411494
0.07797619047619049
-0.10572916666666667
0.0
0.0
-0.11666666666666668
0.12215584415584414
-0.5
-0.26666666666666666
-0.07499999999999996
0.03333333333333334
0.02722734254992319
-0.09007936507936509
0.056818181818181816
0.024999999999999994
0.0
0.0
0.12148760330578513
0.10555555555555556
4.163336342344337e-17
-0.020200000000000006
0.1625
0.04670454545454546
0.0013605442176871016
-0.15625
0.05555555555555555
0.024572649572649565
0.11203703703703705
0.01339285714285716
-0.1265625
0.4
0.09951790633608816
-0.03225490196078433
-0.22992424242424245
-0.18666666666666665
0.171875
0.025000000000000005
0.004336734693877552
0.2875
0.13095238095238096
0.25833333333333336
0.19999999999999998
-0.071875
-0.026666666666666658
0.01128507295173963
0.07670068027210884
0.03333333333333333
0.25
0.14488636363636365
0.1625
0.1375
-0.16999999999999998
0.036111111111111115
-0.10107753357753357
-0.2333333333333333
0.3666666666666667
0.10699953199953201
0.019047619047619042
0.21380208333333334
-0.061564625850340136
-0.07045454545454545
0.09642857142857143
-0.5
0.15
0.05286706349206348
0.10909090909090909
0.10553830227743273
0.12962962962962965
-0.12142857142857144
-0.04221014492753623
0.0
0.0
-0.5
-0.027777777777777773
0.116025641025641
-0.2111111111111111
0.0892156862745098
-0.32
-0.21825396825396826
0.22968750000000004
0.06461538461538464
0.072953216374269
0.2833333333333333
0.2333333333333333
-0.10909090909090909
-0.0706140350877193
-0.007708333333333336
0.21458333333333338
0.1205079365079365
0.06508387445887448
0.02490079365079365
-0.053571428571428575
-0.10833333333333332
-0.28181818181818175
0.09389880952380954
0.0980952380952381
-0.14166666666666664
0.05
0.4090909090909091
-0.06892428142428142
-0.4
0.375
0.17552083333333335
-0.03593749999999998
0.04015151515151513
-0.02187499999999998
0.16517857142857142
0.24285714285714285
0.34074074074074073
0.08786868686868686
0.13392857142857142
0.1388888888888889
0.32857142857142857
-0.005520833333333336
-0.04166666666666664
-0.5
0.3648148148148148
-0.10000000000000002
0.18
0.07500000000000002
0.12710526315789472
0.03971861471861471
0.10644325912183054
0.2191558441558442
0.06393939393939393
-0.10606060606060606
-0.056249999999999994
0.27954545454545454
0.14373840445269018
0.02440476190476191
-0.07083333333333335
-0.28051948051948056
0.03571428571428571
0.13541666666666666
0.07601190476190475
0.15
0.265
-0.0775
0.12666666666666665
0.25
0.6
0.2528138528138528
0.18988095238095237
0.05555555555555555
0.236875
0.12115384615384617
0.0
0.042857142857142864
0.10969174503657261
-0.1875
-0.65
-0.10919413919413919
0.20833333333333331
0.24000000000000005
0.0
0.11222222222222222
-0.13333333333333333
0.03211111111111111
0.0
0.03975155279503106
0.13333333333333336
0.05408163265306122
-0.05
0.5
0.12
0.09861111111111114
0.07521692768016298
0.34375
-0.11249999999999999
0.07541959406713505
0.1303030303030303
0.07989087301587301
0.07083333333333333
0.0
0.075
-0.17399068322981362
0.4000000000000001
-0.13333333333333333
-0.06631944444444443
-0.5
0.02
0.06746794871794871
0.12896258503401362
0.01428571428571431
-0.045454545454545456
0.07596153846153846
0.10833333333333334
0.20735930735930733
-0.017013888888888884
-0.09375
0.2987012987012987
0.08335421441303793
0.03376623376623377
-0.625
0.1252922077922078
-0.18125000000000002
0.0
0.10611896273660978
0.27321428571428574
0.0559375
0.11091269841269841
0.011111111111111118
0.4166666666666667
-0.1078125
0.45833333333333337
0.03125
0.011111111111111115
-0.009090909090909089
-0.1725
0.175
0.05694262602799188
0.13148148148148148
-0.02214285714285715
0.0
-1.0
0.3333333333333333
0.1366883116883117
0.0
0.2
-0.07857142857142858
0.21875
-0.025
-0.10238095238095238
0.08281250000000001
0.016666666666666673
0.061805555555555544
0.2625
-0.13333333333333336
-0.1675925925925926
0.175
-0.03242630385487527
0.325
0.13472222222222222
0.11904761904761903
0.13636363636363635
0.011904761904761895
0.19212962962962965
-0.003976270642937312
0.11089743589743589
0.16666666666666669
-0.41999999999999993
0.059115995115995114
0.033333333333333326
0.11833333333333333
0.0
0.2
-0.1019047619047619
0.36
-0.07499999999999996
0.16249999999999998
-0.2916666666666667
0.3416666666666667
0.5
-0.7999999999999999
-0.125
0.04441964285714285
0.1168560606060606
0.0
-0.0625
0.2
0.08333333333333336
0.1
0.039734042553191525
-0.00813492063492064
0.05
0.177536231884058
0.1
0.2
-0.14948979591836734
-0.062499999999999986
-0.09999999999999999
0.21964285714285717
0.1
0.15714285714285717
-0.0030612244897958996
0.08928571428571429
0.03666666666666668
0.15999999999999998
0.325
0.08928571428571429
-0.031544612794612785
-0.12999999999999998
0.0
0.04662698412698413
0.08333333333333333
0.1875
0.0
-0.04183673469387756
0.06492368742368743
0.012648809523809534
0.03649999999999998
-0.039942795299938154
-0.0167989417989418
-0.13306182121971596
-0.11570512820512821
0.4666666666666666
0.0
-0.30000000000000004
0.10285714285714284
0.07727272727272727
0.02316017316017316
0.0
-0.26085714285714284
0.2
-0.13111111111111112
-0.75
0.07924297924297924
0.04939814814814815
0.2375
0.10363636363636364
-0.13625
0.27142857142857146
-0.00500000000000001
0.03159722222222222
0.08750000000000001
-0.3166666666666666
-0.5
-0.009624642206609418
-0.06799999999999999
0.04
0.21624999999999997
-0.25
0.08888888888888886
-0.033333333333333354
0.06931818181818182
0.23137254901960783
-0.09444444444444444
-0.033333333333333326
-0.1125
0.2833333333333333
-0.016666666666666663
0.2690909090909091
-0.0625
-0.02447916666666667
0.2833333333333333
0.7
0.25
0.09375
-0.3972222222222222
0.04549385799385798
0.1707575757575758
-0.5
0.12142857142857143
0.2
-0.17962962962962964
0.24285714285714285
0.10347222222222223
-0.0027777777777777866
0.07576923076923078
0.11463120213120213
-0.01727053140096619
0.011772727272727268
0.2453125
0.375
0.14345238095238094
-0.09305555555555556
0.2128586691086691
0.01931818181818181
-0.04019607843137255
-0.3
-0.08520431588613406
-0.07738095238095237
0.2928571428571428
0.027777777777777794
0.21333333333333335
0.15124999999999997
0.2305555555555556
0.4875
0.01632653061224489
-0.07857142857142857
0.058552631578947384
0.042857142857142864
-0.3479166666666667
0.033999999999999996
0.04091630591630591
0.05458333333333334
-0.07500000000000001
-0.3333333333333333
0.07083333333333332
-0.3
0.2
-0.2125
-0.125
0.3
-0.1280952380952381
-0.08499999999999999
0.4666666666666666
0.3416666666666667
0.4819047619047619
0.0
0.07368421052631578
-0.10790476190476192
0.0
0.0625
0.028728070175438575
0.0
0.044444444444444446
-0.125
0.12157951697425383
-0.075
0.22499999999999998
0.0
0.0
0.0
0.10141666666666667
-0.153125
-0.03958333333333333
0.7000000000000001
0.31666666666666665
0.05556110556110555
0.12994505494505496
0.11550054112554113
-0.031111111111111107
0.07417233560090704
0.05555555555555556
0.05000000000000001
0.030299422799422795
0.007142857142857136
0.17857142857142855
-0.13888888888888887
0.2886904761904762
-0.055555555555555546
-0.3166666666666667
-0.09343434343434344
0.125
0.36875
0.0
-0.32799999999999996
0.0
-0.06338383838383838
0.21764705882352942
0.2545454545454546
-0.07916666666666666
0.0
0.1
0.3
0.05909090909090909
-0.195
0.17291666666666666
0.0287037037037037
-0.08282828282828282
0.25
-0.15000000000000002
0.17753738685556866
0.07111111111111112
0.0042836257309941525
0.125
0.12976190476190477
0.12625
0.11827731092436974
-0.025493900039354596
0.09642857142857142
0.07828276914342489
0.07828276914342489
-0.2749999999999999
-1.982541115402065e-18
0.3
0.4204761904761905
0.08666666666666667
-0.04999999999999998
-0.10909090909090907
0.1428138528138528
-0.25
-0.3444444444444444
-0.06818181818181818
-0.4166666666666667
0.1142857142857143
0.07291666666666667
0.11575396825396828
0.35000000000000003
-0.0625
0.033333333333333326
0.035
-0.55
0.20714285714285713
-0.03333333333333333
-0.1
0.0
0.11047619047619048
0.024848484848484842
-0.19109347442680777
0.11333333333333333
0.3111111111111111
0.07912320483749054
-0.8
-0.16666666666666669
0.010714285714285704
-0.03333333333333333
0.4
0.22341269841269845
-0.0625
-0.0263888888888889
-0.04833333333333335
0.10511111111111111
0.12484126984126984
-0.55
-0.04166666666666663
-0.1722222222222222
0.36875
-0.55
0.12380952380952383
0.26666666666666666
0.36875
0.36875
0.36875
0.36875
0.15367965367965367
-0.0031250000000000028
0.36875
-0.033333333333333326
-0.008333333333333331
-0.3125
0.16727272727272727
0.07642045454545454
0.35
0.24208333333333334
0.05238095238095239
-0.3
0.1457282913165266
0.15531368102796672
0.0
-0.1357142857142857
0.3
0.05000000000000002
0.6
0.0
0.22666666666666666
0.18376623376623377
0.1857142857142857
0.2
0.08194444444444444
-0.011304604486422665
0.039976689976689975
-0.125
0.16038461538461538
-0.004933333333333326
0.11415289256198347
0.16999999999999998
0.7
0.0
0.22132867132867132
0.09792207792207792
0.023214285714285722
-0.019999999999999973
0.033333333333333326
-0.2175
0.2
0.0015714285714285875
-0.1661989795918367
0.01666666666666668
0.12625
0.26
0.037500000000000006
-0.5
0.16666666666666666
-0.4
-0.03304112554112553
0.26640624999999996
0.03773333333333334
0.08452380952380951
0.1373015873015873
0.06897759103641456
0.015343915343915358
0.16156462585034012
0.07064126984126982
-0.0422360248447205
0.0780801209372638
0.2
0.2
-0.3125
0.16666666666666666
0.0642857142857143
-0.2
0.16547619047619047
-0.07142857142857142
0.03766233766233767
0.025409694472194492
0.06904761904761904
0.060714285714285714
0.15
0.041666666666666664
0.0007142857142857173
0.07828276914342489
0.07749084249084248
0.07828276914342489
0.07828276914342489
0.19166666666666665
0.14448924731182797
0.09725829725829725
0.2604166666666667
0.07828276914342489
0.08433402346445824
0.12261904761904761
-0.00018115942028985925
0.2857142857142857
0.0715686274509804
-0.09999999999999999
0.14444444444444446
-0.23125
0.20916666666666667
0.16633333333333336
-0.14972222222222223
0.03492063492063493
0.025970017636684304
0.014625850340136054
-0.05579861111111112
-0.013020833333333336
0.13999999999999999
0.10133928571428572
0.038034188034188024
-0.022291666666666664
0.0577300785634119
0.22746212121212123
0.11309523809523811
0.2020833333333333
0.0
-0.2994897959183674
-0.12083333333333333
0.0
0.1257936507936508
0.018518518518518524
0.10312500000000001
0.3125
0.0
0.14375
0.24120879120879124
0.05844155844155845
0.019861111111111118
0.10781084656084655
0.12366648209671464
0.04464285714285714
-0.04954212454212452
-0.06666666666666667
0.0
0.0
-0.2166666666666667
0.016666666666666673
0.30727272727272725
-0.25
0.03136863136863136
0.05303030303030302
-0.009722222222222224
0.0
0.0
-0.09722222222222222
0.11252705627705627
0.08854166666666666
0.0
-0.1566666666666667
0.10133928571428572
0.0
-0.06666666666666667
-0.056249999999999994
0.10133928571428572
0.2039454372787706
0.10133928571428572
0.08988562091503269
0.04
0.303125
-0.012500000000000011
0.11041666666666666
0.021527777777777774
0.3468055555555556
0.15060185185185188
0.09375
0.005357142857142848
0.1884848484848485
0.025
0.08818102796674229
0.008749999999999997
0.31666666666666665
0.028108974358974345
0.20472222222222225
0.10963128306878306
-0.31
0.2469387755102041
0.06571428571428573
0.11739510489510491
0.1069135802469136
-0.10555555555555557
0.1036044973544974
0.25476190476190474
0.15
0.2708333333333333
0.030952380952380964
0.0236111111111111
-0.10357142857142855
-0.26666666666666666
0.0
0.1619047619047619
0.036904761904761905
-0.10729166666666667
0.3
0.15945378151260506
0.3
0.06666666666666667
0.06695436507936507
0.39285714285714285
-0.215625
0.22666666666666668
0.14771739130434786
0.5
0.04318181818181818
-0.04149999999999999
0.14366496598639458
0.2175
-0.5
1.0
0.16249999999999998
0.10666666666666669
0.19999999999999998
0.10773809523809526
-0.15000000000000002
0.121875
0.0
0.041666666666666664
0.25138888888888883
0.3065306122448979
0.4000000000000001
0.2375
0.0
-0.028472222222222232
0.0
-0.06333333333333332
0.4666666666666666
0.20833333333333334
0.03928571428571429
-0.04708333333333333
-0.009821428571428578
0.10403114478114475
-0.06633928571428571
0.0
0.26029684601113173
0.2
0.07323412698412698
-0.22666666666666666
-0.00857142857142858
-0.045564213564213536
0.36874999999999997
-0.021212121212121217
-0.1488425925925926
-0.13333333333333333
0.1667207792207792
0.10000000000000002
-0.027083333333333327
0.05
0.06507936507936507
-0.08333333333333333
0.25849702380952383
-0.3
0.18677409988385596
0.18386556036556032
-0.049999999999999996
0.10089031339031337
0.07030677655677656
0.125
0.13333333333333333
0.0142857142857143
-0.09999999999999992
0.14666666666666667
0.3093073593073593
0.28727272727272724
0.04007936507936509
0.33749999999999997
-0.033333333333333326
0.07642045454545454
0.24166666666666667
-0.12738095238095237
0.03750000000000001
0.0
0.0
-0.04836601307189545
-0.08333333333333334
-0.5
0.2539473684210526
0.1
0.126005291005291
0.22607142857142856
0.15
0.03750000000000001
0.09911931818181818
0.025454545454545452
0.14375
0.0009722222222222187
0.5
0.04463383838383839
0.016666666666666666
0.0
0.24285714285714285
0.057142857142857134
0.21505875077303646
-0.175
0.4083333333333334
-0.060064935064935064
-0.03529411764705883
0.033333333333333326
0.06708333333333336
0.030000000000000006
0.23010204081632651
0.08407029478458049
0.11685773074661965
0.08677248677248678
0.25
-0.006944444444444457
0.27530864197530863
-0.019999999999999997
0.0785714285714286
0.06383928571428571
0.22633333333333336
0.21973885682219016
0.08072390572390574
0.09587737912205999
-0.22222222222222218
0.2305194805194805
0.08613291470434328
0.11714285714285713
-0.018750000000000003
-0.16666666666666666
0.021602564102564094
-0.044444444444444446
0.03680555555555554
0.09333333333333334
0.09357142857142857
0.0957936507936508
0.14185606060606062
0.08333333333333333
0.03733766233766233
0.10448717948717948
0.13551111111111114
0.040000000000000015
-0.1
-0.31666666666666665
-0.2052083333333333
0.0736111111111111
-0.1
0.0903409090909091
0.21428571428571427
0.07647058823529414
-0.16378968253968254
0.04615384615384616
0.07582417582417582
0.19523809523809524
0.06363636363636363
0.07380952380952381
-0.03941176470588235
0.18284632034632034
-0.10054347826086957
0.11291666666666667
0.45
0.13782738095238095
0.25789062500000004
0.0
-0.05
0.17947330447330448
0.15009589947089952
-0.445
-0.09761904761904763
0.03928571428571429
0.03928571428571429
0.5
-0.0030303030303030234
-0.08634920634920636
0.13750000000000004
0.0
0.011111111111111108
0.05
0.2
-0.06656250000000001
0.06000000000000001
0.29404761904761906
0.12608225108225107
0.05
-0.20714285714285716
0.1115079365079365
0.030000000000000006
0.06666666666666667
-0.5249999999999999
0.05416666666666667
0.19444444444444442
-0.08492063492063492
0.7
0.11666666666666665
-0.10138888888888889
-0.0246031746031746
0.35
1.0
0.055639730639730635
0.10740740740740741
0.18666666666666668
0.0898809523809524
0.3
0.10922619047619048
0.22870370370370371
0.03541666666666667
-0.010000000000000004
-0.10227272727272728
-0.27499999999999997
0.10634920634920636
0.4000000000000001
-0.01746031746031746
0.10857142857142858
0.16481481481481483
0.25
0.1115079365079365
0.7
-0.3333333333333333
0.15555555555555556
0.0
0.11793154761904762
0.25
0.08703703703703702
0.02291666666666667
-0.15
0.018384740259740257
0.125
-0.8
0.26875
-0.16071428571428573
0.05555555555555556
0.06124338624338624
-0.028417818740399385
0.043019480519480506
0.19374999999999998
0.014238095238095237
0.005952380952380955
0.03333333333333334
0.04338624338624337
-0.2625
0.006250000000000002
-0.12805555555555553
0.1345996732026144
0.11982142857142855
0.0020000000000000018
-0.20833333333333334
-0.02943181818181819
0.1375
0.08526785714285713
-0.14148550724637682
0.25
0.2333333333333333
0.14444444444444443
0.06
0.040587797619047614
-0.08119047619047619
0.0
-0.019047619047619053
0.05510204081632653
0.12812500000000002
0.033333333333333326
-0.03219696969696971
0.10744047619047618
0.0459269781144781
0.014583333333333323
-0.23750000000000002
-0.5
0.032857142857142856
0.08653846153846155
0.08724489795918368
0.19374999999999998
0.375
0.10961538461538459
0.17857142857142858
0.12
0.5
0.14021164021164023
0.10037037037037037
0.13124999999999998
0.09444444444444446
0.08680555555555555
0.03956916099773242
0.015625000000000007
-0.011111111111111096
-0.4
-0.18776455026455022
0.55
-0.0400793650793651
-0.08958333333333333
0.1392857142857143
0.075
0.1423076923076923
-0.248
0.2666666666666666
0.3466666666666667
0.027777777777777804
0.05000000000000001
0.059375
-0.10916666666666666
0.014393939393939396
0.65
0.046093750000000024
0.07222222222222222
0.0
0.06625290168768432
-0.019126984126984114
-0.0739766081871345
-0.08917460317460317
0.011111111111111108
0.1625
0.08472222222222221
-0.09285714285714285
0.014332386363636382
0.03399621212121213
0.1865740740740741
0.013081363081363073
-0.099375
0.08238673941798942
-0.22869868637110008
0.1
0.12126984126984128
-0.018379446640316204
-0.01946428571428572
0.27777777777777773
0.08439273049645389
-0.23333333333333336
-0.04555555555555557
0.11296296296296299
0.016631944444444453
-0.5166666666666666
-0.27777777777777773
-0.02000000000000001
0.0465040010494556
-0.06535714285714284
-0.03148148148148148
-0.375
0.25
0.10208333333333335
-0.0009259259259259226
-0.1625
-0.033333333333333326
0.009374999999999994
-0.029999999999999995
0.022727272727272728
0.0
0.26666666666666666
-0.013177695320552473
0.004761904761904761
-0.02916666666666666
0.05606060606060606
0.19654663518299878
-0.15448717948717944
0.0
-0.15625
0.06339285714285714
0.047098214285714285
0.03979591836734694
0.55
0.16153846153846155
-0.11770833333333335
0.15
0.23528471528471523
-0.053392857142857145
-0.08862554112554114
0.2831168831168831
0.225
-0.2638888888888889
0.0
-0.05
0.3116071428571429
-0.16666666666666666
0.07848639455782314
0.06548295454545455
0.375
-0.12857142857142856
0.30000000000000004
0.375
0.1564814814814815
-0.10204081632653061
0.11500000000000002
-0.8
-0.05
0.43278409090909087
0.04505494505494507
0.02500000000000001
-0.022222222222222223
0.33749999999999997
0.10833333333333334
0.10935592185592188
-0.2
0.016666666666666673
-0.09345238095238095
0.3333333333333333
-0.22499999999999998
-0.08333333333333333
0.16875
-0.19999999999999998
0.16623376623376623
-0.12569444444444444
0.1914231601731602
0.01428571428571429
0.1619047619047619
0.09666666666666666
-0.09464285714285713
0.0
0.04342857142857143
-0.3458333333333333
-0.3166666666666667
0.15917293233082708
0.0
0.025277777777777777
0.25
0.06666666666666667
0.3333333333333333
-0.05555555555555555
0.16462585034013608
0.010606060606060614
-0.03333333333333333
0.1109070294784581
0.07287878787878789
0.06069504569504569
0.26
-0.3499999999999999
0.19220140515222484
0.06999999999999999
-0.016666666666666663
0.03333333333333333
0.225
0.1768229166666667
-0.36666666666666664
0.020833333333333332
0.07083333333333335
-0.10138888888888888
0.08939393939393937
0.12243055555555556
0.0011375661375661482
0.13326330532212885
0.06244047619047619
0.15000000000000002
0.18666666666666665
-0.25
0.02500000000000001
0.1358333333333333
-0.5333333333333333
-0.3333333333333333
0.35
-0.1244047619047619
0.15714285714285714
0.315
0.43906249999999997
0.6
-0.04029761904761905
0.23154761904761903
0.3
0.24629629629629632
-0.0851851851851852
0.38809523809523805
0.1693121693121693
0.23759398496240602
0.12980952380952382
0.375
0.4083333333333334
0.13571428571428573
0.2125
0.26875
-0.3095238095238095
-0.18287037037037035
0.07272727272727274
0.18333333333333332
-0.016993464052287573
0.1
0.14285714285714285
0.2333333333333333
0.02857142857142858
0.1198888888888889
-0.050422619047619056
-0.04374999999999998
0.06298701298701298
0.06332288401253917
-0.08214285714285714
0.31666666666666665
0.0
0.0
-0.23124999999999998
-0.26666666666666666
-0.17500000000000002
0.3
-0.3333333333333333
0.07945736434108529
0.1291666666666667
-0.022861904761904764
0.10694444444444444
0.095
0.21274817136886104
0.30277777777777776
-0.0029761904761904817
0.2
-0.1575
-0.4
0.12153565732513101
0.05119457562639381
0.5
0.12919799498746867
0.11708754208754212
0.04
0.16805555555555554
-0.002906617192331508
0.29010989010989013
0.08833333333333333
0.3964285714285714
0.5
0.06033730158730158
-0.0058603896103896136
-0.25
0.06666666666666667
0.12141203703703701
0.0
0.26666666666666666
0.05727272727272727
0.3
-0.18333333333333335
0.12000000000000002
0.06373232323232324
0.05119457562639381
-0.02083333333333333
0.10342261904761904
0.08333333333333333
0.21111111111111108
0.010214785214785206
0.18568181818181817
0.06071428571428569
-0.03653846153846153
0.175
-0.15833333333333335
-0.45
-0.21111111111111114
0.2818181818181818
-0.3333333333333333
0.02321428571428572
0.12708333333333335
-3.122502256758253e-17
0.10999999999999999
0.2119047619047619
-0.16062724282296645
0.0123076923076923
0.057662337662337665
0.152
-0.05865384615384613
0.1463809523809524
0.2
0.2
0.0
-0.09821428571428571
0.15051857864357865
0.09648809523809523
-0.031111111111111107
-0.06666666666666661
-0.2833333333333334
0.325
0.038636363636363635
0.04236111111111111
-0.20625
0.08333333333333333
-0.25312499999999993
0.0
-0.12916666666666665
0.3333333333333333
0.23750000000000002
0.0918402777777778
0.10833333333333332
-0.22135416666666669
-0.05
-0.12083333333333332
0.03285714285714284
-0.225
0.0818181818181818
0.04107142857142857
0.07619047619047618
-0.020563725490196093
0.19384057971014493
-0.14647435897435898
-0.030555555555555534
-0.11969523809523805
0.07142857142857142
0.20714285714285713
-0.0026041666666666644
0.05555555555555555
0.125
0.2375
0.057575757575757565
0.09645833333333334
-0.15066287878787882
0.04999999999999999
0.18333333333333335
0.3125
0.25
-0.056249999999999994
-0.15885416666666669
-0.2833333333333333
0.25
-0.019063079777365464
0.11033643892339544
-0.12666666666666665
0.44999999999999996
-0.008503401360544218
0.06666666666666667
0.17403439153439154
0.03431372549019609
0.09459325396825397
0.16528919148484367
0.1978571428571429
-0.08717948717948718
-0.12303571428571426
0.0
0.075
-0.06542857142857136
0.1926190476190476
0.49
-0.08861111111111113
0.07031058888201744
0.3357142857142857
0.2
0.04805194805194804
0.18392857142857144
0.030555555555555558
0.1488095238095238
0.0
-0.039999999999999994
0.05072751322751324
0.009763558201058203
-0.125
-0.0020270270270270245
0.1360314104500151
0.17117647058823526
-0.2611111111111111
0.25
0.21874999999999997
-0.1275
0.07142857142857142
0.11908688761147779
0.044562550975594466
-0.1
0.11908688761147779
-0.26666666666666666
0.1223714285714286
0.1039213564213564
0.21940476190476188
0.04670138888888889
0.09180672268907564
-0.23666666666666666
0.022857142857142857
0.110375
0.38359788359788355
0.08657407407407407
0.03918650793650792
0.09174347158218127
0.0
-0.28125
-0.13333333333333333
-0.25
0.2193877551020408
0.056845238095238115
-0.13194444444444445
0.1375
0.20625
0.26875
0.07492063492063492
0.0
-0.4166666666666667
0.35
0.10283549783549784
0.1490740740740741
0.14065934065934066
-0.17500000000000002
-0.3499999999999999
-0.33809523809523806
0.016666666666666653
-0.23750000000000002
0.39999999999999997
-0.03070409982174688
0.38
-0.1537037037037037
0.1467151675485009
0.05366300366300365
-0.32592592592592595
0.37989417989417995
0.025449134199134194
0.051117216117216105
0.21770833333333334
-0.025555555555555567
-0.01607142857142857
0.05742277992277993
0.31714285714285717
0.2
0.31047619047619046
-0.09714285714285713
0.140530303030303
-0.37430555555555545
0.08679138321995465
0.04848484848484846
0.0
-0.09724789915966386
0.09166666666666667
0.16113945578231292
-0.50625
0.03333333333333333
0.03939393939393939
-0.0625
0.1316666666666667
-0.0875
0.2409375
-0.075
0.12000000000000002
0.03402777777777779
0.17333333333333334
0.09375000000000003
0.034523809523809526
0.009935897435897439
0.025449134199134194
0.13854166666666667
0.06284722222222225
0.0398809523809524
0.12760416666666666
0.16860119047619046
0.5522727272727272
0.06980820105820103
-0.12916666666666665
-0.01875
0.09946296296296295
-0.03214285714285715
0.04722222222222222
-0.03670183982683983
0.125
-0.0535064935064935
0.19857142857142857
0.12232426303854876
0.02055555555555556
-0.25
0.1469507575757576
0.16309523809523807
0.5
-0.021160714285714283
0.1568965517241379
0.11987179487179483
-0.02916666666666668
0.15833333333333333
0.0
0.2123376623376623
-0.003124999999999989
0.10494791666666667
-0.1271588061061745
0.1
0.15857142857142859
0.11904761904761905
0.32
0.33999999999999997
0.1957482993197279
0.16875
0.01388888888888889
0.23125
0.04166666666666667
-0.016666666666666646
-0.02991622574955908
0.25666666666666665
0.06770833333333336
-0.049074074074074076
0.09047619047619047
0.14457142857142857
0.375
0.11111111111111112
0.04579202159847325
0.066875
0.14032738095238093
0.1358974358974359
0.125
-0.3083333333333333
0.1366666666666667
0.15456140350877198
0.1642857142857143
-0.11785714285714284
0.1641690009337068
0.4875
0.07595238095238097
-0.006785714285714301
-0.08333333333333334
-0.012499999999999997
-0.18333333333333332
0.0
0.0
0.019841269841269844
0.11102564102564103
0.25916666666666666
0.07666666666666666
0.0
0.225
0.3333333333333333
-0.18
0.1825
0.006481481481481485
0.240702479338843
0.3333333333333333
0.1875
0.09357142857142857
0.5
0.01130952380952381
-0.12007575757575757
0.004487179487179484
0.5
-0.061574074074074066
-0.19375
0.0643939393939394
-0.205
0.21666666666666667
0.23197916666666663
-0.20833333333333334
0.06318181818181817
0.10493827160493827
0.22178571428571425
0.06666666666666667
-0.15148809523809526
0.0822420634920635
0.2333333333333333
-0.08507936507936509
0.012562530062530046
0.21283820346320348
0.0
0.6
0.0
-0.3
0.2509090909090909
-0.05595238095238095
0.07840909090909091
-0.2333333333333333
-0.060370370370370366
0.11224489795918369
-0.011388888888888896
0.03630952380952381
-0.07760416666666667
0.19032738095238094
0.17805555555555555
-0.47500000000000003
0.051130952380952374
0.07280701754385967
-0.002857142857142844
0.07619047619047618
0.07499999999999998
0.06863095238095238
0.04942063492063491
-0.13828125000000002
0.0379945054945055
0.2
0.0
0.2634920634920635
0.06770202020202021
0.052976190476190475
0.31285714285714283
0.2
-0.5
0.0
-0.09
-0.11666666666666667
0.1412698412698413
0.09472402597402597
-0.18571428571428572
0.02948717948717948
0.11944444444444445
-0.08812925170068028
0.13862433862433862
-0.0006547619047619022
-0.04081896551724136
0.0019841269841269892
0.1843073593073593
-0.05
0.24703703703703705
0.27499999999999997
0.15979020979020978
-0.03697916666666666
0.07090336134453783
-0.16999999999999998
0.06351851851851852
1.0
0.1776505240790955
0.03571428571428571
0.11785714285714284
0.19791666666666666
0.13
-0.03917410714285712
-0.06999999999999998
0.09375
-0.04982638888888889
-0.07532467532467532
-0.0418914418914419
-0.048611111111111105
0.10719696969696973
0.17993181110828163
0.5
0.1
0.3333333333333333
0.13799999999999998
0.12565359477124183
-0.2
0.11348357524828113
0.17500000000000002
0.09000881834215169
0.13231292517006804
0.07077343816314406
-0.20138888888888892
0.5249999999999999
0.2
0.046517857142857146
0.046517857142857146
0.0
0.09375
0.0
0.125
0.012500000000000025
0.027499999999999997
0.15228201829616922
0.015765306122448978
0.0775
-0.07370129870129871
-0.020833333333333332
-0.15555555555555559
0.0
0.06868686868686869
0.2
-0.07500000000000001
0.15994739057239057
0.04975198412698413
0.2733333333333333
0.0737783680965499
0.10655534941249226
-0.01785714285714286
-0.03593749999999998
-0.2
0.0
0.10249999999999998
0.1280612244897959
0.225
0.04582671957671958
-0.19444444444444445
0.13603896103896104
0.2
0.017857142857142856
-0.05282585470085469
0.0
0.13
0.4
0.0
0.060296296296296306
0.0
0.06666666666666667
0.09999999999999998
0.11830357142857142
0.3408333333333333
0.2166666666666667
0.09
0.21428571428571427
-0.19999999999999998
-0.15892857142857142
-0.125
-0.0035714285714285865
0.04250541125541125
-0.03333333333333333
-0.052869092712842694
0.20909090909090908
0.5
0.1
0.056249999999999994
-0.125
0.0033333333333333483
-0.11125
0.05000000000000001
-0.21875
0.00454545454545456
0.0
0.012499999999999997
0.25173160173160175
0.0
0.03888888888888889
-0.11055555555555556
0.1015625
-0.10874999999999999
0.12845117845117843
0.06615497076023392
0.35
0.2
0.02222222222222223
-0.03611111111111111
0.1343452380952381
0.04583333333333332
0.22338935574229696
-0.050370370370370385
-0.14322916666666666
0.11129261363636364
0.3125
0.08770671834625321
0.12678571428571428
0.11958333333333333
0.10666666666666669
-0.01018518518518519
0.20000000000000004
0.024162801484230056
0.06877104377104376
0.19999999999999998
0.145
-0.004687500000000001
-0.004358974358974348
0.09476190476190477
0.055454545454545486
-0.04557705026455023
0.35
-0.14047619047619045
-0.0219298245614035
0.1458198051948052
0.027759740259740238
-0.3466666666666667
0.5
0.13333333333333333
0.2666666666666667
-0.2293650793650793
0.1722222222222222
0.21944444444444444
-0.05049999999999999
0.2100649350649351
0.13125
-0.2571428571428572
-0.017162698412698445
-0.1875
0.06666666666666668
-0.0574074074074074
0.14333333333333334
0.35000000000000003
-0.475
-0.010069444444444454
-0.20714285714285713
0.032242063492063495
0.14916666666666667
0.35
0.10288461538461538
-0.04583333333333334
0.07500000000000001
0.2625
-0.13499999999999998
0.22486772486772486
0.10021490414347557
0.3333333333333333
0.13984848484848486
0.07447089947089947
0.0
0.2857142857142857
0.125
-0.29
0.041666666666666664
0.275
-0.16964285714285715
0.0
0.1339975845410628
-0.16666666666666666
0.0
0.2288888888888889
0.25625
0.0
0.09
0.15833333333333333
0.5
-0.016666666666666666
-0.1142857142857143
0.20075757575757577
-0.4
0.10512820512820513
0.3505050505050505
0.18750000000000003
-0.2333333333333333
0.09727272727272726
0.17932900432900434
-0.10000000000000002
0.08571428571428573
0.06125541125541124
0.21428571428571427
-0.04375
0.0
0.43333333333333335
-0.008333333333333331
-0.07142857142857142
0.1708333333333333
0.0
0.029114690134426982
0.7
0.0998015873015873
0.3111111111111111
0.2680194805194805
0.1236842105263158
0.06383928571428572
0.5
0.04545454545454545
-0.006666666666666677
-0.1027777777777778
0.17202380952380955
0.1130787037037037
0.03333333333333335
0.07333333333333332
0.2857142857142857
0.08666666666666667
0.3025
0.047083333333333345
0.2625
0.5580357142857142
0.1641098484848485
0.10666666666666667
0.0
0.18125000000000002
0.17380952380952383
0.0
0.04
0.12678571428571428
0.0
0.08095238095238097
-0.45625
0.2681428571428572
-0.002625391849529783
-0.03587962962962962
0.13027033730158732
0.13576066790352506
0.029710347522847527
-0.26944444444444443
0.05844029017857143
0.11747517188693658
0.165625
0.15499999999999997
0.09047619047619047
-0.014333333333333316
0.02455357142857143
0.03604010025062657
-0.050378787878787884
0.14535714285714285
0.0020000000000000018
0.10833333333333332
-0.15
0.43333333333333335
0.36904761904761907
0.06785714285714288
0.0
0.1368296055796056
0.0625
0.35
0.07000000000000002
0.06198830409356724
0.07261904761904762
0.33999999999999997
0.015625
0.12222222222222223
0.12023809523809524
0.08333333333333334
0.0
0.0991960420531849
0.06001420454545453
0.3071428571428571
-0.032619047619047624
-0.07500000000000001
0.18169642857142856
0.13351648351648351
0.1
0.05714285714285713
0.016648351648351645
0.09895104895104895
0.2625
0.22345238095238096
0.0
-0.07694444444444445
0.13214285714285715
0.08541666666666667
0.05
-0.06666666666666667
0.325
0.06458333333333335
-0.1
0.19567099567099566
0.18285714285714286
0.06916099773242629
-0.18571428571428572
0.32857142857142857
0.1323181216931217
0.1348214285714286
0.2
0.053333333333333344
0.060507605820105816
-0.5
0.07916666666666666
0.33246753246753247
-0.2222222222222222
0.15462503183091417
0.11388888888888887
0.03020833333333333
-0.13653198653198653
0.06995707070707072
0.12575757575757576
-0.06558441558441558
-0.16666666666666666
0.2910774410774411
0.09072580645161289
0.2
0.5
0.0
-0.08984126984126983
-0.09375000000000001
0.19494047619047622
0.1527777777777778
0.18547619047619046
0.08044217687074828
0.001041666666666663
-0.0002858488027979553
0.18023469387755098
0.08518518518518518
0.033708333333333326
0.1
0.0
0.04913063909774435
0.008080808080808069
0.3125
0.10769230769230773
0.16
0.2333333333333333
0.1
0.2186111111111111
0.0
-0.075
0.16666666666666666
-0.16
-0.07142857142857144
-0.3166666666666667
0.09034816247582204
-0.39999999999999997
-0.3166666666666667
0.0696969696969697
-0.032142857142857154
0.04791666666666666
0.16
0.0
0.2619047619047619
-0.20795454545454542
0.21275252525252522
-0.019999999999999997
0.2
0.17714285714285713
0.20486111111111113
0.2590909090909091
0.3145833333333333
0.028571428571428588
0.020833333333333332
0.0
-0.16846153846153847
0.16370788302606484
-0.06499999999999999
0.33999999999999997
-0.05
-0.12984848484848485
-0.13169642857142852
0.1692307692307692
0.07083333333333333
-0.25
0.4
0.31999999999999995
0.4976190476190476
0.11666666666666668
-0.1515151515151515
0.18928571428571428
0.085
0.09615384615384616
0.020833333333333332
-0.009999999999999998
0.0015625000000000049
0.2130952380952381
0.09375
-0.08863636363636364
0.1
0.09027777777777776
0.12857142857142856
0.01111111111111109
0.08083333333333334
0.3333333333333333
0.17333333333333334
0.044230769230769226
-0.05555555555555555
-0.2061965811965812
0.0888888888888889
0.21107142857142858
0.7
-0.021428571428571408
0.06414033712443311
0.01941964285714285
0.25600649350649346
0.5666666666666667
0.025510204081632647
0.24285714285714288
0.21666666666666665
0.45
0.15
-0.1142857142857143
0.05833333333333333
0.15064935064935064
-0.46071428571428574
0.11688311688311691
0.04166666666666665
0.24843750000000006
-0.0375
0.0
-0.00986545138888888
0.22499999999999998
-0.5333333333333333
0.04739010989010988
-0.19097222222222224
-0.06660714285714286
0.19375
0.0
0.09166666666666667
0.12252232142857145
0.14069264069264067
0.12693236714975845
0.0
-0.013919944789510023
0.10190972222222222
0.19
0.09424603174603174
0.13333333333333336
-0.056666666666666664
-0.06375
-0.0764069264069264
0.0
-0.011212121212121211
-0.06397596656217347
0.08224999999999999
-0.5
-0.048333333333333325
-0.024242424242424235
0.26000000000000006
0.18775510204081633
0.1380952380952381
0.0914620535714286
0.04047619047619046
-0.002806122448979594
-0.26999999999999996
-0.007499999999999995
-0.09867647058823531
-0.1285714285714286
-0.13571428571428573
0.0
0.013929539295392963
0.3111111111111111
0.13075757575757577
-0.02637235449735451
0.0
0.21666666666666667
0.013605442176870769
0.15
0.5
0.10510204081632654
-0.025826330532212886
0.4
-0.6666666666666666
0.32999999999999996
-0.24999999999999997
0.049659863945578246
-0.1711111111111111
0.0
-0.2
0.0
0.09166666666666667
0.08499999999999999
-0.2875
-0.1
0.18333333333333332
0.1875
0.016666666666666666
0.13072916666666667
0.04166666666666667
0.4
0.02916666666666666
-0.1
0.0
0.3333333333333333
0.5
0.11762152777777778
0.00060606060606061
0.12888888888888891
-0.15625
-0.15
0.44285714285714284
0.0058333333333333275
-0.027651515151515153
0.20816115702479338
-0.0157828282828283
-0.026282051282051275
0.875
0.16904761904761903
-0.04333333333333333
0.010984848484848488
-0.015238095238095222
0.3666666666666667
-0.024999999999999994
0.07039083557951481
0.0
-0.06325757575757575
0.003729166666666678
0.020833333333333332
0.0644952876984127
-0.2377272727272727
0.1
0.06666666666666667
0.0
0.3
0.22083333333333335
0.07984436198721916
0.025000000000000005
0.22738095238095235
0.08571179778076331
0.10750000000000001
0.05
0.10924242424242422
-0.08333333333333333
0.15714285714285717
-0.4
0.09795204795204795
-0.030303030303030297
0.38690476190476186
-0.12
-0.08935786435786436
0.05714285714285713
0.0
0.11354166666666668
-0.3428571428571429
0.1796969696969697
-0.03
0.0
0.11958333333333333
-0.1111111111111111
0.21749999999999997
0.1833333333333333
-0.0011904761904761862
-0.05
0.27499999999999997
-0.1388888888888889
-0.07155225726654299
0.19999999999999998
-0.1125
0.2613888888888889
-0.049999999999999996
0.2
0.01910052910052911
0.029199134199134197
0.31017316017316016
0.04426976532239689
-0.09999999999999999
0.10592857142857143
-0.125
-0.07143939393939394
0.1625
-0.023571428571428556
-0.1325
-0.07592592592592592
0.10500000000000001
0.07212962962962961
0.16857142857142854
0.225
0.2
0.039999999999999994
-0.025
0.37222222222222223
0.16666666666666669
0.15619047619047616
0.15631313131313132
-0.14710884353741496
0.196875
0.1451239669421488
-0.04583333333333334
-0.05000000000000001
-0.39999999999999997
0.13278388278388278
-0.375
0.07691409897292249
0.1878401360544218
-0.04333333333333337
0.10416666666666667
0.01615384615384615
0.017461957234684508
0.018181818181818177
0.11500000000000002
0.1389239028944911
0.16818181818181818
-0.25
0.12059620596205961
-0.5458333333333333
0.35714285714285715
-0.053571428571428575
0.02716049382716049
0.8
0.1825
0.12777777777777777
0.2
0.20937499999999998
0.10151360544217691
0.015833333333333338
