-0.21084999999999998
-0.4771674603174603
-0.2763
-0.040603350970017625
-0.029958333333333333
0.05761388888888893
0.0964333333333333
-0.13610123456790124
-0.08191481481481479
-0.07404481074481074
-0.12369166666666666
-0.161875
-0.25909999999999994
0.0
-0.005555555555555545
0.06804047619047619
-0.07590959503459505
0.009007407407407408
-0.0076592592592592545
0.01803827160493826
0.2240333333333333
-0.10825753086419754
-0.16666666666666666
0.10933333333333334
-0.255
0.10910888888888888
-0.07943333333333333
-0.03158009259259259
0.045542222222222234
-0.07762799422799424
-0.15554722222222223
-0.03361250000000001
0.18976666666666667
-0.1539222222222222
-0.01206701940035273
0.002103703703703728
0.13636666666666666
0.04757111111111111
-0.03484177934548304
-0.09649999999999999
-0.04869166666666667
-0.022366164021164012
0.04302777777777777
0.14088484848484847
-0.1361111111111111
-0.24678222222222224
-0.051104628369866484
-0.0075492063492063445
0.008847222222222237
-0.05452878306878306
-0.19202814814814817
-0.09482698412698413
-0.1402111111111111
-0.008144444444444473
0.08847037037037038
-0.058988888888888896
-0.4319722222222222
-0.0658361111111111
0.31893333333333335
-0.17623333333333333
-0.13333333333333333
-0.06207962962962963
0.13849907407407405
-0.22357777777777776
-0.0795625
-0.10090555555555554
-0.1989
-0.3437138888888889
-0.16673333333333332
0.1348
0.04250793650793653
0.008026234567901261
-0.1858
-0.15
-0.165562962962963
0.01220092592592592
0.042433333333333344
-0.026411111111111097
-0.036455555555555554
-0.18515714285714288
-0.0439111111111111
-0.22320154320987654
-0.35441111111111107
0.020418452380952374
0.21281666666666665
-0.09226666666666666
-0.05065912698412697
-0.2182888888888889
-0.2096514403292181
-0.0566338383838384
-0.0566338383838384
0.0865923520923521
-0.07644444444444444
-0.046188888888888883
-0.23853333333333335
-0.21149814814814816
-0.09938518518518519
-0.14596829004329007
0.1186
-0.1354951388888889
-0.16666666666666666
0.014692380952380976
-0.23224484126984127
-0.2474493827160494
-0.04624285714285712
-0.2023548148148148
-0.11055185185185183
-0.05554555555555556
0.005389569160997716
-0.07239166666666667
0.0
-0.4616944444444444
-0.32132777777777777
-0.3027444444444444
-0.22133320105820106
0.015768518518518505
-0.04501666666666667
-0.18605016025641027
-0.11263865740740742
0.11002222222222223
-0.11289176614631159
-0.043334235209235204
-0.1234828224525194
-0.2503259259259259
-0.23636666666666664
0.08667777777777774
0.20614999999999997
-0.16481619047619048
-0.08917222222222221
-0.09776666666666665
0.04044345238095239
-0.01659555555555556
-0.00038611111111111024
-0.19869305555555558
-0.025055555555555557
-0.003360317460317471
0.05249074074074073
-0.149925
-0.21381777777777777
-0.16174999999999998
-0.17635555555555557
-0.19444444444444442
0.04274032316630355
-0.0794037037037037
-0.022782304526748957
0.19244761904761906
0.0679111111111111
-0.07183415637860081
0.04274032316630355
0.06712380952380952
-0.09035555555555556
-0.03894444444444443
0.09648888888888886
-0.23786666666666667
-0.22374000000000002
-0.12772760917665266
-0.3329333333333333
-0.05587500000000001
-0.12386666666666668
-0.05135925925925928
-0.21530555555555556
-0.16901124677791346
-0.052940476190476184
-0.15935111111111114
-0.03700666666666663
-0.18612777777777778
0.02403030303030303
-0.19614190476190477
-0.24776944444444446
-0.04606490176490178
-0.07882560846560845
-0.16453381834215167
-0.018566666666666676
-0.2173677248677249
-0.49336111111111114
0.0237360544217687
0.003423809523809527
-0.05000000000000001
-0.01523448773448773
0.02551428571428573
-0.13164166666666666
-0.13924713804713806
-0.3231767676767677
0.04742222222222222
-0.02815252525252525
-0.045944444444444434
-0.16852296296296296
-0.02121212121212121
-0.12463055555555556
-0.03739760939010452
0.12972380952380955
-0.031346931216931204
-0.06445833333333334
-0.050941975308641994
-0.22323333333333337
0.15302666666666667
-0.19631049382716048
0.05933333333333333
0.034277777777777775
-0.002329629629629619
-0.12111666666666666
0.03333888888888888
-0.18738641975308643
-0.2276166666666667
-0.04181666666666667
-0.12875555555555557
-0.0453804232804233
-0.1959885714285714
-0.28719999999999996
0.13445370370370371
-0.10011666666666667
0.013760000000000003
0.08673333333333333
-0.06427460317460319
0.123575
0.053855555555555566
-0.3403
0.0421
-0.18330000000000002
-0.11825396825396824
-0.18194462962962962
-0.10256587301587301
-0.09877777777777778
0.084725
-0.10219318048206934
-0.24411746031746032
-0.16424444444444444
-0.03269126984126985
-0.06381769547325104
-0.00754545454545454
-0.25816111111111106
-0.10753703703703703
-0.18194217171717172
-0.21425802469135805
0.17930000000000001
0.1858
0.12040000000000001
0.15646222222222225
-0.13093333333333332
-0.22005925925925926
-0.23705972222222224
-0.24585555555555552
0.02307777777777778
-0.28
0.042180952380952354
-0.30993333333333334
-0.15761587301587301
-0.02616666666666666
-0.02616666666666666
-0.0701833333333333
0.43739999999999996
-0.08116842328042329
0.06922037037037036
0.03791111111111111
-0.13205
-0.2207769312169312
0.41206666666666664
-0.30748888888888887
-0.041282993197278905
0.06674999999999999
-0.5636
-0.21364656084656083
-0.30639814814814814
-0.15377777777777776
0.0998
-0.2080666666666667
0.20186
-0.16199444444444447
-0.35729999999999995
0.15066666666666664
-0.028525
-0.004744444444444412
-0.12245299145299145
-0.056944444444444464
-0.06432804232804233
-0.11469999999999998
-0.029431216931216916
-0.11247956349206349
-0.22239074074074075
-0.16943148148148146
-0.17145587301587303
-0.12163999999999997
-0.18828333333333333
0.04796560846560849
-0.03798095238095237
-0.05386907407407406
-0.08482962962962963
0.07595
0.1953
0.0
-0.2333222222222222
0.1938333333333333
-0.1275939814814815
-0.1858333333333333
0.02181555555555556
-0.22487901234567906
-0.20728888888888886
-0.06956666666666665
-0.010165833333333318
-0.16541111111111112
-0.3693166666666667
-0.08985042517006803
-0.13955954785954788
-0.18620952380952382
-0.012630808080808084
0.10893333333333333
-0.08976666666666666
-0.08624000000000002
-0.31209166666666666
-0.16756111111111113
0.016666666666666666
-0.21094666666666664
0.027637125027073866
-0.21711111111111112
-0.08561000000000002
-0.13735
-0.3213
-0.21278333333333332
-0.07487777777777775
-0.08333333333333333
-0.34521944444444436
0.16679999999999998
-0.06363333333333333
-0.34047793650793645
-0.13367245532245534
-0.49095
-0.04885757575757577
-0.05066666666666666
0.12650714285714285
-0.2101208333333333
-0.05103333333333334
-0.13263333333333335
-0.09873189300411522
0.0
0.12613333333333332
-0.16666666666666666
0.10933333333333334
-0.02096190476190476
0.1368666666666667
0.006427777777777773
0.09713787878787879
-0.1494763888888889
-0.16705555555555554
-0.13294875283446714
-0.09997981461590484
-0.12401540270429161
0.09831666666666665
0.20788333333333334
0.03612145796590238
-0.17285273368606702
0.15082566137566142
-0.6368111111111111
0.0
-0.11278333333333333
-0.14256666666666665
-0.05994444444444442
-0.18411419753086422
-0.1349
-0.27383737373737377
-0.18577037037037036
-0.16468333333333332
-0.08122722222222224
-0.43920000000000003
-0.05295333333333335
-0.16695476190476188
0.075525
-0.12448214285714286
0.1605047619047619
-0.3325757575757576
-0.0195425925925926
0.041574704353476266
0.08796
-0.09996944444444444
-0.1378346560846561
0.1434630303030303
-0.16234843304843302
-0.13662222222222223
-0.17463333333333333
-0.13662222222222223
-0.13662222222222223
0.029905967078189304
-0.0195425925925926
-0.0195425925925926
-0.0195425925925926
-0.0195425925925926
-0.35246666666666665
-0.057880769230769215
-0.33135
-0.05422255291005291
-0.0245357142857143
-0.04593738977072311
0.035048866213151925
-0.0742911111111111
-0.14164814814814816
-0.12749166666666667
-0.11457121568417868
-0.20455
-0.10692222222222224
-0.19955
-0.13882626262626263
-0.38604861111111116
-0.059699999999999996
-0.1400722222222222
0.03974238683127572
0.027669444444444444
-0.04314321915900865
-0.021709259259259237
-0.1722388888888889
-0.14779722222222222
0.4239
-0.08372424242424242
0.07355914702581369
0.07355914702581369
0.07355914702581369
-0.2612833333333333
-0.03943454545454545
-0.3172333333333333
0.039323379629629625
-0.05684999999999999
0.1987111111111111
-0.04639700596986215
0.6428571428571429
-0.17351851851851852
0.0
-0.4238722222222222
-0.35876296296296295
0.16666666666666666
-0.29990925925925926
0.30144444444444446
-0.16796111111111112
-0.10074444444444446
-0.010212409812409812
0.008908994708994708
-0.17683333333333331
-0.04683333333333334
-0.10085696649029983
-0.09681111111111111
-0.06594444444444444
-0.07770151515151513
-0.14983063973063973
-0.2237888888888889
0.08033333333333333
-0.02112453703703705
-0.06501944444444445
-0.19773333333333332
-0.07908736839292396
-0.007803030303030302
-0.07683131313131313
0.11951931216931215
-0.08787709750566892
-0.08689120370370369
0.0029111111111111234
-0.09240994708994706
-0.02918333333333335
-0.08064666666666666
-0.023688888888888888
0.05941365079365077
-0.2571761904761905
0.027755555555555585
-0.1561871657754011
0.0016028090428090447
0.060716666666666676
-0.1341697418630752
-0.09146374349556168
0.030355555555555556
-0.40242962962962964
-0.13243333333333332
-0.11021666666666667
-0.03395853615520283
0.005647685185185196
-0.02641999999999998
0.0903222222222222
0.076
-0.1091388888888889
0.06200833333333333
-0.11236666666666667
-0.1136888888888889
0.021127777777777784
0.26638271604938274
-0.08856666666666668
-0.32179166666666664
0.07593095238095238
-0.045781018518518506
-0.048673333333333325
-0.2924333333333333
-0.0012638888888888884
0.09207918871252208
-0.11873171702404157
-0.08651740740740742
-0.1010759523809524
0.22164444444444445
-0.07945
-0.1862373015873016
0.21960000000000002
-0.015938888888888874
0.01749312169312169
-0.4559142857142857
-0.25204722222222226
-0.057333333333333326
-0.27976333333333336
0.0058296296296296195
0.04248835978835979
0.24831666666666666
0.021608333333333323
-0.11719563534459365
-0.135355291005291
-0.006008333333333328
-0.1674611111111111
-0.18871851851851854
0.09502592592592592
-0.06532186548019882
0.0443888888888889
-0.057333333333333326
-0.08599259259259258
-0.07638553791887125
-0.07603888888888889
-0.04389759125067094
0.004964444444444466
0.0034055555555555553
-0.035687654320987645
-0.20572962962962968
-0.11609166666666666
-0.24505201058201057
-0.050949999999999995
0.06395351473922903
-0.12461111111111112
-0.004525061728395073
-0.09082888888888889
-0.12398662131519274
0.060909716209716226
0.08637777777777778
-0.08815060553156447
-0.35345
-0.04330925925925925
-0.2068222222222222
-0.4929666666666667
0.12815555555555558
-0.15456446208112876
-0.026638271604938268
-0.14336484287317622
-0.08412592592592592
0.0027775628306878353
-0.12572921810699586
0.1788925925925926
-0.17346414141414143
-0.4813
-0.012388888888888885
-0.078075
-0.21960000000000002
-0.07265555555555556
-0.006607407407407395
2.777777777777472e-05
0.23089277777777784
-0.0743925925925926
-0.1507135802469136
-0.12163333333333333
-0.16714444444444443
-0.08246210826210826
-0.27085555555555557
-0.14256
0.09113265306122449
0.4183481481481482
-0.20033333333333334
-0.09459047619047618
-0.0667014814814815
-0.04247487629329733
-0.23422222222222222
0.09486464646464647
-0.0714971823498139
-0.1867472222222222
0.09878534451659453
-0.08365
0.07409444444444445
-0.0464
-0.03604722222222223
-0.0889063492063492
-0.1283138888888889
-0.12898148148148147
0.06144444444444449
-0.3773586419753086
-0.09967474747474749
0.06144444444444449
0.06144444444444449
-0.002745833333333327
0.04309220779220777
-0.028186666666666676
-0.21977289562289562
-0.10312080808080808
0.028317777777777792
-0.10312080808080808
-0.2260203703703704
0.13748888888888888
-0.12073956228956227
-0.11458400673400675
-0.1265220634920635
-0.16660848484848487
-0.17960555555555557
-0.14584395234395234
-0.17361574074074074
0.2178916225749559
0.08632222222222223
-0.5004
0.4257259259259259
-0.09057962962962962
-0.11032704618198445
-0.18460173160173163
-0.5055291666666667
-0.009028571428571419
-0.13797691064079953
-0.0835
-0.04341805555555556
0.03964174015285127
-0.2456
-0.004166666666666666
0.03144197530864196
-0.3567444444444445
0.4165592592592593
-0.14215833333333333
0.0001957837301587162
-0.00815307077746103
-0.4602333333333333
-0.30929999999999996
-0.028717559523809524
-0.00831728395061729
-0.06305205026455026
-0.12925
-0.2758788888888889
-0.0005111111111111092
0.2231
-0.0665088888888889
-0.19899934437543135
-0.2210074074074074
-0.16567777777777778
-0.060582098765432114
-0.07976419753086421
-0.07920931437389772
-0.08333333333333333
-0.10173241943241944
-0.1543403846153846
-0.09843323045267488
0.05820764790764795
0.01881599326599326
-0.05711050642479212
-0.07472837301587301
-0.15519528218694884
0.00995848965848966
-0.10596076639409974
0.024227777777777754
-0.25431126543209875
-0.4614314814814815
-0.17335555555555557
-0.1553030303030303
0.0793
-0.18013333333333334
-0.10693333333333337
-0.16697037037037035
-0.10837037037037035
0.022477777777777777
0.09185870129870129
0.13894603174603173
0.41868816738816733
0.18781666666666666
0.027518518518518515
0.2363222222222222
-0.03456875000000001
-0.19881690182245737
0.09796169312169312
-0.07396587301587303
-0.4762996031746032
0.06388
0.004028888888888883
0.07577344877344878
-0.004350514403292168
-0.011258333333333334
0.009418367346938766
-0.007333333333333303
-0.18191904761904762
0.06666666666666667
-0.17105333333333336
-0.1482111111111111
-0.008033333333333356
-0.19888825396825396
-0.06270599647266316
-0.08834814814814813
-0.20832222222222221
-0.13384444444444443
0.06314814814814815
-0.2288888888888889
-0.06666666666666667
-0.09504074074074075
-0.06978333333333334
-0.4805
0.0025841269841269943
-0.13588083333333334
-0.06340385487528345
-0.09829111111111112
-0.019041481481481475
-0.16666666666666666
0.2603
-0.07249761904761903
0.29595
-0.05328611111111112
0.2577333333333333
-0.04079111111111111
-0.06246666666666667
-0.018171825396825405
-0.22012914862914865
-0.17941018518518523
0.11173333333333335
-0.11748888888888888
-0.2888111111111111
-0.23978765432098767
-0.10837738095238096
-0.1339828571428571
0.1758759259259259
-0.05911666666666667
-0.09346666666666666
-0.00829
-0.12056
0.04883227513227514
-0.05780666666666667
-0.148925
-0.04694038800705467
-0.1809777777777778
0.008097406462585034
0.07148472222222223
-0.009483333333333325
-0.21263829365079365
-0.13577499999999998
0.16666666666666666
-0.10240238095238095
-0.10066666666666668
-0.07683333333333335
0.0059523809523809494
-0.07185256410256409
-0.1178447619047619
0.020733333333333326
-0.07945
-0.10996666666666666
-0.12222222222222223
-0.11904999999999999
-0.18591190476190475
-0.04141180555555555
-0.19597305555555558
0.0
0.5691333333333334
-0.34746944444444444
-0.41113333333333335
0.4740166666666667
-0.1651138888888889
-0.22863333333333333
-0.20403888888888888
-0.22300555555555557
-0.0863
-0.1017
0.05555555555555558
-0.1295111111111111
-0.24422103174603174
0.040114814814814825
-0.11096563786008233
-0.059391666666666676
-0.08476172839506173
0.06363999999999999
-0.05814166666666667
0.019346296296296268
-0.13133703703703703
-0.19886666666666666
-0.15918166666666664
-0.46032499999999993
-0.06060039682539681
-0.09783564814814816
-0.18711322751322754
-0.17450277777777778
-0.20384384093915342
0.003175000000000002
-0.06574
-0.22513333333333332
-0.09665555555555555
-0.5313539682539682
-0.03592592592592594
-0.06601999999999998
-0.08333333333333333
-0.16162222222222222
-0.2348583333333333
0.1606977777777778
0.15017222222222223
-0.13222761904761904
0.12276851851851851
0.027544708994708993
-0.0027155555555555453
-0.33779122574955905
-0.026883257020757025
-0.08188148148148146
-0.047427380952380936
0.2690857142857143
0.04466988196988198
-0.022041666666666664
0.16308333333333333
-0.21488333333333332
-0.06798808080808082
-0.008244444444444443
-0.06555555555555555
0.1366703703703704
0.58775
0.21009999999999998
-0.25806666666666667
0.020907407407407406
-0.07275308641975309
0.00358976393976392
-0.014183134920634916
0.14393333333333333
0.12553333333333336
-0.022005357142857156
-0.10885
-0.10799761904761906
-0.41867407407407403
-0.2508083333333333
-0.2983357142857143
-0.003312499999999996
-0.1891857142857143
-0.3035333333333333
-0.20226050349432703
-0.04264242063492062
-0.015126209463051571
-0.08456400913900915
-0.13450012626262628
0.18330000000000002
-0.17796825396825397
0.005174603174603183
0.023966666666666653
-0.11769773662551442
-0.0766411872738076
0.06792407407407408
-0.10783333333333334
-0.17595339506172838
-0.16666666666666666
0.21481666666666666
-0.11615555555555557
0.08461666666666663
-0.054024867724867705
0.052350536659108084
-0.02682222222222221
-0.06155246913580247
-0.09716666666666667
-0.2700213991769547
0.012223356009070282
-0.09782579365079365
-0.13785
0.000553280053280048
-0.17663333333333334
0.058116418650793644
0.11389166666666667
-0.14634666666666665
0.012332936507936506
-0.2000833333333333
-0.23483285714285715
-0.10325333333333332
0.002694516594516592
-0.09230634562537136
-0.12155568181818181
0.0012592592592592284
-0.17151450617283948
0.13551172839506173
-0.07165555555555557
-0.1273065476190476
-0.1626085137085137
0.014819607148917502
-0.21885
-0.07993968253968255
-0.07782314814814813
-0.13325714285714285
-0.3124166666666667
0.16196666666666668
-0.06257777777777777
-0.35834583333333336
-0.1710142857142857
-0.00918333333333333
-0.004166666666666652
0.09021666666666667
-0.05326349206349206
-0.20655185185185188
0.0
0.3035333333333334
-0.04064285714285715
-0.04796543209876544
0.01995808080808081
-0.0814225230833074
0.1670067477496049
-0.22726666666666664
-0.01553730158730158
0.013953174603174615
-0.11744435626102294
-0.235075
0.0006333333333333376
-0.19444444444444445
-0.19444444444444445
-0.19444444444444445
-0.19444444444444445
-0.19444444444444445
-0.19444444444444445
-0.19444444444444445
-0.19444444444444445
-0.19444444444444445
-0.22466296296296298
-0.3159888888888889
-0.26378888888888885
-0.1581190476190476
-0.1166462962962963
-0.7134333333333333
-0.04219999999999999
-0.1582233422661994
-0.16946944444444445
0.07795061728395063
0.1201920634920635
0.014913333333333334
0.19765555555555556
0.14490714285714287
-0.3098851851851852
0.011236111111111113
0.019194444444444445
-0.11598888888888888
-0.049383333333333335
-0.11266666666666665
-0.09154791666666666
-0.432538888888889
0.07288888888888889
0.08502120199488623
-0.3740833333333333
-0.2071425925925926
-0.12317714285714286
-0.14977883597883598
-0.32315185185185186
-0.12473333333333332
-0.19508333333333336
-0.1397904761904762
-0.3114333333333334
-0.0833219977553311
-0.10788662131519276
0.0063013628346961685
-0.21895240385716574
-0.06785333333333336
0.12413333333333336
-0.3134166666666667
-0.3849071428571429
0.02777777777777779
0.20731224489795919
0.03674166666666665
-0.08935
-0.14166773879142303
-0.17188687830687832
-0.18333333333333335
0.039523333333333334
-0.3766666666666667
0.01027052469135803
-0.3042722222222222
0.1811296464646465
-0.14743636363636364
-0.3069046296296296
-0.06516944444444445
-0.012333333333333335
-0.06027301587301587
-0.01265555555555556
0.14459166666666667
-0.07572857142857144
-0.08921111111111113
-0.11540000000000002
0.28579074074074073
0.33063333333333333
-0.010638095238095252
-0.24206666666666668
-0.25581944444444443
0.5594
0.43753333333333333
-0.28626111111111113
0.1255932098765432
-0.001399999999999994
-0.5005369047619047
-0.3241074074074074
-0.24729111111111113
-0.1509074074074074
-0.11364595959595959
-0.01744555555555553
-0.01004365079365078
-0.042516666666666675
0.1312
-0.340697619047619
0.026862037037037028
0.02621890331890331
0.0120126984126984
0.014433333333333333
-0.20011574074074076
-0.3765222222222222
0.015912199837199843
-0.1940666666666667
-0.11099920634920635
-0.12871825396825395
0.004100000000000011
0.11422943722943724
-0.21658544859021048
-0.06545726495726495
-0.21319382716049384
0.16036148148148152
-0.22630000000000003
-0.0592026592455164
-0.29300246913580247
-0.08296049382716049
0.02696851851851852
-0.2695518518518519
-0.14533878600823044
-0.16427803030303031
-0.23514212962962966
-0.2583166666666667
-0.0811185185185185
-0.1584
-0.29036666666666666
-0.21076592592592594
-0.22218333333333332
-0.2684
-0.30716666666666664
0.08869264550264554
-0.03838027065527063
-0.16893504273504276
-0.07785432098765431
-0.0667638888888889
-0.1341875478225478
-0.11567222222222223
-0.14401825396825396
-0.14401825396825396
-0.2600733938019652
-0.13375
-0.13715999999999998
-0.017496164021164013
0.16891481481481485
0.10900634920634918
-0.01988518518518519
-0.2322
0.16488730158730158
-0.09218285714285716
-0.1681111111111111
0.16098333333333334
-0.19966008230452673
-0.07717037037037036
-0.0786358024691358
-0.15082777777777776
0.35506666666666664
0.023570833333333336
-0.1606862081128748
-0.019173015873015866
0.277752380952381
-0.4967333333333333
-0.17528008658008656
-0.24852222222222223
0.1697861111111111
0.007336507936507951
-0.12952063011063011
-0.16837714285714286
0.4945799603174603
0.010126984126984115
0.045756190476190485
0.15251111111111113
-0.10925416666666667
-0.08676969696969696
-0.10462962962962964
-0.0077251201016633
0.31903055555555554
0.013586916786916791
0.005324943015074607
-0.07145238095238095
-0.3028814814814815
0.028906666666666653
-0.10384318181818182
0.46350476190476186
-0.11932222222222223
-0.4858833333333334
-0.19518626373626372
0.04919555555555554
-0.004631216931216935
-0.01592636024106613
-0.18972666666666668
-0.020659259259259242
-0.05659626579382676
-0.3308419047619048
-0.1895710758377425
-0.07172222222222224
0.16037333333333337
-0.000719119769119742
-0.1871666666666667
0.015896772035834533
0.15032888888888887
-0.08796296296296295
-0.10533621399176953
-0.08207474747474748
-0.22157976190476192
0.2108824074074074
-0.06987777777777777
-0.13563188131313128
0.34063333333333334
-0.00863405408249158
-0.027316666666666673
-0.1350638888888889
0.1758333333333333
-0.2188351851851852
-0.09605403439153438
0.1447952380952381
-0.3368666666666667
-0.161025
-0.16475277777777778
0.0
-0.056866666666666656
-0.2587398148148148
-0.04792777777777776
-0.008315079365079378
-0.07128703703703705
0.12990714285714286
-0.12695
0.04456944444444444
-0.008551534391534369
0.1403296296296296
0.46959999999999996
-0.15150765993265994
-0.10570820105820106
-0.16035714285714286
-0.3166861111111111
-0.2440339393939394
0.028358333333333336
-0.05790892612188908
-0.1036888888888889
-0.3562138888888889
-0.10045520282186948
-0.050253240740740744
-0.2952888888888889
-0.17850833333333335
-0.1032795918367347
-0.2502111111111111
-0.009642592592592591
0.017543650793650795
0.06841289682539682
-0.2733055555555555
0.016461481481481483
-0.26743333333333336
-0.17724222222222222
-0.4583333333333333
0.03747222222222222
0.08403650793650792
0.021568660968660947
-0.17913813721001223
-0.07951341991341992
-0.14944484126984128
-0.08960512265512266
-0.05075542328042327
-0.07861837421837421
-0.054311746031746023
-0.09507962962962964
-0.05233333333333334
-0.3273888888888889
0.16666666666666666
0.007000000000000002
0.22
-0.046771604938271594
-0.09752083333333333
-0.055555555555555546
-0.44609583333333336
0.08978571428571429
0.06698333333333333
0.13071481481481484
0.12603015873015874
-0.19063333333333332
-0.038503527336860674
-0.10245925925925926
-0.22616666666666665
-0.3066575757575758
-0.00905277777777777
-0.132625
-0.03493333333333334
-0.15
-0.09340740740740743
0.1592714285714286
0.12265555555555559
-0.06907967372134037
-0.16287222222222222
-0.21801296296296294
-0.23193666666666668
-0.06733492063492064
-0.05851471327026881
-0.06752098765432098
-0.36183111111111116
-0.16865555555555556
-0.09312291666666667
-0.016666666666666666
-0.07872619047619045
0.44449999999999995
0.06095999999999999
-0.006951754385964894
-0.06969064685314684
-0.12754444444444446
-0.1773916666666667
0.18656296296296296
-0.06748359788359785
-0.156645
0.07020000000000004
0.017394444444444452
0.03726666666666667
0.13396666666666665
-0.08354920634920633
-0.09937977547144212
-0.06584263038548753
-0.2556833333333333
-0.34965
-0.06743832199546486
-0.10822222222222222
-0.07294666666666666
0.1319
-0.4346277777777778
-0.03643650793650791
-0.07941666666666666
-0.028996296296296298
0.4997833333333333
-0.14810990460157128
-0.03739999999999999
-0.10445
-0.07669722222222221
-0.04994721247563353
-0.06856666666666666
-0.08987813051146383
-0.06628888888888891
0.13519864197530865
-0.11827012138188608
-0.019833227513227535
-0.22745873015873017
-0.07107111111111111
0.06292761904761905
-0.31719506172839507
-0.20308333333333337
-0.09380111111111115
0.03445
0.031831111111111116
-0.24704650205761317
-0.001742403628117899
-0.012416666666666668
-0.22261777777777778
-0.08857962962962962
-0.017066313932980626
-0.09421111111111112
0.054183333333333326
0.28355833333333336
-0.1359004409171076
-0.18450555555555556
-0.16096000000000002
0.05045364167995744
-0.27595
0.008316666666666675
-0.23200031746031746
0.029994238683127557
-0.24966904761904762
0.0807
-0.17925
-0.001931481481481483
0.0095747899159664
-0.20510666666666663
-0.17884497354497353
0.019457777777777754
-0.07076666666666666
-0.10027222222222225
0.09879285714285714
0.13670555555555558
-0.028166666666666663
-0.0028972222222222364
0.17008888888888887
-0.1868425925925926
-0.15480555555555556
0.05945462962962963
-0.15901111111111113
0.15923333333333334
-0.5067444444444443
0.24244845049130767
-0.36001666666666665
-0.07491481481481478
-0.23365
-0.07579679558481643
-0.17750052910052908
-0.14414666666666667
-0.14761904761904762
-0.04642301587301587
-0.2247380952380952
-0.2659288888888889
-0.2008154761904762
0.14138444444444445
0.13806666666666664
-0.38184999999999997
-0.11913333333333333
0.09706768077601413
-0.19725
0.009350000000000006
-0.07443055555555556
0.04725666666666667
-0.27799999999999997
-0.026371230158730153
0.5883333333333334
0.12522263374485598
0.014222222222222228
-0.18436666666666668
0.08865
-0.05766221001221002
-0.17075185185185185
0.06630000000000001
-0.23520833333333332
0.0016592592592592492
-0.2686456790123457
-0.45683333333333337
-0.3397833333333333
0.16666666666666666
0.02629031159812408
-0.19103333333333336
-0.11104999999999998
0.0767909523809524
-0.3093863095238095
-0.08141666666666666
0.4479666666666667
0.16666666666666666
-0.06453174603174601
-0.03361428571428573
-0.09495212842712843
-0.17861666666666665
-0.31763888888888886
-0.14347142857142856
-0.11346666666666666
0.08526200396825397
-0.1244586419753086
0.009166666666666656
-0.10751687242798354
-0.025229206349206373
0.03562525252525254
-0.30988333333333334
-0.19446719576719582
-0.08333333333333333
0.19536296296296296
0.02611333333333334
0.0008178571428571387
-0.19410000000000002
-0.14389166666666667
0.09583333333333333
-0.13736296296296294
-0.058434126984126984
-0.2255904761904762
-0.0403276455026455
0.10811477272727273
-0.4248515873015873
-0.2121611111111111
0.0010342857142857144
0.003517695473251018
-0.04780555555555555
-0.09128813453213454
0.1356233980011758
-0.01875932659932657
-0.06952621082621084
-0.20488690476190477
-0.18115041592394535
0.011572222222222206
-0.20278895261117483
0.05407407407407408
0.033606547619047626
-0.12406358024691355
0.05990132275132274
-0.37273333333333336
-0.10566141975308642
-0.11199876543209876
-0.11600555555555554
0.09781142857142859
-0.3325333333333333
0.10564761904761905
0.15956666666666666
-0.039317770295548095
-0.3807666666666667
0.07927174603174604
-0.13456172839506175
-0.16666666666666666
0.00903055555555556
0.14825378202044867
-0.1240234375
-0.2482777777777778
0.04188333333333333
-0.1372095238095238
-0.1558973544973545
-0.1937277777777778
-0.1566043650793651
0.03295802469135802
-0.009675892255892252
0.0006500000000000025
-0.38605185185185187
-0.044647222222222234
0.02464444444444446
-0.20971984126984125
-0.14853025493025493
0.1464439393939394
-0.0963071268237935
-0.039698809523809525
-0.14696993265993266
-0.3691244444444444
0.16780952380952383
-0.08471969696969699
0.10673333333333335
-0.07409523809523812
-0.03855916993059851
-0.02075442890442889
0.027744444444444422
-0.09229461279461278
0.001751196696024267
-0.05984444444444445
-0.03947936507936506
0.22788412698412697
-0.11271825396825397
-0.19285714285714284
-0.05436278659611995
0.0018266666666666709
0.05790396825396823
-0.03828740740740739
0.07230740740740743
-0.13334810606060607
0.051402380952380956
0.060806944444444434
-0.14995000000000003
0.07175238095238096
-0.29718333333333335
0.01472222222222222
-0.1526015873015873
-0.3429333333333333
0.01943795093795093
-0.40444166666666664
-0.09523888888888889
-0.13304722222222223
-0.12006666666666665
-0.05339120879120879
-0.10000222222222221
-0.07594444444444443
-0.04331410256410254
-0.13336111111111115
0.12515
-0.21873333333333334
-0.1064888888888889
-0.12955
-0.019613333333333326
0.03889999999999997
0.1796
-0.15498666666666663
0.044356944444444456
0.03546000000000003
0.2511111111111111
-0.38061666666666666
0.19063333333333332
-0.05235925925925925
-0.08016543209876542
-0.12117777777777777
-0.271379797979798
0.06137272486772486
-0.0006300931391840306
-0.22683333333333333
-0.03375047131366574
0.09674814814814814
0.3328222222222222
-0.035859523809523806
-0.22939444444444446
0.0
-0.10543333333333334
-0.12962962962962962
-0.05555555555555555
0.08576063492063495
-0.06822500000000001
-0.11275
0.11495820105820104
-0.035264197530864204
0.0025155555555555487
-0.09669962962962962
-0.06500833333333333
0.3998333333333333
-0.0305632338421812
-0.08666666666666667
-0.017227083333333327
-0.5656060606060606
0.060200000000000004
-0.2805537037037037
-0.05609629629629629
-0.14922598204264867
-0.2121888888888889
0.06029212018140593
-0.030354166666666665
-0.027106349206349217
-0.017455555555555575
0.5193
-0.09146790123456792
0.05406296296296298
-0.06813333333333334
-0.07789849891095739
-0.32204
-0.1161888888888889
-0.13273888888888888
0.14515185185185184
-0.1811259920634921
-0.18116882716049384
0.24606666666666666
-0.0057499999999999956
-0.6331333333333333
-0.27690432098765433
0.10857777777777781
-0.19360079365079363
0.013516190476190487
-0.005533333333333344
-0.022259999999999964
-0.05167661375661373
-0.057060222222222234
-0.06455653235653235
0.21662425845759178
-0.08446296296296296
0.11388920634920636
-0.1443
0.01833333333333333
0.05177331349206349
-0.044899999999999995
-0.2458888888888889
-0.3461444444444444
0.0
0.08075
0.0942730158730159
-0.2311911111111111
-0.11362222222222222
-0.2463
0.015746127946127942
-0.055555555555555546
0.0
-0.23459012345679012
0.20456444444444444
0.006568518518518511
-0.13636242424242426
0.24991666666666665
0.01490654761904762
-0.12315555555555557
0.032292592592592595
-0.11803333333333332
-0.025175520282186933
-0.08533571428571429
-0.010548484848484843
-0.31346666666666667
-0.014869023569023568
-0.11363888888888889
-0.0642888888888889
0.013888888888888888
-0.20584550264550264
-0.06793333333333332
-0.1375049382716049
-0.20406339869281043
-0.3250444444444444
-0.09957608465608465
-0.28833333333333333
0.06654037518037519
-0.15511111111111112
0.05369595959595962
-0.05908874007936509
-0.24092222222222223
-0.19158271604938273
-0.3065333333333333
0.038717777777777795
0.0019133333333333409
0.02616207311207311
-0.02017547378547378
-0.19909444444444446
-0.14003909465020578
0.41368888888888894
0.2168888888888889
-0.1958222222222222
0.16128716931216933
-0.21257619047619047
0.45563809523809523
-0.031019516594516582
0.05293333333333335
-0.20295
0.05026666666666668
-0.301525
-0.10975
-0.052100432900432904
-0.31853194444444444
0.0718508062484253
0.12917333333333333
-0.04692592592592593
-0.10852962962962963
0.02252425444925446
-0.20833333333333334
0.22987222222222226
-0.07184494505494506
-0.183039268707483
-0.030026666666666663
-0.030026666666666663
-0.06576464646464646
-0.26345802469135804
-0.21635555555555555
-0.3158238095238095
-0.10467037037037036
-0.10302592592592592
0.12170888888888888
-0.05705777777777776
-0.11763756613756615
0.09793492063492064
-0.061657407407407404
-0.0927527777777778
0.12539382716049383
0.03035
-0.259485773074662
-0.11694404761904763
0.0974185185185185
0.027520390720390715
-0.00495843621399177
-0.09684821428571429
-0.06666666666666667
-0.17675333333333332
-0.08330332977379971
-0.1203047619047619
-0.19602525252525257
-0.13059999999999997
-0.023833333333333335
0.10220833333333335
0.22771666666666668
-0.026866666666666667
-0.3453
0.12792222222222224
-0.18696000000000002
0.055466666666666664
0.0030056437389770854
0.1340066666666667
-0.07403333333333333
-0.07879841269841269
-0.043986948853615516
-0.012083333333333335
-0.18511111111111112
0.10951851851851852
0.06635348861996589
-0.15690925925925925
-0.2022138888888889
-0.017361111111111112
0.11743383838383838
0.13636666666666666
-0.01759538239538241
0.03443571428571427
0.1066031746031746
-0.04582846790890271
-0.15619876543209876
-0.005555555555555556
0.00309288194444444
-0.1445190476190476
-0.13413520074696544
-0.3662666666666667
-0.15187864139227777
-0.011760714285714291
-0.13464444444444446
-0.15755079365079364
0.05434252815086151
-0.14791666666666667
0.26853333333333335
-0.10181543209876542
-0.09512857142857144
-0.07239074074074074
-0.17661031746031744
-0.21906543209876542
-0.2531333333333333
0.20195414141414145
-0.4160055555555555
-0.0974240740740741
-0.22378333333333333
-0.40443333333333337
-0.13467333333333334
-0.15654074074074073
-0.14222376543209878
-0.40839722222222224
0.062476150392817044
0.030634353741496635
0.08443333333333332
-0.1102675925925926
0.14698333333333333
0.07153399361581181
-0.12489629629629628
-0.22357932098765435
-0.014255555555555568
-0.0232020202020202
-0.1703689814814815
-0.0697015873015873
-0.03333333333333332
-0.10884444444444445
-0.20193333333333333
0.07936666666666665
-0.15329160561660563
-0.0811904761904762
0.015376969696969696
-0.010738888888888907
-0.02180227317264354
-0.08162333333333333
0.03292666666666667
-0.027067538126361656
-0.15028333333333332
-0.3262014814814815
0.10464177328843997
-0.16135555555555556
-0.008525000000000005
-0.049336028580473014
-0.0412299933862434
-0.5179777777777778
0.0072777777777777814
0.23867777777777777
-0.03322513227513226
-0.044444444444444446
0.031746031746031744
-0.045381481481481474
-0.16213333333333332
-0.011655555555555565
-0.24504325396825397
-0.1641
0.04706666666666668
0.17289333333333334
-0.39637148148148144
0.12540909090909091
0.013560204081632657
0.09028222222222221
-0.1315097619047619
-0.047856613756613764
-0.040654500881834234
0.0378611111111111
-0.07859222222222222
0.40630000000000005
0.03920097252284752
-0.16784444444444446
-0.0531551421957672
0.07829197530864197
-0.09235866402116404
0.09691111111111111
-0.09523037037037037
0.24075420875420872
-0.13763703703703703
-0.0989984126984127
-0.1549
-0.14726637618010166
-0.08772839506172841
-0.13220555555555558
0.009799999999999994
-0.023785108951146685
-0.07177619047619047
0.003544444444444461
-0.007504761904761921
-0.2588925925925926
-0.019258083900226746
-0.32095238095238093
-0.019465776815776794
-0.21761265432098764
0.21086904761904765
-0.02356666666666667
0.12626666666666667
-0.16081969265302598
-0.171875
0.023809523809523808
0.0356
-0.037039506172839486
-0.12699645061728396
-0.08566666666666667
0.06442592592592596
-0.19965555555555556
-0.0882266439909297
-0.012428270302228631
0.04566666666666666
-0.20671111111111115
0.03423333333333334
0.06754444444444446
-0.28723444444444446
-0.042555555555555534
-0.04596388888888888
0.10933333333333334
0.0
-0.01505997574955907
-0.056520238095238096
-0.07235426795426796
-0.08844444444444444
-0.058452028218694885
-0.3066666666666667
0.07845758377425045
0.050969047619047615
-0.10121759296944481
-0.2066264197530864
-0.05758452380952381
-0.10665370370370371
0.15076111111111112
0.08466851851851855
-0.12336666666666667
0.04468271604938273
-0.04762536375661375
0.09259259259259257
0.13413333333333333
-0.11616666666666668
-0.10360698412698412
0.02259375661375662
-0.052596182917611506
0.1660232592592593
0.016075238095238104
0.08740833333333331
0.06666666666666667
-0.031129629629629636
-0.17623333333333333
-0.05072136752136752
-0.00827770295548072
0.045411805555555546
-0.0892340169090169
0.024491903731189438
-0.1535173827014736
-0.3320716049382716
-0.08632247786507047
0.03264780092592593
-0.049122222222222206
0.21217407407407407
-0.2147851851851852
0.032226666666666674
-0.07058333333333333
-0.13539094650205763
-0.03998431920212222
-0.5142024691358025
-0.07766666666666666
0.05704999999999999
-0.1077722222222222
-0.28907222222222223
-0.09947222222222223
-0.03702135642135642
-0.22680555555555557
0.08844999999999999
0.07311111111111109
-0.3542343253968254
-0.35372222222222227
-0.19682305194805194
-0.051100760693353287
-0.08549206349206347
-0.08039652777777778
0.06311913580246914
-0.15360050505050507
0.22017777777777772
-0.14050046296296295
0.03674166666666667
0.0345913448544401
0.031114285714285723
-0.4253
-0.029750000000000016
-0.07737435260898222
0.06413333333333336
-0.07033559218559218
-0.08700886080581799
-0.2789138888888889
-0.15885000000000002
-0.23468994708994706
-0.024379166666666657
-0.12502676860843528
-0.10161666666666665
-0.09432658730158731
-0.25592291666666667
-0.0200190476190476
-0.2789138888888889
-0.1503545634920635
-0.16051666666666667
-0.17020000000000002
0.36533333333333334
0.20415833333333333
0.05458333333333332
-0.07912499999999999
-0.11898173160173163
-0.10562099567099566
0.17524444444444445
-0.18196285714285718
-0.07333333333333335
-0.19755
-0.1208
-0.04529351851851853
-0.13025061728395063
0.008158333333333342
0.022972027290448338
-0.21088888888888888
-0.22621111111111114
-0.16784497354497355
0.10351142857142855
-0.03768518518518518
0.20033333333333334
-0.07805989583333334
-0.23328717948717947
0.039227777777777785
-0.1614537037037037
-0.24189011544011543
-0.178575
-0.061262037037037025
-0.0050967261904762045
0.0
-0.04657450202303145
-0.12501599794238683
-0.25956666666666667
-0.17020000000000002
0.06835333333333334
-0.14730000000000001
0.00580185185185184
-0.1192814058956916
0.05160555555555555
0.0604049359811265
0.0
-0.055555555555555546
-0.15858981481481482
-0.1681047619047619
-0.10806026334776332
0.16111957671957675
-0.178705291005291
-0.07104984126984128
-0.042669906293980375
-0.308775
0.14036666666666667
0.09757272727272727
-0.046285714285714284
-0.2931723905723906
0.06666666666666667
0.08618763088763086
-0.18734583333333332
0.06404745871412539
-0.1380637566137566
-0.01603142857142857
-0.01484213058814506
-0.16671000000000002
-0.17646296296296293
-0.036679166666666645
0.5084666666666667
-0.050749999999999997
-0.3913111111111111
-0.04244305555555555
-0.008951851851851841
-0.16453333333333334
-0.015622222222222223
-0.13456543209876543
-0.10986208544541876
0.2260081128747795
0.027777777777777776
-0.18454888888888887
-0.08730624098124097
-0.128675
0.09483409913673074
-0.19527098765432097
-0.028666666666666663
-0.011285950413223141
-0.2117759259259259
0.11548606114050558
0.0366656746031746
0.04953333333333332
-0.1239
0.10037962962962964
-0.0701132275132275
-0.0815111111111111
-0.064213307627918
0.013888888888888888
-0.17366666666666664
-0.22080061728395062
0.22
-0.14598333333333333
-0.038219047619047604
-0.06004305555555556
-0.19246805555555557
-0.20175079365079365
-0.03985
-0.03238333333333332
-0.21690582010582007
-0.30779734848484847
-0.12235317460317462
-0.0903373181216931
0.16790172296838965
-0.089725
-0.012222693602693605
0.025787878787878787
-0.22440000000000002
0.35729999999999995
-0.02891632834757836
-0.18386666666666665
0.01873333333333334
0.21166190476190475
-0.12335714285714287
-0.04544814814814815
-0.16243296296296297
-0.08333333333333333
0.24091212121212116
-0.17273333333333332
0.049762962962963
-0.032266666666666666
0.0736816463959321
-0.03723111111111111
0.13396666666666665
-0.0347204081632653
0.21806666666666666
-0.05416666666666666
0.09301547619047618
-0.3303185185185185
-0.10727777777777776
0.033625
0.20103015873015873
-0.16915
-0.13038711892164276
-0.1755598765432099
-0.19707814814814814
0.0
-0.2306111111111111
-0.2849083333333333
0.09575555555555552
-0.16548333333333334
-0.28507407407407404
-0.046314285714285704
-0.33369858906525574
-0.20706666666666665
0.05914444444444444
-0.2870125
0.04747301587301586
0.07492777777777776
0.014060714285714282
-0.1247240740740741
-0.11121111111111114
-0.17789666666666668
0.15615370370370366
-0.4866753968253968
-0.3738333333333333
0.08158333333333333
-0.02977830687830689
-0.07048946608946609
-0.06826666666666666
-0.013057376798285886
0.03477777777777779
-0.2660488888888889
-0.26442666666666664
-0.19508333333333336
0.13771666666666668
0.010140123456790126
-0.05350222222222221
-0.2574833333333333
0.12922345679012348
-0.17470321995464852
0.24836111111111112
-0.052769444444444445
0.05715480098605097
-0.06822592592592593
-0.021592659932659925
-0.11790666666666665
-0.04849999999999998
0.10446899766899764
0.46196666666666664
-0.16725072751322753
-0.006165277777777774
-0.022316666666666662
-0.22215
0.05448253968253969
-0.4031166666666666
0.006774999999999994
0.36766190476190475
-0.20953888888888886
-0.20204444444444447
-0.14896666666666666
-0.10628333333333334
0.08341543209876544
-0.023516666666666648
-0.43579999999999997
0.0
-0.13905714285714285
-0.15529479166666668
-0.1472838624338624
-0.26156666666666667
0.1826
-0.08656031746031745
0.08513333333333335
-0.07894386574074073
0.12896666666666667
-0.1363
0.19458888888888892
-0.12976571985519356
-0.12203492063492065
-0.1924095238095238
-0.04062222222222222
0.43190833333333334
0.07711111111111112
-0.2651037037037037
-0.0891696106362773
0.0719970458553792
-0.18739941722260564
0.061358008658008646
0.06112222222222222
-0.1902258125472411
-0.08976594860166287
0.011051499118165775
-0.2595401154401154
-0.005613095238095241
-0.035331837809600496
-0.14176666666666668
-0.021161111111111113
-0.20994969474969474
0.017142087542087552
-0.4371833333333333
-0.0713031746031746
-0.010553703703703695
0.10702337662337663
-8.396990740740702e-05
-0.07288773448773449
-0.006066666666666674
-0.12318333333333333
-0.13813827160493827
-0.18838888888888886
-0.027345454545454534
0.08438333333333332
-0.07320198222829803
0.03162490842490843
-0.25456904761904764
-0.024905079365079342
-0.14328347239180572
-0.13799413580246914
-0.16923434343434343
-0.04995277777777778
-0.021332896287435777
0.002369440436107086
0.019716682449494965
0.023262222222222212
0.04734197530864198
-0.106325
0.0791131868131868
-0.07793179981027204
-0.0750787037037037
-0.15282333333333334
-0.10322037037037035
0.05372289562289564
0.16947037037037038
0.1598
0.28378333333333333
-0.2758
-0.11905833333333334
-0.26864484126984123
-0.10002444444444446
-0.17725132275132274
0.23887314814814817
-0.0767074074074074
0.16105833333333333
0.25256388888888887
-0.008084590322871565
-0.09776444444444443
0.03291767676767677
-0.12858444444444447
-0.13589444444444443
0.1137530303030303
0.1935902777777778
-0.070741519685961
-0.04270703703703702
-0.05476781688520819
-0.05557138047138046
-0.24563333333333334
0.07766666666666666
-0.22625833333333334
-0.07291666666666666
-0.20496507936507935
-0.14946666666666666
-0.0679006844236011
-0.08258055555555556
-0.05560774604280352
-0.005225576810730062
-0.08117037037037038
0.04917083333333334
0.016008888888888885
-0.0353600529100529
-0.17227222222222224
-0.17527777777777778
-0.3568166666666666
-0.044465073524359244
-0.23611666666666667
0.1468
-0.2565777777777778
0.021183333333333332
-0.12958888888888886
-0.05999777777777776
-0.06344666666666665
0.1370666666666667
0.027335185185185185
0.03522235449735452
0.13876666666666668
-0.03908333333333334
-0.17527222222222225
-0.02893095238095236
0.010511111111111101
0.0
-0.08623439153439154
-0.17841333333333334
-0.08623439153439154
-0.21606666666666666
-0.10074523809523807
0.11511851851851852
-0.05010198412698413
-0.05396825396825398
-0.04248395061728394
0.09266666666666666
0.21994444444444441
-0.0481625
-0.20719166666666666
-0.1588333333333333
-0.1904755555555556
0.0
0.0035469696969696964
-0.31835833333333335
-0.1816333333333333
0.2124236111111111
-0.3330194444444445
0.08973888888888888
0.12394984459984464
-0.11121666666666667
0.21949166666666667
-0.09272699599782934
-0.09684550264550267
0.016666666666666663
0.15868877551020408
-0.2179333333333333
0.037318632756132765
-0.1494
-0.1512147727272727
-0.14883333333333335
0.04684333333333333
0.2341
0.08240732323232323
-0.3682666666666667
-0.16415
-0.3887888888888889
-0.004998737373737368
-0.0691
0.03463333333333333
0.04277557319223987
-0.31536868686868685
-0.05278114478114476
-0.06343851851851849
0.10933333333333334
0.1797293650793651
-0.22648888888888888
0.01857492063492064
0.07108148148148147
-0.07933333333333333
0.2123876543209877
-0.3250717171717172
-0.20175
-0.2434166666666667
-0.08784232804232801
-0.2046936507936508
-0.24174431216931216
-0.22623333333333331
0.06693333333333333
-0.004815757575757584
-0.10416666666666667
-0.08991904761904762
-0.15801666666666667
0.0575439594356261
0.03397513227513226
-0.3006333333333333
-0.0720625396825397
-0.36293333333333333
0.1578724206349206
-0.17750052910052908
-0.16514373897707227
-0.1311831569664903
0.19848434343434343
-0.04746111111111112
0.11128888888888892
-0.1603988888888889
-0.4720851851851851
-0.1417
0.07855555555555556
-0.34383333333333327
0.010511111111111101
-0.0130085137085137
-0.018923905723905714
-0.03406666666666667
-0.10146666666666666
-0.16666666666666666
-0.05661574074074074
-0.07626666666666666
0.10336666666666666
0.014545169508132472
-0.036424074074074074
0.07717407407407408
-0.029166666666666664
-0.00186007696007696
-0.05030238095238094
-0.16370045351473925
-0.10756666666666666
0.19710000000000003
-0.043092945326278664
-0.14916319444444445
0.07230833333333334
-0.01965714285714286
-0.056198177542622
0.18290493827160495
0.05207999999999999
-0.11406872427983537
-0.312837037037037
-0.044797727272727295
0.16666666666666666
0.007148971193415658
-0.11721666666666668
-0.029292667414889634
-0.294950925925926
-0.06577777777777778
-0.09429040404040405
-0.0812064058956916
-0.13638657407407406
-0.08400444444444444
0.07208213301849664
-0.05070089653145208
-0.25671944444444444
0.08367407407407408
-0.024766666666666663
0.0068393650793650935
-0.12099444444444445
0.12876984126984126
-0.15616666666666665
0.46316666666666667
-0.060688253968253975
0.07792647907647908
0.041123280423280444
0.17085648148148147
-0.34959999999999997
-0.16209583333333333
0.024538772338772368
-0.1129
-0.02986028806584361
-0.10505666266360346
-0.07336666666666668
-0.010926666666666663
-0.10833888888888887
0.3356119047619048
0.022727272727272724
0.3971
0.10933333333333334
-0.04668201058201058
0.20881111111111114
-0.025107407407407394
-0.12170666666666667
-0.06911666666666667
0.030266666666666664
0.17097777777777778
-0.28646666666666665
0.07393333333333336
-0.11037698412698416
-0.2538333333333333
-0.029580793650793635
0.2665393939393939
0.025900925925925928
0.12366071428571428
-0.16682222222222223
-0.1621090909090909
-0.11870565476190476
-0.13515740740740742
-0.06666666666666667
0.11190138888888888
0.0
0.11135111111111111
-0.01928636363636364
0.0
-0.23123232323232323
0.09528888888888891
0.072475
-0.045127901234567884
-0.4834333333333333
-0.18215777777777778
-0.060141111111111124
0.10803523809523811
0.08339982363315697
-0.16224222222222223
0.13770805194805194
-0.125
0.12084999999999997
-0.10920185185185187
0.19756666666666667
0.083422403464591
-0.06705925925925928
-0.2552658436213992
-0.10681666666666667
0.2134666666666667
-0.12076464646464646
0.19426600529100527
0.5329333333333334
0.051725
-0.5121333333333333
-0.25433703703703703
-0.054955555555555556
0.0043466666666666836
0.014267724867724855
0.010891666666666668
0.11563333333333332
-0.16385555555555556
0.017716666666666672
0.01875
0.022916666666666658
0.0021342592592592615
0.24996666666666667
-0.009346666666666661
0.006861335578002263
-0.3256604938271605
-0.1755111111111111
0.03876888888888889
-0.22555945767195765
-0.20513174603174603
-0.21415833333333334
-0.13266666666666668
-0.09568592592592591
0.06812310606060606
-0.10324179894179893
-0.3595395061728395
-0.08750555555555554
-0.1560351851851852
-0.15645555555555554
0.016638888888888887
-0.2929607142857143
-0.1293781625781626
0.042733333333333325
0.05622259259259262
-0.10118201058201058
-0.11481079545454544
-0.27613333333333334
-0.5318666666666667
0.07115079365079365
-0.074575
0.07634351851851852
0.07916666666666666
-0.024999999999999994
-0.32963703703703706
-0.24094444444444443
-0.21919454545454542
-0.010177777777777767
-0.14825925925925926
-0.2553111111111111
0.15183888888888888
-0.07275833333333333
0.06499947089947089
-0.1678185185185185
0.0
0.05530976430976431
0.13003333333333333
-0.21372222222222223
-0.39388518518518517
-0.009707716049382725
-0.07828611111111111
-0.12919444444444445
-0.10003333333333332
-0.2807444444444444
-0.09768333333333333
-0.020319576719576737
-0.07490000000000001
-0.13807222222222224
0.4949333333333333
-0.3112
-0.1210638888888889
-0.004711111111111101
0.46174444444444446
0.016660317460317448
-0.07111349206349206
-0.07440285714285715
-0.040322222222222225
-0.36615777777777775
-0.21147877718988828
-0.03108333333333332
-0.18184999999999998
-0.2463861111111111
-0.07858888888888889
-0.30037380952380954
-0.13265833333333332
-0.05542037037037037
0.27340000000000003
-0.07083679283679285
-0.04985555555555554
-0.2196148148148148
-0.10185555555555555
-0.062359259259259274
-0.12414722222222223
-0.15784047619047617
0.23791666666666667
-0.09813333333333334
0.04161851851851851
-0.09121666666666667
0.0
0.17930000000000001
-0.048133333333333334
-0.03459462759462758
-0.36739501190789703
0.05156333333333333
-0.2213388888888889
0.05839747474747473
0.13975213675213674
-0.6088999999999999
-0.2261746993746994
0.07682857142857141
0.04768333333333332
-0.3474714285714286
-0.031692283950617295
-0.5340333333333334
0.017009523809523808
-0.30896666666666667
-0.10420671568290614
0.007351111111111114
-0.07523333333333336
-0.2126111111111111
-0.09613333333333333
-0.10453888888888889
-0.17339090909090907
-0.06196468253968254
0.042944444444444445
0.30145
-0.05319555555555555
-0.059204126984127
-0.1448222222222222
0.002338888888888888
-0.3534333333333333
-0.17020437710437708
-0.13538333333333333
-0.07652151416122005
-0.02904583333333333
0.113
-0.27116944444444446
-0.08862142857142856
0.024860000000000004
-0.2133111111111111
0.11191904761904763
-0.04974629629629629
-0.0835731746031746
-0.007744444444444443
-0.24990555555555558
-0.20388333333333333
-0.10195333333333333
-0.17872222222222223
0.07162222222222223
-0.04954666666666666
0.000987037037037027
0.14470714285714284
0.04401190476190475
-0.21743333333333334
-0.09116296296296296
-0.13877685185185187
-0.036430158730158736
-0.1836777777777778
-0.016013734567901224
-0.11430158730158729
-0.08904303350970016
-0.11983717171717173
-0.11627222222222221
0.13717365079365082
-0.11441894963746814
-0.09227777777777779
-0.15361111111111111
-0.03663333333333333
0.1558185185185185
-0.13279503328213008
0.0962
-0.1814888888888889
-0.08401764098593367
-0.08913475783475784
0.13766031746031746
0.0
-0.09901975308641975
-0.06162138888888888
0.07314074074074073
0.0772590909090909
-0.16915590828924162
-0.08799424603174603
-0.103925
-0.03489095238095237
0.014677777777777777
0.09398284391534391
0.06351111111111112
-0.0697751866490997
-0.4344333333333334
0.06549376114081996
-0.16722916666666665
-0.09503968253968254
-0.08274583333333335
0.004191111111111118
-0.07412222222222221
0.19693827160493826
-0.22806798941798942
-0.14702743055555556
-0.07565666666666669
-0.25743333333333335
-0.14446666666666666
-0.06988333333333334
-0.007559259259259262
-0.25000370370370373
0.10241904761904762
-0.022783333333333333
0.0063066666666667034
-0.06298690476190474
0.27936349206349204
-0.06560664789720692
-0.300657037037037
0.0
-0.029435767195767182
-0.18387037037037035
0.16057133237133234
-0.1379784126984127
-0.09517256074453041
-0.18369999999999997
-0.20036781144781146
0.09191851851851852
-0.018672392710170477
-0.17081481481481484
-0.12605006367530178
-0.016053653417289798
0.23964444444444447
-0.06666666666666667
-0.17924444444444446
-0.05360377318155097
-0.15625238095238095
-0.06904404761904763
-0.011071111111111115
-0.1479791666666667
-0.15085753968253968
-0.34446666666666664
-0.08970646945646947
-0.10279107142857143
-0.2517259259259259
-0.23439259259259257
0.2652603174603175
0.3368533333333334
-0.005933333333333328
0.05296017316017315
-0.008796296296296293
-0.13966296296296296
0.07741235896378754
-0.1340064814814815
0.31253333333333333
0.027723905723905724
-0.14028333333333334
-0.04214814814814816
-0.08888888888888889
-0.06720444444444443
-0.270811574074074
-0.028817460317460297
0.0793611111111111
-0.134
-0.12422499999999999
-0.10645502645502647
0.10933333333333334
-0.012144444444444449
-0.026523148148148167
0.03349166666666666
0.0575
-0.006607936507936525
-0.053241666666666666
0.15904027042915933
-0.23496296296296296
0.02931111111111111
-0.23604666666666665
-0.2593666666666667
0.028927777777777813
-0.15322962962962963
-0.30840555555555554
-0.0186495238095238
-0.16909333333333335
-0.07503148148148146
0.1733888888888889
-0.06722201058201058
-0.11476534391534392
-0.06810905349794237
-0.04248095238095236
-0.3513885655496766
-0.03841913919413922
-0.1093
0.07128174603174603
-0.14120181176847846
0.13415925925925923
-0.041348148148148155
-0.15041666666666667
-0.16120873015873016
-0.36938333333333334
0.07128174603174603
-0.040986247086247075
-0.2687333333333333
-0.06583841991341992
-0.12373333333333332
0.041666666666666664
0.06000000000000002
0.32352012987012985
-0.008661904761904768
0.4125222222222222
0.06024784092170457
0.2011174242424242
-0.08191790123456791
-0.04613580246913582
-0.017276984126984113
-0.16926666666666668
-0.22341111111111112
-0.22256666666666666
0.31298095238095236
0.060477777777777776
0.0
-0.08217333333333333
0.02606606060606061
0.49157619047619044
-0.29400000000000004
-0.042833333333333314
0.20256666666666664
-0.11735185185185183
-0.040267989417989404
-0.03895555555555555
-0.030737477954144627
-0.26913333333333334
-0.18503703703703703
-0.1228611111111111
0.39494999999999997
0.0
-0.1475095238095238
-0.0642888888888889
-0.024773148148148138
-0.3072713131313131
0.07983703703703704
0.004956235827664375
0.39015
-0.06439197530864195
-0.021750000000000002
-0.10556984126984126
0.008441269841269841
-0.4286666666666667
0.17548333333333332
-0.08808344356261022
0.049287500000000005
-0.20626531803542672
-0.3082444444444445
-0.08868333333333332
-0.08138106060606061
-0.06812777777777776
-0.0017680478251906884
0.019150649350649362
-0.25193253968253965
-0.055555555555555546
0.1900736111111111
-0.11399166666666667
-0.12196666666666667
-0.08333333333333333
-0.01718589743589743
-0.08532777777777778
