0.03615275200989487
0.08887844611528822
-0.2
0.08981481481481482
0.27314814814814814
-0.26875000000000004
0.065
0.495
-0.011011904761904747
0.10166666666666667
-0.002321428571428574
0.1
0.015624999999999991
0.12384615384615384
0.055234315948601655
-0.037171717171717175
0.010185185185185222
-0.09734848484848485
0.16035714285714286
0.3333333333333333
-0.14749999999999996
0.45
0.375
0.0
-0.038888888888888896
0.09375
-0.4072916666666666
0.040000000000000036
0.125
-0.75
0.04761904761904761
0.025000000000000005
0.10288461538461541
0.03809523809523809
0.25
0.10912698412698413
0.04583333333333334
0.08258928571428571
0.25
0.0772222222222222
-0.04999999999999999
-0.056249999999999994
-0.095
0.20000000000000004
-0.1875
-0.22777777777777775
0.0640625
0.08833333333333335
-0.06214285714285713
0.03611111111111111
0.4285714285714286
-0.29444444444444445
0.05
0.04650856389986825
0.375
0.06293356848912404
0.018237934904601558
0.3666666666666667
0.19345238095238093
0.056811868686868695
-0.018750000000000003
0.05334967320261437
0.20625
-0.09000000000000001
-0.002952140452140457
-0.07669934640522874
0.19999999999999998
0.14821428571428572
0.1277777777777778
0.2618326118326118
-0.15833333333333333
0.29375
0.13436920222634505
0.09545454545454546
0.0
-0.00766129032258065
0.07986111111111112
0.06041666666666668
0.375
0.4
-0.1
0.12666666666666665
0.1
-0.059259259259259255
0.13333333333333333
-0.22013888888888886
0.26666666666666666
0.13333333333333333
0.07334656084656084
0.0
-0.05
-0.23333333333333336
0.2
-0.3
0.06984848484848485
-0.171875
0.03214285714285715
0.08865497076023394
0.0
0.15735930735930737
-0.049999999999999996
0.3
0.1386772486772487
0.03333333333333333
0.0
0.0
-0.0425925925925926
0.04833333333333334
0.25
0.13333333333333333
-0.11666666666666664
-0.16666666666666666
-0.1892628205128205
0.06666666666666668
0.12090909090909091
-0.3125
0.04462962962962962
0.06136363636363637
0.7
0.325
-0.009090909090909094
-0.03928571428571429
0.0
0.15711640211640213
-0.12121212121212122
0.21250000000000002
0.090625
0.20787037037037037
0.010952380952380955
0.034510582010582005
0.29494949494949496
-0.16759259259259263
-0.35
0.0
0.24791666666666667
-0.1
-0.10156250000000001
0.058458646616541356
-0.3333333333333333
0.1382716049382716
0.07812500000000001
0.2
-0.13333333333333333
-0.5
0.027083333333333334
0.1152777777777778
-0.19999999999999996
-0.08888888888888889
-0.20833333333333331
0.2785714285714286
-0.05166666666666666
0.21666666666666665
0.008273423005565874
0.2
0.04104683195592287
-0.06514550264550262
-0.06785714285714287
-0.01777777777777778
0.21934523809523807
0.03125
0.09023809523809524
0.23522727272727273
-0.06562499999999998
0.3
-0.0022727272727272817
0.17208931419457738
0.06875
-0.15
-0.12166666666666665
0.18462232574189102
-0.05923076923076922
0.07371031746031745
-0.010333333333333337
0.06600000000000002
0.25
0.0
0.09907407407407409
0.08461538461538463
0.08636363636363636
-0.09259259259259259
0.15138888888888893
0.11136363636363637
0.22708333333333333
0.1
0.09
0.05707070707070705
-0.225
0.0
-0.15000000000000002
0.2242063492063492
-0.3
-0.1428571428571429
0.32222222222222224
0.06666666666666667
-0.19166666666666668
0.07197979797979798
-0.05858843537414966
0.125
0.06309523809523811
-0.1
-0.030000000000000006
0.2
0.27941176470588236
0.059999999999999984
0.04285147392290249
0.09106038059163062
0.10000000000000003
-0.2125
-0.21458333333333332
0.12231209150326797
-0.2333333333333333
0.25
-0.10317460317460318
0.163265306122449
0.07500000000000001
0.10034600815850818
-0.16527777777777777
0.04801587301587301
0.55
0.07500000000000001
-0.12222222222222223
-0.15600823045267487
0.1207482993197279
0.1125
-0.0688095238095238
-0.08071428571428571
0.2
-0.019166666666666665
-0.15
-0.027083333333333334
-0.1017331932773109
0.1346938775510204
0.25825000000000004
0.044804761904761896
-0.5
0.06483698593073592
-0.040734265734265716
-0.2819444444444444
0.22019647019647023
0.03409090909090909
0.09282608695652173
0.022235324947589098
0.0
-0.3589285714285714
0.05
0.16319444444444445
0.10214583333333335
0.08083333333333334
0.32
0.12777777777777777
0.07480842911877394
0.11666666666666665
0.5
0.041071428571428564
-0.041666666666666664
0.060937500000000006
0.0
0.18285714285714288
-0.11666666666666668
0.15000000000000008
-0.06472222222222221
-0.05773809523809524
-0.2702380952380952
-0.05
-0.09999999999999998
-0.06145833333333334
0.05740740740740741
-0.18402777777777776
-0.050940860215053764
-0.5
-0.06666666666666667
0.09668367346938776
0.04090909090909091
0.06098769651401231
0.002083333333333326
-0.41666666666666663
0.0873015873015873
-0.25
-0.11000000000000001
0.0883345004668534
0.05227272727272726
0.16388888888888895
0.19599358974358977
0.78
-0.25
-0.015972222222222218
-0.060606060606060615
-0.007142857142857141
-0.13696969696969696
-0.04114583333333334
0.26666666666666666
-0.15
-0.01416666666666666
0.175
0.13328730620155038
-0.08333333333333333
0.038468013468013464
0.09603174603174602
0.027777777777777783
-0.1398148148148148
0.05000000000000001
0.1324509803921569
0.10519480519480519
-0.0856862745098039
0.13333333333333333
0.43333333333333335
0.005986952861952862
0.13815789473684212
0.09623015873015874
0.08363095238095239
0.12142857142857143
0.18571428571428572
0.1361111111111111
0.125
-0.035
0.02890765765765765
0.13034514790764795
-0.23333333333333336
-0.1
0.04999999999999999
0.16999999999999998
0.05777777777777779
-0.0357142857142857
-0.08299319727891155
0.059328787878787884
-0.09523809523809523
0.06045454545454545
0.25
-0.15625
0.018947368421052636
-0.05708333333333333
0.030555555555555558
0.0862012987012987
-0.0875
0.10653333333333334
0.0661764705882353
0.14375
0.3221428571428572
-0.3125
-0.049999999999999996
0.2
0.10833333333333332
-0.03749999999999999
-0.003598484848484841
0.15
-0.05238095238095238
0.01455026455026456
-0.4
0.3181818181818182
0.0
0.14512471655328799
0.29666666666666663
0.11904761904761904
0.20267857142857137
-0.05
0.0
0.0007692307692307827
0.15833333333333335
0.10750000000000003
0.06236263736263736
-0.10396825396825397
-0.0028571428571428693
-0.03333333333333335
0.1
0.175
0.004298642533936656
0.039999999999999994
-0.03958333333333333
0.0875
0.10541666666666667
-0.12499999999999999
0.0
0.05992063492063493
0.11818181818181818
-0.13333333333333333
0.18392857142857144
0.202
-0.014695720945720943
0.09999999999999999
-0.010890804597701146
0.16
0.09047619047619047
0.0
0.08819444444444442
0.0015066964285714302
-0.03444444444444446
0.034999999999999996
-0.6
-0.4
0.12532051282051285
0.3
0.002777777777777777
-0.026683501683501684
-0.12233560090702948
0.1
0.04814814814814813
0.0013888888888889117
0.19768907563025206
-0.10320987654320987
0.1
-0.03389583333333334
0.025000000000000005
-0.05
0.2333333333333333
0.015384615384615394
0.312
0.0
-0.1325
0.19875
0.35833333333333334
0.11458333333333333
0.21666666666666667
-0.15
-0.11041666666666668
0.21948051948051947
0.26666666666666666
0.20833333333333334
0.075
0.06520146520146522
0.3410704447068084
-0.21728395061728392
0.12705882352941178
0.0131827731092437
0.125
0.18843537414965986
-0.11515151515151514
-0.20865384615384613
0.08285714285714287
-0.05000000000000002
-0.125
0.07857142857142858
-0.15428571428571422
0.09166666666666667
0.0
0.22499999999999998
0.004761904761904761
0.45
-0.08724489795918368
0.15536616161616162
0.2
0.15714285714285717
0.10677083333333334
-0.07500000000000001
0.05138888888888888
-0.47500000000000003
-0.3333333333333333
0.55
-0.16666666666666666
-0.375
0.075
0.06190476190476191
0.11193427784336875
0.01255892255892257
0.11333333333333333
0.040616246498599434
-0.5
0.15000000000000002
0.11268315018315017
0.18863636363636366
0.36818181818181817
0.10119047619047618
-0.047222222222222235
0.08486251402918069
0.09187499999999998
-0.18928571428571428
0.011111111111111115
0.2333333333333333
-0.06527777777777778
0.225
0.10476190476190476
0.0
-0.19166666666666665
0.13148148148148148
0.005519480519480494
-0.08761904761904762
-0.0888888888888889
-0.029868247694334653
-0.07111111111111112
0.0803030303030303
-0.22380952380952382
0.17708333333333337
0.0
0.11923076923076922
0.3458333333333333
0.0
0.0576923076923077
