0.12380952380952381
0.07142857142857142
0.04965986394557823
-0.15625
0.2625
0.0
0.07163299663299665
0.16527777777777772
0.12450461666147941
0.08333333333333333
0.8
0.14444444444444446
0.09567099567099567
-0.18823529411764706
-0.25487012987012986
-0.28817791005291027
0.21857142857142858
0.04999999999999998
0.35
0.145
0.35
-0.256511544011544
0.041666666666666664
0.08928571428571429
0.17200000000000001
-0.078125
0.019047619047619053
0.045238095238095244
0.017261904761904763
0.0
0.010648148148148141
0.09814814814814814
-0.06125
-0.05402453102453103
-0.19999999999999998
-0.13833333333333334
-0.12916666666666665
0.006777360066833747
0.0009453781512605
0.2619047619047619
0.05390476190476192
0.10509259259259261
0.08774509803921568
0.040891472868217045
-0.053571428571428575
0.17931677018633538
-0.14027777777777775
0.15833333333333335
0.19551587301587298
0.012142857142857144
0.1953125
0.05
-0.056249999999999994
-0.22916666666666666
-0.11666666666666665
0.17702546296296298
0.06666666666666667
-0.06333333333333332
0.13452380952380952
-0.004315476190476205
-0.15
0.24583333333333335
0.035714285714285726
0.356060606060606
-0.1845238095238095
0.028844444444444447
-0.1125
0.14345238095238097
0.24196428571428577
-0.75
0.1982142857142857
0.1
0.013685577111503035
-0.014285714285714285
0.010277777777777782
-0.020624999999999984
0.06666666666666667
-0.1
0.25
-0.05204311454311454
0.2444744318181818
0.475
0.0875
-0.18
0.045999879749879756
-0.008859427609427619
0.024999999999999994
-0.054058441558441556
0.10157203907203907
0.11212121212121211
0.12727272727272726
-0.008650932400932402
0.018506493506493492
0.15555555555555556
0.03846153846153846
0.053869047619047615
0.0
0.13898809523809522
-0.29999999999999993
0.11714285714285715
-0.1
-0.034999999999999996
-0.1284722222222222
0.1142857142857143
-0.25
0.16666666666666666
0.0659090909090909
0.13999999999999999
0.026623376623376622
-0.43499999999999994
0.2638392857142857
0.047275132275132276
0.12999999999999998
0.04134615384615386
0.265
-0.26666666666666666
-0.0002560163850486279
-0.1
0.125
0.04285714285714286
0.35
0.07116402116402118
-0.4
0.175
0.018703703703703726
-0.32
0.18943001443001442
0.12258454106280194
0.0
-0.15092857142857144
0.03810606060606062
0.16520941558441557
0.06000000000000001
0.034374999999999996
0.03916666666666667
0.07009379509379508
-0.08839285714285713
0.0
-0.09583333333333333
0.09999999999999998
-0.16666666666666663
0.10170815295815296
0.04166666666666666
-0.18333333333333335
-0.2999999999999999
0.1107142857142857
0.2416666666666667
0.03333333333333334
0.18000000000000002
0.2
-0.01912698412698412
0.0
0.08333333333333333
-0.44000000000000006
-0.09999999999999999
0.03166666666666666
0.0
-0.21666666666666665
0.13715277777777782
-0.13061959402901788
0.04999999999999999
-0.2171428571428571
-0.09191919191919191
0.0
0.40714285714285714
0.0625
0.275
0.05
0.045833333333333316
-0.5
-0.09272727272727274
0.12916666666666665
0.25
0.017039682539682535
0.3185714285714286
-0.3125
0.09027777777777779
0.03941798941798942
-0.0962962962962963
0.39999999999999997
0.004571428571428571
0.004571428571428571
-0.32222222222222224
-0.13740327380952383
-0.125
-0.6
-0.10705128205128209
-0.03333333333333333
-0.22727272727272727
0.0484375
0.10972222222222222
0.0
0.15357142857142855
0.024603174603174596
-0.041666666666666664
0.35
0.05
0.024846894138232725
-0.06
-0.15396825396825398
0.061904761904761914
0.18910256410256412
0.024965986394557833
0.019047619047619032
0.17292149292149292
0.07904040404040402
-0.049999999999999996
0.2
0.23571428571428574
0.2
-0.04999999999999999
0.01907142857142857
0.022448979591836733
0.0
0.054405929038281974
-0.09114285714285715
0.04
0.21428571428571427
0.11499999999999999
0.11465201465201466
0.0035259740259740236
-0.4124999999999999
0.2
-0.2464285714285714
0.02934070434070434
-0.01388888888888889
-0.027549261083743833
0.13285714285714284
0.05148809523809524
-0.12499999999999997
0.13636363636363635
0.040429687500000006
0.005999278499278504
-0.036111111111111115
-0.12962962962962965
-0.8
0.13285714285714287
-0.01421130952380951
0.023214285714285715
-0.35
-0.06500000000000002
0.04
-0.04166666666666667
-0.10305555555555554
0.23694444444444443
0.08511904761904764
0.10846560846560847
0.06785714285714284
0.0
0.11361607142857146
0.1611111111111111
0.1449294532627866
0.07499999999999998
-0.1
0.07506944444444445
0.21428571428571427
0.1
0.11212121212121212
0.025
-0.12333333333333334
-0.2384920634920635
-0.08139880952380953
0.04124149659863946
0.3833333333333333
0.0006521739130434885
-0.2586734693877551
0.13333333333333333
0.15000000000000002
0.23920634920634917
0.15711805555555555
0.05488095238095238
-0.2
0.06227272727272728
-0.0476686507936508
-0.22999999999999998
0.21244486645430039
0.09862745098039219
-0.024748066141508755
0.053333333333333344
0.055882352941176466
0.053333333333333344
0.02611541684122329
1.0
0.03353174603174602
0.0011111111111111126
-0.025925925925925932
0.20750000000000002
0.21279761904761904
-0.0381265664160401
-0.1375
0.06920289855072465
-0.006491228070175443
0.16220833333333334
0.06666666666666665
0.1375
-0.02316808813077469
0.171484375
0.7
0.08839285714285715
-0.027777777777777766
0.0
0.007408963585434185
0.18323863636363635
0.0
0.0761111111111111
0.07333333333333336
-0.0875
0.0
0.0
0.05830952380952381
-0.215
0.10303030303030303
0.1
0.004678839678839682
0.20999999999999996
0.0
0.2
-0.1159090909090909
-0.040363636363636345
0.09
-0.5
0.17500000000000002
0.005357142857142858
0.225
-0.04024621212121212
0.275
-0.3125
0.05000000000000001
-0.14261904761904762
0.1775
0.09772727272727272
-0.1
0.08333333333333331
0.05
0.07812500000000001
0.49772727272727274
0.15
0.06666666666666667
0.12633676351896692
0.14581632653061227
-0.0016666666666666718
0.06666666666666667
-0.13095238095238093
-0.125
0.026547619047619042
-0.059948979591836746
-0.22698412698412693
-0.0375
-0.024999999999999994
0.05119047619047618
0.15555555555555556
0.036706349206349215
0.09270833333333334
0.0475
-0.3
-0.10555555555555556
0.18
-0.024999999999999994
0.04404761904761905
0.1237665343915344
0.1801126472094214
0.1957908163265306
0.19583333333333333
0.05530303030303032
0.25357142857142856
0.1604761904761905
0.18888888888888888
0.2
0.2
-0.04999999999999996
-0.0016522366522366753
0.3183333333333333
0.35833333333333334
0.1
0.13996031746031748
0.0
0.08422619047619051
-0.22083333333333333
-0.0125
0.18125
-0.20800000000000002
0.225
0.0
-0.125
0.13274225774225776
-0.002272727272727272
0.033333333333333326
0.13602019288728148
-0.06964285714285716
0.16994348244348242
0.0
0.09871651785714286
0.20642424242424245
-0.051131616921090604
-0.125
0.05
0.11105307735742517
0.1
-0.06666666666666667
-0.225
0.010416666666666668
-0.036111111111111115
0.26785714285714285
0.5
0.008024691358024682
0.12285714285714286
0.005555555555555548
0.1791666666666667
0.0166666666666667
-0.1909090909090909
-0.13555555555555554
0.1654952380952381
-0.3625
-0.02833333333333332
0.02818322981366461
0.045535714285714284
0.050625
-0.035
-0.5
0.0038419913419913284
-0.015151515151515159
0.26785714285714285
0.06360367063492064
-0.052500000000000005
0.3333333333333333
0.11979166666666666
0.07857142857142857
-0.03333333333333335
-0.1125
0.19639475108225107
0.038461538461538464
-0.08055555555555555
-0.012499999999999997
-0.0016156462585034015
0.007407407407407404
0.55
0.07517605633802818
0.15999999999999998
-0.8
0.15813492063492063
0.07083333333333333
0.19666666666666666
0.05833333333333335
0.2193877551020408
-0.00028711484593837825
-0.5
0.11249999999999999
0.2333333333333333
0.14375
0.2625
0.1378787878787879
0.2
0.19464285714285712
0.042517006802721094
0.14285714285714285
0.05000000000000001
0.028698224852071012
-0.1752435064935065
0.14666666666666664
0.057222222222222216
-0.12948451548451548
0.14793083900226758
0.03472222222222223
0.021726190476190493
0.11666666666666668
0.2643939393939394
0.03869047619047618
-0.04666666666666666
0.15248242748242752
0.08855211817168337
0.135
-0.03854166666666666
-0.12000000000000002
0.1346153846153846
-0.09999999999999999
0.03968162744024811
0.0014285714285714457
-0.08749999999999998
0.0
0.2857142857142857
0.016950757575757574
0.19999999999999998
0.13541666666666666
0.0
0.5
0.11964285714285715
0.07699206349206351
0.10892156862745098
-0.375
-0.06719846245708312
-0.08666666666666667
0.17501725327812287
0.1287994932882341
0.2916666666666667
0.03055555555555555
-0.15000000000000002
0.12
-0.5
0.3428571428571429
0.03799970605526159
-0.06122448979591836
0.31666666666666665
0.1861111111111111
1.0
0.25857142857142856
-0.0666389811738649
0.1425718101916449
0.2638888888888889
-0.07245670995670994
-0.08888888888888886
0.17916666666666667
-0.05555555555555556
0.29379509379509383
0.1
0.14072916666666668
0.08974358974358974
0.2433028628117914
0.14038461538461539
-0.13333333333333333
0.13246527777777778
-0.07777777777777779
-0.0642857142857143
-0.09335664335664336
0.019642857142857146
0.1399891774891775
0.2625
-0.009880050505050515
-0.1277777777777778
0.030833333333333334
0.0
-0.15
-0.14193722943722945
-0.06903794037940378
-0.0006172839506172941
0.08090180516651105
