-0.007997883597883606
0.005771428571428548
-0.08778333333333332
-0.05518714207905384
-0.0773
-0.3987583333333333
0.0
0.19537999999999997
-0.05888384239217571
-0.11929166666666664
-0.008449999999999994
0.022808333333333337
-0.21329166666666666
-0.2080432098765432
0.030196296296296294
-0.5191333333333333
-0.13068888888888888
-0.053799999999999994
-0.02992193732193733
0.151258024691358
-0.1309486111111111
-0.2840361111111111
0.0032801587301587074
0.04465
-0.23940000000000003
-0.2740833333333333
-0.15395555555555554
-0.11618518518518521
-0.042275
-0.005341666666666661
0.1221
-0.1162748484848485
0.019597222222222238
-0.07366428571428572
-0.14982037037037035
-0.026981851851851854
-0.13131111111111113
-0.03667222222222221
-0.34964990740740737
0.06558000000000001
-0.2997166666666667
0.03330246913580246
0.03861030303030303
-0.016322222222222234
-0.019980555555555557
-0.0936861111111111
-0.14384814814814814
-0.19341746031746032
-0.07090666666666665
-0.0928875
0.0021201322751322658
-0.20445833333333333
-0.1170880341880342
0.08105925925925929
-0.012273333333333322
-0.3147583333333333
-0.11011333333333333
0.00991111111111112
-0.3133330158730158
-0.4079761904761905
0.03689206349206349
-0.10606666666666668
0.08946666666666665
-0.03281188983855648
0.2177
0.27565
-0.09931801889866405
-0.11641604938271603
-0.09922888232625075
-0.06808253968253969
-0.14528749999999999
0.20581818181818182
0.040070238095238096
-0.26353333333333334
-0.23228333333333331
-0.23471519274376415
-0.16966666666666666
-0.08630178062678061
-0.22407407407407406
-0.13515396065922383
-0.2734722222222222
-0.07232222222222223
-0.16036944444444445
-0.21262962962962964
0.11355
-0.17827777777777779
-0.15434320987654324
-0.39866666666666667
0.07638095238095238
-0.0648753086419753
0.02380776014109347
-0.30127777777777776
0.42072063492063494
0.08061666666666667
0.12352539682539683
0.11301428571428578
0.01239999999999999
-0.016434089191232033
0.16666666666666666
0.11137557319223983
0.06634769204225727
0.06634769204225727
-0.16440158730158727
-0.07463428571428571
-0.05288650793650795
-0.2481083333333333
-0.06666666666666667
0.05685694444444447
-0.03282555555555555
0.034923417851989304
-0.44016666666666665
-0.16946225749559082
-0.10673055555555556
0.040902777777777774
0.13219999999999998
-0.16905555555555554
0.36728333333333335
-0.049289754689754696
-0.258862962962963
-0.06574074074074075
-0.1272122574955908
-0.03229090909090911
-0.21530132493768858
0.05300138888888889
-0.13288888888888892
0.046464492945326286
0.049077777777777776
-0.05124999999999998
-0.07548565656565658
-0.11505079365079364
0.16838690476190477
0.08684905517762663
-0.6067666666666667
-0.2303666666666667
-0.4612833333333333
-0.1492777777777778
0.5837703703703704
-0.08052847222222222
-0.07254502596169261
-0.23154
-0.02016697790227202
-0.05894246606855302
0.3247333333333333
-0.3498305555555555
0.3422388888888889
-0.07375380116959063
-0.44145833333333334
-0.17592962962962963
0.3042833333333333
0.11709999999999998
0.09047407407407408
0.0
0.31047222222222226
0.18472222222222223
-0.22699444444444447
-0.01529024470899471
-0.14479876543209877
-0.27076333333333336
-0.0929
-0.09698333333333331
-0.13691758241758242
0.0050629629629629636
-0.1472388888888889
-0.45858333333333334
-0.4772
-0.13488296296296295
-0.005753725749559083
-0.15455555555555556
-0.011224691358024683
0.25394
-0.041666666666666664
0.07117839506172842
0.1085468253968254
-0.15353192239858907
-0.07123333333333333
-0.1632074074074074
-0.23165343915343917
-0.01319130036630034
-0.28132380952380953
0.656520202020202
-0.06161862433862434
-0.2420620223398001
0.035444444444444445
0.014016293582960268
-0.42515555555555556
-0.1277216049382716
-0.3006333333333333
-0.07695050505050503
-0.09218333333333334
-0.11486666666666669
0.15010246913580247
0.08708333333333333
0.14722222222222223
0.0779837421837422
-0.1692501851851852
-0.19861736111111114
-0.030774074074074093
-0.07457407407407408
-0.215487962962963
-0.23945555555555553
-0.27209629629629634
-0.2733083333333333
-0.054746666666666666
0.0032833333333333325
-0.09644411764705885
-0.009511111111111118
-0.018996296296296306
-0.10728124098124099
-0.010158333333333333
-0.14041250000000002
0.012700000000000008
-0.40440000000000004
0.014133333333333333
0.009012962962962967
-0.1563589898989899
-0.08488541666666666
-0.08333333333333333
-0.17586363636363636
0.022727272727272724
-0.10639999999999998
-0.20957777777777778
-0.11215837542087542
-0.09426
-0.13436444444444445
-0.1047411111111111
-0.060858377425044075
-0.34891190476190476
0.04882363315696647
-0.29685628306878303
-0.08274365079365081
0.6006666666666667
0.20527777777777778
-0.016350000000000003
-0.01692360760381593
0.013363636363636355
-0.4394222222222222
-0.10872018140589568
0.12093129251700681
-0.1409133333333333
-0.033194444444444436
-0.16056666666666666
-0.05368333333333333
0.26281666666666664
0.10262268518518519
-0.2619833333333333
-0.04045000000000001
-0.04045000000000001
-0.1301296296296296
-0.15047045454545457
0.18092698412698413
-0.20554444444444445
0.18092698412698413
-0.22783909465020577
-0.17198174603174607
0.15970793650793655
-0.0035326530612244827
0.05466666666666667
-0.2675349206349206
-0.26288015873015874
-0.19631666666666667
0.044046127946127965
-0.11241481481481484
-0.3739666666666667
-0.09737999999999998
-0.1734513888888889
0.011877777777777793
-0.23182625661375664
0.10299398148148149
-0.3497045454545455
-0.296652733686067
-0.11818888888888888
-0.047006666666666676
-0.18582666666666667
0.16414074074074073
-0.39564000000000005
-0.10181718801480706
-0.03756000000000002
-0.08865555555555556
0.3541666666666667
-0.06924999999999999
0.002725000000000005
-0.01789999999999999
-0.1596609523809524
0.021622154882154892
-0.23256868686868684
-0.18447575757575754
-0.07223590853590854
-0.3467952380952381
-0.23504444444444447
-0.08660555555555556
-0.06293555555555556
0.1554703703703704
0.0
-0.01213703703703703
-0.012000000000000002
-0.09462222222222222
0.16463333333333333
-0.010930555555555563
0.06831458333333333
-0.07467777777777776
0.06666666666666667
-0.11196296296296297
0.05418333333333334
-0.031155555555555565
-0.08957083333333334
0.05466666666666667
0.19471552429052427
-0.1791
0.01658333333333333
-0.04972685628211945
-0.03404583333333334
-0.0980292181069959
-0.15620666666666663
-0.3098666666666667
0.10537222222222221
0.1242703703703704
-0.030995061728395053
-0.157925
-0.019846666666666655
-0.08529999999999997
-0.17241666666666666
-0.09240231481481483
-0.04938994107744108
0.09896666666666669
-0.11518181818181818
0.35614999999999997
-0.042966666666666674
-0.11785087061087061
0.005541269841269829
-0.036242424242424236
0.14008222222222225
-0.47556666666666664
-0.2494597222222222
-0.018855940355940366
-0.03116666666666666
0.325
0.11487513227513224
-0.13421666666666668
-0.16158888888888887
0.09558783068783068
0.029055555555555567
0.1623792706778818
-0.07363467786274804
0.04681854256854257
-0.06448783068783069
-0.1112017857142857
-0.050768518518518525
-0.003744260789715357
0.13257965367965371
0.01694259259259257
-0.08100656565656568
-0.101275
0.06463314436885864
0.3156333333333333
-0.24618888888888887
0.0321
-0.13761666666666666
-0.08117777777777777
-0.041666666666666664
-0.14209166666666667
-0.019333333333333334
-0.046977777777777764
-0.1362851851851852
-0.03423333333333333
-0.0015918643727956077
0.08353333333333335
-0.06654907407407407
-0.09933801256613757
-0.04845185185185185
0.018847222222222237
-0.11287625830959165
-0.1802466049382716
-0.1333642857142857
0.20691666666666664
-0.1111484126984127
-0.035204761904761926
-0.5939666666666666
-0.07382857142857141
-0.041258333333333334
-0.25877936507936505
-0.05484383394383393
-0.05423099829463465
0.03473055555555557
0.01569166666666665
-0.07945
0.23963333333333336
-0.20421978458049886
0.09855421218992645
0.11812222222222224
-0.1617335482804233
-0.025733333333333334
-0.05721111111111113
-0.09643209876543213
-0.1454746913580247
-0.2195638888888889
0.14187777777777774
-0.05658888888888889
-0.05732651515151515
-0.006822558922558934
0.2007388888888889
0.03086976410934743
0.23129999999999998
-0.17575138888888894
-0.019159259259259265
-0.07145572304679448
-0.24536666666666665
-0.04113888888888889
-0.006118518518518523
0.13257453703703706
0.0736209288653733
0.024150000000000005
-0.08678703703703704
0.11178333333333335
-0.014333333333333345
-0.12128888888888889
-0.3901666666666667
-0.01570627705627703
-0.32938333333333336
0.11320847953216377
-0.08601386243386246
0.06545518077601413
-0.06329777777777774
-0.08639999999999998
-0.07499404761904761
-0.10811666666666665
-0.26571269841269846
0.06867777777777777
-0.106675
-0.18183709684217328
-0.5938267195767196
-0.02847896825396824
-0.33995555555555557
-0.06635
0.0
-0.16743611111111112
-0.23859166666666667
-0.03867868480725624
-0.011813888888888893
-0.4171074074074074
0.02384095238095235
-0.16719188712522046
-0.24295333333333335
-0.3408481481481482
-0.03481203703703702
-0.06428571428571427
-0.09959121212121212
-0.08018888888888888
-0.055555555555555546
-0.17028979591836735
-0.19842116402116403
-0.01656666666666667
0.009920634920634918
0.1279357142857143
-0.05839100529100529
0.04831944444444448
-0.1297173611111111
0.13880222222222227
0.05694166666666666
-0.0765285714285714
0.059661212121212136
-0.1335888888888889
0.125253125
-0.049131216931216914
-0.2650669312169312
-0.13063432098765435
-0.1742126984126984
-0.08025298960298961
-0.09347703703703704
-0.15138888888888888
-0.07986111111111109
-0.2503777777777778
-0.12470012626262626
-0.09076806156806157
-0.06864263038548751
-0.020929629629629642
-0.07860370370370373
0.12043663003663004
0.02051851851851851
-0.10273240740740741
0.0
-0.06908641975308642
-0.08386666666666666
-0.02248469308469307
0.04245151515151515
-0.05245387205387203
0.06105439153439154
0.08327047619047621
0.033592207792207784
-0.01779100529100529
-0.1858
-0.15067777777777777
-0.08491666666666665
0.04311719576719574
0.08914289891395157
-0.20989444444444447
-0.08630415263748598
0.07826913580246911
-0.037365714285714266
-0.27651333333333333
-0.06978024691358026
-0.14376228956228956
0.2084845238095238
-0.03912777777777778
0.5667666666666666
-0.15024356261022925
-0.0554
-0.01824444444444444
-0.009133333333333346
0.031566666666666666
-0.03883651480794336
-0.06786006493506493
0.06431111111111112
-0.25053690476190477
-0.40595
-0.1397925925925926
-0.24504888888888887
-0.17277626102292767
-0.13764285368468376
-0.07313698005698005
-0.3052333333333333
-0.00999999999999999
-0.11066666666666665
0.12510000000000002
-0.3169097222222222
0.09664967452300784
-0.14385
-0.49135833333333334
-0.21329166666666666
-0.10736192094942093
0.07325786435786436
-0.0484
-0.12190120057720057
-0.039361111111111104
-0.09158333333333334
-0.04075833333333334
0.03313833039388595
-0.07913511904761905
-0.19617901234567903
-0.03242873015873016
0.11525331850688995
0.045507407407407406
-0.06959047619047619
-0.05547666666666665
-0.10930000000000001
0.009283333333333347
-0.039555952380952386
-0.12982833472570318
-0.019266666666666637
-0.23656666666666668
-0.010643162393162375
-0.2814
0.011593650793650797
-0.08428571428571428
-0.16666666666666666
-0.05961234567901234
0.08132121212121209
-0.14004027777777778
-0.0412148148148148
-0.14811428571428573
-0.24481666666666668
-0.2894833333333333
-0.3078
-0.14353333333333332
-0.10732777777777776
0.017241071428571432
-0.08581259259259257
0.00663789173789174
-0.051990370370370374
-0.14896152683295544
-0.20270055555555555
-0.10831904761904763
-0.27551944444444443
-0.12257777777777779
-0.054789417989418
-0.04620899470899472
0.034526864252645506
0.28706666666666664
-0.15023777777777778
-0.4166666666666667
-0.09880555555555555
-0.30171466364323507
-0.2454111111111111
-0.31805432098765435
-0.05197777777777777
-0.30943777777777776
-0.11391733605900273
-0.04419124579124581
0.02036666666666666
0.15003690476190476
0.0672704761904762
-0.19204999999999997
-0.24611666666666668
-0.11364493284493282
0.3174902777777778
0.011216666666666653
0.055312623224728484
0.13519629629629631
0.29563492063492064
0.01486999999999998
-0.09693333333333336
-0.35600000000000004
-0.02263677248677252
-0.18627345679012344
-0.04121728395061728
-0.15076944444444443
-0.13641190476190476
0.12040000000000001
-0.037000000000000005
-0.031045833333333325
-0.04937555555555557
0.1406333333333333
-0.1052839947089947
-0.2053583333333333
-0.18800000000000003
-0.08424479166666667
-0.06141944444444444
-0.10675714285714287
-0.026666578483245145
-0.08333333333333333
0.03147486772486773
-0.17304444444444442
0.14301428571428568
0.10987083333333335
0.03363111111111112
0.20872222222222225
-0.03171891534391532
0.07166010101010102
-0.06001739618406284
-0.14562222222222224
0.04719895833333334
0.21393333333333334
0.2551333333333333
0.16943333333333332
0.02538034511784511
-0.02992358906525573
0.11554587742504409
-0.18447693602693604
-0.06651634867190422
-0.09246277056277057
-0.05013909465020578
-0.41146666666666665
0.006066666666666665
-0.4242916666666667
0.07755333333333335
-0.24157037037037035
-0.2517666666666667
0.04658434343434346
0.026683333333333326
-0.16337962962962962
