0.2857142857142857
-0.15555555555555559
0.026190476190476195
0.13999999999999999
0.15
0.1757387057387057
0.2722222222222222
0.056944444444444436
0.06856060606060604
0.2857142857142857
-0.1
0.00976190476190476
0.5
0.052083333333333336
0.10277777777777777
0.23794642857142856
0.2
0.11022727272727273
0.2
0.0
-0.024392361111111118
0.0
0.23750000000000002
0.2
0.0
0.12488228849339957
-0.01728395061728396
-0.325
0.09047619047619047
0.0912037037037037
-0.00602678571428571
-0.027806122448979596
0.3180555555555556
0.0
0.13333333333333333
0.0
0.3208333333333333
0.0
-0.7749999999999999
0.17883184523809526
0.11087159863945581
-0.44000000000000006
0.06538461538461539
0.027777777777777773
0.0
0.034848484848484844
0.12890624999999997
-0.1
-0.13454545454545455
0.16266233766233765
0.40277777777777785
-0.07333333333333333
-0.1358333333333333
0.01994949494949494
0.08333333333333333
0.08333333333333333
-0.11904761904761905
0.01743827160493827
0.043525
0.010416666666666666
0.02452380952380953
0.1484848484848485
0.10833333333333336
-0.22205882352941173
-0.17826797385620913
0.125
0.0
0.3333333333333333
-0.08999999999999997
-0.0028571428571428693
-0.13749999999999998
-0.29125
0.27999999999999997
0.6583333333333333
0.0
0.075
0.04064625850340136
0.17708333333333334
-0.07333333333333333
-0.11249999999999999
0.07291666666666666
0.1515151515151515
-0.07761695906432751
0.0
-0.18333333333333335
0.0
0.3125
-0.275297619047619
0.09999999999999999
0.14733250876108017
0.15238095238095237
0.0037878787878788058
0.033333333333333326
0.18
0.04761904761904762
0.1425925925925926
-0.038888888888888896
0.375
-0.1
-0.055263157894736854
-0.017499999999999998
0.33579545454545456
-0.1822222222222222
0.18703703703703703
0.175
0.29642857142857143
0.26666666666666666
-0.0563157894736842
-0.05
-0.05000000000000002
0.16444444444444445
0.043202614379084965
-0.14444444444444446
0.25740740740740736
-0.010879629629629635
0.14843749999999997
-0.23541666666666666
0.014912280701754373
0.3354166666666667
-0.1375
-0.5625
0.0
0.5
-0.05555555555555555
-0.1625
0.18714285714285714
0.1800865800865801
0.5
0.1374579831932773
0.0
0.16694139194139196
-0.6999999999999998
-0.05010204081632655
-0.05714285714285715
-0.020535714285714296
-0.03653846153846155
0.13484848484848483
-0.19166666666666668
-0.19166666666666668
-0.275
-0.4
-0.14117647058823532
0.35777777777777775
-0.225
-0.3
-0.1608333333333333
0.20452380952380958
0.2052749719416386
-0.1619140625
0.5
0.6666666666666666
-0.06944444444444445
0.07055555555555554
0.1111111111111111
0.13053571428571425
-0.12000000000000002
-0.25
0.03295454545454545
0.15611111111111112
-0.19444444444444445
0.09583333333333333
0.06000000000000001
-0.1851190476190476
0.18177083333333333
-0.35333333333333333
0.04252873563218391
0.16
-0.12166666666666667
0.12333333333333334
0.1284177654406662
0.3111111111111111
-0.2400793650793651
0.325
0.4
-0.19166666666666665
0.10909090909090907
0.24621212121212122
-0.08222222222222222
0.322071158008658
0.0
-0.28541666666666665
0.15
-0.03051948051948052
0.033333333333333326
0.105
0.0
-0.039935064935064934
0.08666666666666666
0.2333333333333333
0.1867013888888889
-0.17500000000000002
0.3375
0.3333333333333333
0.24186602870813392
0.10416666666666667
-0.45
0.0402777777777778
0.09545454545454544
-0.375
-0.19444444444444442
0.062294823232323236
0.01190476190476193
0.12824074074074074
0.18125
-0.04999999999999997
-0.30833333333333335
0.12525169018224577
0.071875
0.071875
0.03675089083252348
0.22272727272727275
-0.08333333333333333
0.12371820887445889
0.038322185061315496
-0.17142857142857143
0.06853174603174603
-0.1765151515151515
0.05833333333333331
-0.08834054834054834
-0.024999999999999994
0.06944444444444443
0.04714285714285714
0.14285714285714285
-0.3499999999999999
0.09204545454545454
-0.0711111111111111
0.7
-0.12666666666666665
0.04375000000000001
-0.11150793650793649
-0.02730158730158731
0.2333333333333333
0.35
0.06428571428571428
0.019999999999999973
-0.07142857142857141
0.09864795918367346
0.31
-0.20833333333333334
0.5
0.1075
0.04979296066252588
0.032877846790890265
-0.16944444444444448
-0.128125
0.10000000000000002
0.04181818181818182
-0.021428571428571432
-0.22999999999999998
0.18357142857142855
0.11614682539682541
0.12035714285714283
0.004761904761904765
0.04666369047619047
0.03506944444444444
-0.11963877051767678
-0.01991115849324804
-0.0049382716049382784
-0.09595959595959598
-0.25
-0.04798209366391184
0.17500000000000002
0.20000000000000004
-0.16666666666666666
0.5333333333333333
-0.009646177685950426
-0.04462719298245613
-0.6666666666666666
0.013050489699425866
-0.1369047619047619
-0.08425925925925926
0.05694444444444444
-0.08333333333333333
0.10810185185185187
0.03582210998877665
0.028571428571428564
0.03624999999999999
-0.12857142857142856
0.34821428571428575
0.00625000000000001
0.175
0.17333333333333334
0.18333333333333335
0.0973365617433414
0.2425
0.000900880728466929
0.049999999999999996
-0.01875
0.14476190476190476
-0.5
0.14100000000000001
0.0
-0.5
0.0
0.13313492063492063
-0.07142857142857142
0.1
0.05555555555555556
0.0
0.059999999999999984
0.14192708333333334
0.3038095238095238
0.0625
-0.14875000000000002
-0.025
0.11666666666666665
0.02619047619047619
-0.02937499999999997
-0.18125
-0.05
0.09999999999999999
0.03928571428571427
0.11190476190476191
0.58
0.06666666666666667
0.14785714285714285
0.22333333333333333
0.10404040404040406
0.06759259259259259
-0.24666666666666667
0.0
0.0049382716049382784
0.13928571428571426
0.0
0.1
-0.011249999999999993
-0.5
-0.1763888888888889
-0.3
-0.5
0.016326530612244903
-0.23229166666666667
0.10666666666666669
-0.15
-0.18333333333333335
-0.175
-0.06944444444444443
0.06392857142857145
0.13903061224489796
0.016785714285714293
0.0
0.0
-0.029183201058201057
-0.13194444444444442
0.22500000000000003
0.042690845739626226
0.05582894158981116
-0.0734722222222222
0.11500000000000002
0.175
0.13703703703703704
0.0006493506493506521
0.14543010752688174
0.0764978354978355
-0.013194444444444434
0.09823481116584566
0.1025857654889913
0.16061688311688313
0.28409090909090906
0.09220238095238098
-0.12619047619047616
0.043287037037037034
0.07103174603174604
0.02499999999999998
0.13999999999999999
-0.006250000000000004
0.05308441558441559
-0.07950303819444443
-0.05833333333333334
0.22777777777777777
-0.52
0.35
-0.15012195121951216
0.0483068783068783
0.016666666666666673
0.08749999999999998
-0.09047619047619047
-0.05714285714285716
0.15000000000000002
-0.4333333333333333
0.030736208236208228
-0.075
0.008750000000000008
0.325
0.15765306122448977
0.25
0.08535714285714287
0.8
0.09573112073112074
0.06259594572094572
0.43333333333333335
0.10448412698412697
0.013333333333333336
0.12742424242424244
0.2916666666666667
0.05162037037037037
0.6
0.06574074074074074
0.42748917748917753
0.48333333333333334
0.21547979797979797
0.26987179487179486
-0.02685185185185186
0.4
-0.08452380952380951
0.7
0.3238095238095238
0.2
-0.18181818181818182
-0.059999999999999956
0.0778717627401838
0.05220515257100625
0.039030612244897955
0.5
-0.008968253968253981
0.1333333333333333
0.08274410774410773
0.005308254963427371
-0.32
-0.0588458110516934
-0.16904761904761906
0.17500000000000002
0.057063492063492066
0.1761904761904762
0.14489795918367346
-0.04999999999999996
0.14489795918367346
0.05405092592592592
0.0796875
-0.14999999999999997
-0.18095238095238095
-0.03499999999999998
-0.3
-0.08333333333333333
0.0
0.02499999999999998
-0.009743107769423559
0.1875
0.03571428571428571
-0.018333333333333347
0.12857142857142861
-0.27499999999999997
-0.31666666666666665
0.2833333333333333
-0.034732947232947224
0.25
0.14444444444444446
-0.09128787878787879
0.0
-0.08386275886275886
0.07569444444444443
0.3
0.17803030303030307
-0.3283333333333333
0.18444444444444444
0.09750566893424036
-0.13199404761904762
0.09444444444444446
-0.16666666666666666
0.10000000000000002
-0.13055555555555556
-0.08333333333333333
0.18
0.22380952380952382
-0.08039215686274512
0.1904761904761905
0.25
-0.0877922077922078
0.13333333333333336
0.15606060606060607
0.0
-0.027777777777777776
-0.16458333333333333
-0.008333333333333337
0.6
-0.22214285714285714
0.12984126984126984
0.35
-0.05433419237767064
-0.20000000000000004
-0.035104166666666645
-0.07430555555555557
0.07142857142857142
-0.05
0.0
0.07224025974025973
-0.05
0.2625
0.09902921555095469
0.17916666666666667
0.12051971326164874
-0.5
-0.03411111111111112
0.5
-0.033333333333333326
0.06041666666666666
-0.27499999999999997
0.2133986928104575
0.05390476190476191
0.4453125
-0.11967592592592591
-0.02702546296296297
0.06111111111111111
-0.05
0.2404761904761905
-0.16589743589743586
0.10106732348111656
0.11666666666666667
-0.1
-0.08888888888888889
0.2541666666666667
-0.20000000000000004
0.1
0.08229109950759433
0.1
-0.10000000000000002
-0.0611111111111111
-0.16666666666666669
0.09166666666666666
-0.07500000000000001
-0.16499999999999998
0.024305555555555556
0.040385053542948274
0.13917624521072802
0.125
0.15378787878787878
0.1692857142857143
0.09166666666666667
0.0019179894179893995
0.08166666666666667
-0.0062500000000000056
-0.05174603174603175
0.12650731807874666
-0.04166666666666666
-0.006818181818181804
0.025000000000000022
0.0
0.13636363636363635
0.3238095238095238
-0.035127314814814806
0.10192307692307692
0.1658203125
0.875
0.025000000000000022
0.003697916666666679
-0.08875
0.0
0.0
0.20552721088435377
-0.275
0.4375
0.2
-0.10833333333333334
0.14841269841269844
-0.17916666666666667
0.14794033458753084
0.6875
0.5
0.08333333333333333
-0.021875000000000006
-0.006397306397306411
0.03629629629629628
-0.033333333333333326
0.006101190476190468
0.14375000000000002
0.08955782312925172
0.09214743589743592
-0.22500000000000003
-0.3333333333333333
0.12083333333333332
-0.024999999999999984
0.05691964285714285
-0.0858064516129032
-0.028125
0.17666666666666667
0.2619047619047619
0.1793831168831169
0.04385964912280701
-0.032727272727272695
-0.014583333333333323
-0.5
0.0657347670250896
-0.1719484126984127
-0.125
0.0
0.19
-0.1125
-0.04166666666666667
0.05936147186147185
-0.10499999999999998
0.11681992337164748
-0.15625
0.12727272727272726
-0.05
-0.20833333333333334
0.04435714285714287
0.050896722325293756
-0.02151199494949496
-0.16666666666666666
0.05660714285714284
0.0
0.09039855072463768
