0.16
-0.08099400599400602
-0.1568181818181818
-0.09041353383458645
0.2857142857142857
0.016666666666666677
-0.1025
0.12967032967032968
0.08843537414965988
0.15
0.12871031746031747
0.16999999999999998
0.21111111111111105
-0.14250000000000002
0.0325
0.0
0.05
0.049025974025974035
-0.022321428571428575
0.050416666666666665
0.10486111111111111
0.26944444444444443
0.0
0.2857142857142857
0.11309523809523808
-0.1587719298245614
0.75
-0.23333333333333334
0.375
-0.049999999999999996
0.05225
0.0498015873015873
-0.4
0.5549999999999999
0.08187301587301586
0.21481481481481485
0.05682539682539682
0.14681159420289855
0.2708333333333333
0.2625
0.053125000000000006
-0.06527777777777777
0.08333333333333334
0.18126543209876542
-0.04145299145299145
0.5333333333333333
0.11745454545454545
0.04761904761904762
-0.0521978021978022
0.03552489177489177
-0.04090909090909091
0.014393939393939395
-0.026515151515151533
0.007222222222222208
0.4166666666666667
0.01587301587301588
-0.037660256410256394
0.021626984126984147
0.12020202020202021
-0.17777777777777778
-0.009682539682539678
-0.01889880952380953
-0.06507936507936508
0.19999999999999998
-0.08196969696969697
-0.06458333333333334
-0.1
-0.0057040998217468795
0.22333333333333333
0.1401515151515151
0.1
-0.10935655253837072
0.000651041666666673
0.525
-0.006874999999999997
0.20833333333333334
0.0
0.1283739837398374
-0.02470238095238096
0.06363636363636366
0.20935185185185187
-0.10520833333333335
0.167724358974359
0.5
0.07943941947924248
0.08780701754385963
0.08261904761904762
-0.09722222222222222
-0.029047619047619034
0.09714285714285713
0.08560606060606059
0.01666666666666667
0.2
0.16017241379310346
-0.03333333333333334
0.014444444444444442
0.015634920634920627
0.07303732303732305
0.1875
-0.10555555555555556
0.3
-0.25
-0.016140512265512254
-0.056785714285714245
-0.25
-0.09523809523809523
0.06334243733062331
-0.09523809523809523
0.09552277432712217
0.27
-0.26
-0.07000000000000002
-0.02989510489510489
0.09488322298616414
0.18257575757575759
-0.025000000000000005
-0.16607142857142856
0.022727272727272724
-0.0058333333333333345
-0.0654541446208113
0.014231601731601732
-0.03333333333333333
0.38666666666666666
0.09298534798534798
-0.0625
0.062301587301587295
0.228125
-0.1375
0.38181818181818183
-0.037989210720692196
0.46458333333333335
0.05000000000000002
0.04724517906336088
0.17326007326007326
-0.01964285714285715
0.0
0.18
0.21428571428571427
0.2
-0.20400000000000001
0.16003861003861003
0.39999999999999997
0.39285714285714285
-0.24375
0.0
0.0
0.05275372775372774
0.5
0.13
0.17380952380952383
0.02833333333333335
0.05
0.2
0.016666666666666673
0.03214285714285715
0.175
0.2
-0.425
-0.05151515151515152
0.0
0.0
0.4
-0.125
0.15138888888888888
0.35
-0.0863425925925926
0.18425204425204422
0.25
0.17857142857142855
0.08571428571428573
-0.5
0.005450113378684808
-0.10705882352941178
-0.1380952380952381
0.05
-0.25
0.17066115702479337
0.5
-0.4333333333333333
0.6050000000000001
0.175
0.1355555555555556
0.1581845238095238
0.026333333333333337
-0.03138227513227513
0.07979797979797981
-0.375
-0.12999999999999998
-0.012777777777777777
0.32499999999999996
0.07681818181818181
0.03214285714285714
0.19715277777777776
0.1849206349206349
-0.05
-0.004761904761904767
0.11538461538461539
0.27083333333333337
0.2761904761904762
1.0
-0.04448051948051947
0.17857142857142858
0.5
0.08750000000000002
0.1
-0.021785714285714304
0.26
-0.07395833333333332
0.08202533143939393
0.26876068376068374
0.036744505494505496
-0.09666666666666661
-0.7499999999999999
0.006249999999999996
0.24313186813186813
-0.13333333333333333
-0.1471590909090909
-0.0875
0.0
0.13333333333333333
0.10119880119880117
0.0
0.0
-0.4583333333333333
0.43333333333333335
0.1748803827751196
0.12
0.1291666666666667
0.2
0.325
-0.04999999999999993
-0.028766835016835007
0.00714285714285715
0.13197979797979797
0.0
0.19117364117364116
0.0
0.1
-0.21666666666666667
0.05714285714285714
0.17638888888888887
0.16666666666666666
0.125
-0.06124999999999997
-0.2702380952380953
-0.06125
0.125
-0.056476253215383666
0.17416032243618454
0.3020833333333333
0.03801587301587303
0.05750000000000001
0.21827651515151517
0.003022893772893773
0.06440476190476192
-0.26666666666666666
0.23549107142857142
0.040086206896551714
0.047
0.12597064393939394
-0.07916666666666668
0.004092261904761915
0.05158730158730159
-0.2133333333333333
0.32896825396825397
0.03214285714285714
-0.05521159874608151
-0.05833333333333332
0.10723710317460318
0.08869463869463869
0.10403215831787259
0.0
0.005902777777777782
0.059649122807017556
-0.1
-0.09166666666666666
0.09583333333333334
0.19255952380952385
0.2037878787878788
-0.04999999999999999
-0.053125000000000006
0.148
-0.125
0.34863636363636363
-0.13409090909090907
0.3333333333333333
-0.015579710144927528
-0.058593750000000014
0.1488888888888889
-0.005459770114942532
0.008571428571428563
-0.015000000000000003
0.12370129870129873
-0.04675925925925925
0.2265625
0.059356725146198816
0.11023383182474096
0.07618777056277055
0.11586580086580085
0.23814935064935067
0.0
0.19859410430839
-0.10714285714285714
0.3497594997594997
0.3666666666666667
0.12500000000000003
0.010000000000000002
0.07499999999999998
-0.363425925925926
-0.23333333333333336
0.027982954545454547
0.0166666666666667
0.0630952380952381
0.2010233918128655
0.011772569444444452
0.18333333333333335
-0.0035714285714285665
0.20277777777777775
-0.1542929292929293
-0.16799999999999998
-0.4270833333333333
0.0
0.040624999999999994
0.13611111111111113
0.09791666666666667
0.01084449404761904
0.195
-0.03888888888888891
-0.029464285714285703
0.06964285714285716
0.01356565656565656
-0.1
0.041117216117216124
0.030952380952380943
0.1569300144300144
0.0625
0.09930555555555558
0.07704315886134068
-0.1125
-0.19833333333333333
0.12198923028191323
-0.24666666666666673
-0.24999999999999994
0.3333333333333333
-0.0008333333333333318
-0.5
-0.225
-0.11249999999999999
0.16666666666666669
0.1875
0.08856026785714285
-0.12222222222222222
0.08
0.1500270562770563
0.23463636363636362
0.002083333333333326
-0.007631736080011951
0.20500000000000002
-0.11111111111111116
0.0848725348725349
0.2638888888888889
0.3181818181818182
0.010000000000000004
0.11666666666666667
0.33
0.16904761904761903
0.0888888888888889
-0.5
-0.4
0.0
0.4000000000000001
-0.15
-0.08928571428571429
0.0
0.012121212121212116
0.14285714285714285
-0.041666666666666664
0.10262749445676278
0.0
0.06874999999999998
0.2333333333333333
0.15729166666666666
-0.15
-0.26666666666666666
-0.044097222222222225
-0.04361451247165529
0.0
0.12346008346008346
0.1121179548606733
0.19
0.4375
0.051820728291316516
0.41805555555555557
0.010544217687074824
0.0
0.05729166666666666
0.07499999999999998
-0.09861111111111114
0.13333333333333333
0.12056878306878309
0.013263888888888891
-0.20578703703703705
0.07285353535353534
0.18750000000000003
-0.07916666666666666
-0.3958333333333333
-0.16666666666666666
0.10000000000000002
-0.75
0.08333333333333331
-0.24583333333333335
-0.1525383707201889
0.08869929453262786
-0.14969135802469136
0.16249999999999998
0.04711640211640211
0.0
-0.19999999999999996
0.0
-0.004761904761904761
-0.22000000000000003
-0.4143939393939393
0.0
-0.023809523809523808
0.175
-0.06272727272727273
0.17857142857142858
-0.05075757575757575
0.1392857142857143
-0.13624999999999998
0.09375
0.1938311688311688
0.4285714285714286
0.004545454545454519
0.02342822636300897
-0.0875
-0.03555555555555554
0.1
0.004788741069228902
0.04434273288439957
0.3333333333333333
-0.19513888888888892
0.11500000000000002
-0.048131313131313136
-0.17511160714285712
-0.25
-0.026536281179138317
0.2333333333333333
0.04545454545454545
-0.017968750000000006
0.05416666666666667
0.20512820512820515
0.03166666666666667
0.062337662337662345
0.08888888888888889
0.11875000000000001
-0.026785714285714284
-0.037121212121212124
-0.10757575757575757
0.0
-0.10918367346938776
-0.04230769230769231
0.04999999999999999
0.03333333333333333
0.06031746031746032
-0.2
0.5666666666666667
0.12828683662016996
-0.13214285714285715
0.20208333333333334
-0.22499999999999998
-0.3
0.10178571428571427
0.015153061224489795
-0.11527777777777777
-0.04444444444444443
0.25
0.2
0.15833333333333335
0.6
0.27070707070707073
-0.6999999999999998
0.0
0.23333333333333334
-0.04611801242236024
0.041666666666666685
-0.6714285714285714
0.03548376910445876
-0.04047619047619045
0.06354166666666666
-0.14722222222222223
0.17933673469387754
0.1625
-0.07857142857142858
-0.11666666666666665
0.09166666666666667
0.0
-0.18928571428571425
-0.03333333333333333
-0.02402597402597402
0.08925000000000001
-0.00714285714285715
0.10444444444444442
0.0018849206349206328
0.03977272727272727
0.04666666666666667
-0.0998263888888889
0.21015625000000002
0.09444444444444446
0.0
0.0905952380952381
0.0
0.1819388944388944
-0.04234693877551022
0.125
0.08863636363636362
-0.015909090909090907
-0.04964285714285713
-0.4
0.08821374458874458
0.0854591836734694
0.02407407407407408
0.15966666666666665
0.5
-0.1037037037037037
0.2
0.004648526077097501
0.012500000000000004
0.21666666666666665
0.09403846153846157
0.3102380952380952
0.0772108843537415
0.17500000000000002
-0.025
0.017470238095238108
-0.17412587412587413
0.08629072681704263
0.0062500000000000056
-0.08958333333333333
-0.20166666666666666
-0.09229910714285713
-0.17916666666666667
-0.061111111111111095
0.010208333333333344
-0.27812499999999996
-0.02402597402597402
0.09722222222222222
0.35
0.07767857142857143
0.2642857142857143
0.020075757575757587
0.10727272727272727
0.5
-0.018333333333333333
0.18518518518518517
0.12724358974358976
-0.13229166666666667
0.2585
0.2173333333333333
-0.1935185185185185
-0.0535714285714286
-0.3333333333333333
0.03513888888888891
-0.025520833333333336
0.06711309523809524
0.4
0.0
-0.45
0.0
0.11875000000000001
0.11537037037037036
-0.08888888888888885
0.060436507936507934
0.01233766233766233
-0.14188902007083826
-0.06001683501683502
0.17767145135566192
0.225
0.25
-0.07666666666666667
0.11499999999999999
0.14837662337662336
0.18620689655172412
0.15000000000000002
0.35625
0.017476851851851848
0.1
-0.15930555555555556
0.037500000000000006
0.14282407407407408
-0.05625
0.36718749999999994
0.0
-0.05178571428571428
0.05265151515151515
0.25
-0.1572465587797619
0.0
-0.21825929752066117
-0.30000000000000004
-0.07424242424242423
0.27499999999999997
-0.054320987654320974
-0.19999999999999998
0.017857142857142856
-0.004561237373737391
0.075
-0.16570175438596482
-0.02285714285714286
-0.011884236453201974
0.19345238095238096
-0.11566666666666667
0.275
0.03333333333333333
0.018750000000000003
0.19166666666666668
0.18281250000000002
0.0
0.004728084415584404
0.05237373737373737
0.0
0.13541666666666666
0.05833333333333333
0.4228571428571429
-0.013875661375661366
0.08141025641025641
0.05507803599908866
-0.0135135135135135
-0.03769147519147519
-0.16666666666666663
-0.016666666666666673
0.027286967418546363
-0.047395833333333325
0.5
0.18908199643493762
-0.020370370370370372
-0.2
0.04999999999999999
0.0298076923076923
0.2620454545454545
0.07197802197802199
-0.17499999999999993
0.01519480519480519
-0.008333333333333331
0.15698051948051947
0.1775
0.1861607142857143
0.009999999999999998
0.03333333333333331
-0.0010371572871572727
0.19791666666666666
-0.275
0.03455004591368226
0.04722222222222222
0.15428571428571428
0.0731060606060606
0.25
0.1494047619047619
0.30857142857142855
0.007435636856368562
0.21083333333333337
0.05000000000000002
0.25
0.06000000000000001
-0.05535714285714286
0.044444444444444446
0.08798295454545454
0.08750000000000001
-0.007812499999999993
0.1875
0.2
0.1673611111111111
0.059999999999999984
0.04761904761904762
0.026635542421193863
-0.11249999999999999
0.21811594202898554
-0.19999999999999998
0.1845238095238095
-0.0763888888888889
0.05238095238095238
0.1
0.032407407407407406
-0.1
0.05715107677132993
0.09206349206349206
-0.09999999999999999
-0.060000000000000005
0.22000000000000003
0.0
0.08981481481481483
-0.25
-0.19999999999999998
-0.39999999999999997
0.20666666666666664
-0.4
0.1875
-0.09761904761904762
0.09097222222222222
-0.05759469696969696
0.18642045454545456
0.05888888888888889
0.1
-0.24333333333333326
-0.13426339285714287
0.13788919413919415
0.06796875
-0.09375
0.18958333333333333
0.16793537414965987
0.04916666666666667
-0.08750000000000001
-0.4
-0.1
0.2183531746031746
0.296
0.45442176870748296
-0.029829545454545456
-0.24523809523809526
0.08333333333333334
0.07664565826330533
-0.04354838709677418
0.0
-0.26666666666666666
0.0
-0.225
0.04587580061264273
0.00555555555555556
0.0031250000000000028
0.22999999999999998
-0.2954081632653061
0.006666666666666665
-0.07708333333333332
0.041639880952380956
0.0
0.0
-0.15
-0.04814814814814817
0.016250000000000004
0.14444444444444446
-0.07142857142857142
-0.4712121212121212
0.031250000000000035
0.43333333333333335
0.04375
-0.21038961038961032
-0.14999999999999997
0.04102009102009101
0.04895833333333333
0.09166666666666666
0.1
-0.03392857142857143
-0.004910714285714269
0.06000000000000001
0.0
-0.15833333333333333
0.0
0.2318181818181818
-0.14166666666666666
-0.0412962962962963
0.0683527696793003
-0.2714285714285714
-0.13823529411764704
-0.15625
0.06309523809523811
-0.08174603174603175
0.5
-0.16020723104056436
-0.023484848484848487
0.14687500000000003
0.17276785714285714
0.0945578231292517
-0.23452380952380952
-0.14333333333333334
0.039634920634920655
0.1125
0.2
-0.033333333333333326
0.4354166666666667
-0.03125
0.25173160173160175
-0.24107142857142858
0.08624338624338626
-0.013888888888888892
-0.3041666666666667
-0.08727351916376305
-0.125
0.20833333333333334
-0.00601851851851851
0.37777777777777777
-0.009233821733821753
0.019710550887021474
0.15
-0.033333333333333305
0.024999999999999994
0.2523200757575758
-0.12825396825396823
0.06753472222222223
0.08333333333333333
0.1288673774784886
0.02777777777777779
0.06488095238095243
0.0
-0.04264914772727274
0.1925925925925926
-0.06450617283950616
0.035784313725490194
0.17235042735042738
0.27999999999999997
0.02222222222222223
0.09746162927981111
0.19791666666666669
0.06158730158730159
-0.002461078418109666
0.11904761904761903
0.19999999999999998
0.1914126559714795
9.25185853854297e-18
0.09999999999999999
0.37857142857142856
0.11845238095238093
0.5
0.025416666666666664
-0.01428571428571425
-0.1884920634920635
0.14341372912801484
0.08319444444444443
0.15208333333333335
-0.07285714285714287
0.3125
0.09241751657005895
0.0006944444444444449
-0.030059523809523814
-0.003703703703703706
-0.41111111111111104
0.009238095238095238
0.16870300751879705
-0.17333333333333334
0.0
0.1888888888888889
-0.08333333333333333
0.145530303030303
0.26
0.06666666666666665
0.020216049382716036
0.3
0.0928921568627451
0.1357142857142857
-0.3333333333333333
-0.01249999999999999
0.020527210884353737
0.13333333333333333
0.041009585652442816
0.1859375
-0.049999999999999996
-0.06999999999999998
-0.2726190476190476
-0.07083333333333335
0.15952380952380957
0.5
0.12370370370370369
0.25
-0.01666666666666668
0.18333333333333335
-0.007407407407407406
0.0
0.2
0.040000000000000015
-0.03097402597402597
0.06844752469752469
-0.012500000000000011
-0.12028061224489796
0.16666666666666666
-0.25
0.0
-0.034523809523809526
0.11200000000000002
-0.014583333333333323
0.39999999999999997
0.05317460317460317
0.016666666666666677
-0.15
0.06727272727272726
0.0009920634920634885
0.015
-0.10374999999999998
-0.1
0.05430672268907565
-0.016287878787878792
0.19999999999999998
0.14459033613445377
0.0
0.7
-0.10226190476190478
0.13888888888888887
0.029012345679012334
-0.125
0.1097059302704464
-0.01190476190476191
0.13333333333333333
0.12323232323232325
0.21000000000000005
0.1486111111111111
0.03645833333333333
-0.2041666666666667
-0.04428571428571429
0.06250793650793651
-0.03912337662337662
0.30000000000000004
0.11704545454545454
-0.07896825396825395
0.09342857142857142
-0.009999999999999998
0.0875
0.01019345238095238
0.014285714285714282
0.196875
0.2
0.06818181818181818
0.0
-0.08766233766233766
-0.04999999999999996
0.05018315018315018
-0.10000000000000002
-0.07333333333333333
-0.42
0.08515625
0.07674825174825176
0.1071875
0.10436507936507937
0.000378787878787885
-0.03072916666666667
0.13207908163265308
0.12551652892561982
-0.1
0.26249999999999996
0.1857142857142857
-0.47999999999999987
-0.024999999999999994
0.09453124999999998
-0.01458333333333333
-0.21770833333333334
-0.032499999999999994
0.10867647058823529
0.07363636363636362
-0.015722495894909705
0.034920634920634935
0.0
0.06805555555555555
0.10100749887635131
0.012180110139293794
-0.25
-0.04999999999999999
0.06
-0.12175010979358802
0.0865079365079365
0.07504234307359309
-0.053685897435897426
-0.12333333333333336
-0.1357142857142857
0.16702380952380952
0.0516156462585034
0.20833333333333334
0.166875
0.05190312551137295
-0.139
0.27881944444444445
0.19902597402597405
0.24642857142857144
-0.031964604023427545
0.1725037257824143
0.20555555555555557
-0.21647465437788013
0.02992424242424243
0.023051948051948053
0.04081632653061224
-0.20129870129870128
0.054761904761904755
-0.2833333333333333
-0.22826086956521735
0.010317460317460322
0.10146876932591219
0.016666666666666656
-0.13123249299719889
-0.01740196078431373
-0.125
-0.020833333333333332
0.0
0.35
-0.027272727272727285
0.15714285714285717
0.2
0.0032051282051282068
0.06816595760561278
-0.019675925925925927
0.0
-0.21666666666666667
-0.15
-0.32499999999999996
0.4000000000000001
0.05277777777777778
0.0
-0.0375
0.0
0.13611111111111113
0.0
0.19090909090909092
0.04999999999999999
-0.02515117157974301
0.10000000000000002
0.10174948240165631
0.03489583333333333
0.013888888888888886
-0.09763888888888889
-0.08333333333333334
-0.07541743970315398
0.4000000000000001
0.5
-0.22678571428571428
0.024242424242424242
-0.10416666666666667
-0.1955498866213152
-0.013333333333333338
0.05251006303637885
0.09400385154061623
-0.125
0.06084656084656084
0.05683333333333335
0.22321428571428573
-0.04
0.32000000000000006
0.17580202535559675
-0.040909090909090895
-0.04253663003663004
-0.0049749373433584055
0.004055690072639226
0.11340823412698416
0.15132199975949978
0.029166666666666657
-0.020000000000000007
0.2601702508960574
-0.02418300653594772
0.27179977782358744
0.023434744268077595
0.045361201298701304
-0.29861111111111116
0.09305555555555556
0.11267842517842518
-0.5
0.2
0.1600297619047619
-0.05
-0.10166666666666664
0.09636243386243387
0.5
-0.3
0.0
-0.05531746031746032
-0.05042735042735042
0.03653846153846154
-0.45
-0.0810960591133005
-0.19999999999999998
-0.08974358974358974
-0.125
0.11574074074074074
0.07993827160493826
0.1
-0.11472222222222218
0.0
0.09642857142857143
0.04631181318681318
-0.015598290598290602
0.34259259259259256
0.2
0.1125
0.2
0.19166666666666665
0.04931235431235429
0.014067142008318477
0.24791666666666667
0.030000000000000006
0.5517857142857142
0.0
0.06154061624649859
0.16562872628726288
-0.15
-0.059873393801965206
0.10214896214896219
-0.0795138888888889
0.06333333333333334
-0.06000000000000001
0.00011595547309833656
0.025833333333333344
-0.0875
0.09810405643738977
0.07655257936507935
0.25
-0.02174603174603173
-0.375
0.0
-0.16666666666666666
0.044658944658944655
0.22000000000000003
0.2
0.01968923933209647
0.08005952380952383
0.06785714285714285
-0.75
0.0
-0.19999999999999998
-0.15
0.4619047619047619
0.32222222222222224
-0.03197420634920634
-0.4
0.15
-0.13125
0.012499999999999997
0.24285714285714285
0.05446428571428571
0.2
0.0
0.07142857142857142
0.06802584670231729
0.06666666666666665
0.017390422077922074
0.2
0.0
-0.16818181818181818
-0.2
0.0
0.055952380952380955
-0.04210858585858585
0.2333333333333333
0.5
-0.175
0.001623376623376622
0.05669642857142858
0.11823979591836735
0.02222222222222223
-0.05982142857142857
0.11599999999999999
0.009914361001317528
0.10208333333333332
0.0013975966562173496
0.023636363636363636
-0.019848484848484848
1.0
-0.04444444444444446
-0.4
0.1851878787878788
0.09722222222222222
-0.0011038961038961034
-0.17849025974025973
0.0
-0.1652777777777778
0.1527777777777778
-0.007151954325867368
-0.12250000000000001
0.004629629629629632
0.17723214285714287
0.09406565656565657
-0.06428571428571425
0.11
0.0
-0.235
0.0
0.0
0.1284188034188034
-0.5
0.014357204448667856
-0.5
-0.057722431077694224
-0.060714285714285714
0.30624999999999997
0.0
0.16574074074074074
0.043672969187675076
0.04852430555555555
-0.2
-0.06020408163265307
0.10833333333333334
0.13333333333333333
-0.17083333333333334
0.18133116883116882
0.18863636363636366
0.0
-0.4
0.09717171717171717
-0.32857142857142857
0.10000000000000002
0.09886621315192744
-0.14583333333333334
0.143013468013468
-0.019444444444444434
0.020014880952380958
-0.06325493612078976
0.16431159420289856
0.13303571428571428
0.15000000000000002
0.03166666666666667
-0.203125
0.11458333333333334
0.14705579605579608
0.016058802308802297
-0.15
0.35
0.15781573498964807
-0.18333333333333335
0.039904269755263136
-0.019736842105263153
0.0
0.2545454545454545
0.42857142857142855
0.65
0.011111111111111118
0.08214285714285714
-0.39999999999999997
0.1040192743764172
0.12424242424242425
0.2380952380952381
0.051618151352193914
-0.05793650793650794
0.27499999999999997
0.13125000000000003
0.0
0.09200000000000001
0.12956349206349205
0.04659511784511785
0.09454545454545454
0.09166666666666666
-0.08117283950617282
0.25
0.10595238095238095
0.12000000000000002
0.06999999999999998
0.14074074074074072
0.036165832812174274
-0.13299663299663297
-0.02098214285714286
0.05221861471861473
0.16666666666666666
-0.2
-0.5
0.021180555555555553
-0.09722222222222222
-0.049649859943977595
0.17981074481074483
-0.016666666666666663
0.031993435857072226
-0.16666666666666666
0.06
-0.06944444444444446
0.0
-0.18194444444444446
0.14994669994669999
0.07142857142857144
0.1875
0.14454545454545453
-0.25
0.08333333333333333
0.225
0.1357142857142857
0.25
0.14517543859649126
0.2
0.0
-0.16666666666666666
0.09583333333333334
0.07604166666666666
-0.1388888888888889
0.07857142857142856
-0.16666666666666666
0.17500000000000002
0.06272727272727273
0.27499999999999997
-0.25503472222222223
-0.19999999999999998
-0.33333333333333326
0.019047619047619042
0.02361111111111112
0.0675
0.0
-0.10458333333333332
0.32
0.07142857142857142
0.26666666666666666
-0.017433518862090297
0.0
0.11043831168831168
0.0
-0.022222222222222216
-1.0
0.16050865800865805
-0.015972222222222224
0.11229309905780493
0.059523809523809534
0.25
-0.20833333333333334
-0.017857142857142856
0.275
-0.15
-0.01666666666666668
-0.5
-0.13166666666666665
0.07373333333333335
0.23578431372549022
-0.045512820512820525
-0.5
-0.1
-0.65
0.0
-0.02800925925925925
-0.04374999999999998
0.031250000000000014
0.292
-0.07142857142857142
0.22500000000000003
0.0
0.2
-0.025000000000000012
0.2577441077441078
0.2
0.11666437728937726
0.05984848484848482
-0.30343915343915345
-0.075
0.0
0.20990751672569852
-0.021924603174603163
0.19608058608058607
-0.20452380952380952
-0.02702020202020202
0.1265354000837872
-0.45499999999999996
0.22545454545454546
-0.16645021645021646
-0.4666666666666667
-0.025
-0.21373456790123457
0.038246753246753244
-0.5
-0.15
0.0
0.23073176823176825
0.02959876543209877
-0.09999999999999999
0.0
-0.026456529581529584
-0.19444444444444445
0.2928571428571428
0.023749999999999997
0.06666666666666665
0.33492951052474856
0.23124999999999998
0.046590909090909086
-0.16904761904761903
-0.0569047619047619
0.23000000000000004
0.12192982456140351
0.8
0.4633333333333334
-0.1
-0.125
0.06333333333333334
0.24
0.2276190476190476
-0.125
0.053835978835978855
0.1847222222222222
-0.13101851851851853
0.10750000000000001
-0.04999999999999999
-0.2501262626262626
0.11547619047619047
-0.25
-0.8
-0.12416666666666662
0.06126373626373627
0.44000000000000006
-0.0024089985218033994
-0.495
-0.03083333333333333
0.17062872023809522
0.25
-0.01979166666666668
-0.018750000000000003
-0.016666666666666663
0.17043226381461676
-0.23000000000000004
0.014790764790764783
0.0012093726379440622
0.039436214826839816
0.0
0.09234126984126982
0.1402777777777778
0.03510204081632652
0.36
0.1475
0.16195436507936506
0.01948051948051948
0.13541666666666666
-0.19999999999999998
0.19571428571428567
0.2
-0.38888888888888884
0.07450093267166438
0.0764795918367347
0.19494949494949496
0.1175170068027211
-0.015530303030303031
0.023333333333333338
-0.16805555555555554
0.24285714285714285
-0.258125
-0.0058035714285714236
-0.125
-0.07500000000000001
-0.25
0.13683035714285713
0.0023698523698523636
0.2662878787878788
0.28750000000000003
0.09453262786596119
0.09907407407407408
0.1412698412698413
0.014285714285714282
0.04166666666666667
-0.11309523809523805
0.155
0.12022727272727275
-0.16342592592592592
0.21428571428571427
0.20833333333333334
0.07840909090909091
0.14642857142857144
0.0
0.134
0.16666666666666666
0.12
-0.011332070707070709
0.24268707482993196
0.19523809523809524
0.07361111111111113
0.0
0.03413461538461538
0.004999999999999993
-0.0006302521008403437
-0.22336829836829833
0.08986111111111111
-0.385
0.00416666666666667
-0.09642857142857143
-0.2027777777777778
-0.04451754385964912
-0.022222222222222237
-0.05416666666666666
-0.054545454545454564
0.17936507936507934
0.375
-0.14107142857142857
-0.29047619047619044
-0.016666666666666673
0.1336111111111111
0.17370454545454547
0.16003086419753088
0.08750000000000001
0.10909090909090911
-0.0492485646740966
-0.16574074074074072
0.06361607142857142
0.029040404040404033
-0.03571428571428575
0.0
-0.1515136054421769
0.07651515151515152
0.06807359307359308
0.06807359307359308
0.0835938654841094
0.1836734693877551
-0.01666666666666668
0.15
0.21428571428571427
0.058994708994708996
0.275
-0.18125000000000002
0.0625
0.19166666666666665
0.125
0.006540404040404037
0.08229166666666667
-0.04066666666666666
0.0
0.0
0.13333333333333333
0.25
-0.5
0.1473611111111111
0.20833333333333334
-0.13111111111111112
0.0861111111111111
0.2
-0.0365079365079365
-0.125
-0.021875000000000006
0.06666666666666667
0.047058823529411785
-0.078125
0.05367647058823529
-0.05
-0.006741622574955895
-0.41428571428571426
-0.10000000000000002
0.1770598006644518
0.023809523809523805
-0.2
-0.17266666666666663
-0.4333333333333333
-0.072663139329806
0.5
0.023724489795918364
0.0
0.0448587377534746
0.06999007936507935
0.08977272727272727
-0.05612244897959184
0.0
-0.11730769230769232
0.029166666666666664
0.03383928571428572
0.03463658322353974
-0.23076923076923078
0.15833333333333333
0.25
-0.11666666666666665
-0.05730027548209367
0.041666666666666664
-0.03097267316017316
0.1042798110979929
-0.022222222222222223
-0.019369369369369376
0.16041666666666668
0.08333333333333334
0.10199913298652794
0.10442460317460318
0.2666666666666667
0.14431818181818182
0.04375
-0.08333333333333333
0.09999999999999999
0.26911111111111113
-0.059895833333333336
0.12777777777777777
0.05833333333333334
-0.2791666666666667
0.015612244897959204
0.13721590909090908
-0.08333333333333333
0.009523809523809523
-0.002617079889807164
-0.13173076923076926
0.12333333333333332
0.2122077922077922
0.03166666666666666
0.0
0.19374999999999998
-0.16354166666666667
-0.1
0.005059523809523819
0.0
0.125
-0.05384615384615385
0.059128935842803036
-0.018672839506172836
0.059771825396825407
-0.01119047619047619
0.5
-0.033708299704062424
-0.02547292889758642
0.0
0.08523614882769813
0.2260416666666667
0.29642857142857143
-0.2916666666666667
-0.025646897546897543
-0.011944444444444447
0.2222222222222222
0.5
-0.02688492063492064
0.019140624999999998
0.01616977466977468
-0.24027777777777778
0.1409898589065256
0.18555555555555553
0.090625
0.00714285714285715
0.0690909090909091
0.018571428571428582
0.2638095238095238
-0.5
0.09999999999999999
0.175
-0.16666666666666666
-0.25
0.14250000000000002
-0.08037037037037036
-0.16666666666666666
0.17115800865800868
0.17039682539682544
0.02
0.017307692307692298
0.08750000000000004
-0.1
0.05
-0.03226190476190477
-0.00872549019607843
-0.26666666666666666
0.11281291983878193
-0.2833333333333334
0.11125170068027207
0.0
0.027777777777777762
0.22856398809523806
0.07187500000000001
-0.015659340659340645
0.02
-0.221875
0.0375
0.0
-0.08
0.024999999999999994
0.09332386363636362
-0.01944444444444444
0.2
0.05058479532163744
0.31677083333333333
0.0
0.15694444444444441
0.06437987012987013
0.10999999999999999
0.07407407407407408
0.2
0.0
-0.03333333333333333
-0.1401360544217687
0.2
0.25625
-0.024999999999999994
0.055454545454545465
-0.03510101010101012
-0.4
-0.5
0.23148148148148145
-0.007312925170068025
0.06666666666666667
0.06666666666666665
-0.08750000000000001
0.021180555555555553
-0.24523809523809526
0.2
-0.6
0.1632433839745161
-0.045138888888888895
-0.23124999999999998
0.10155877976190475
-0.0015338827838827828
0.25
-0.08333333333333333
-0.01888888888888889
0.0
-0.09285714285714285
0.05583028083028082
-0.02730429292929294
0.0
0.08333333333333334
-0.15471380471380472
0.10714285714285718
-0.1
0.01783410138248846
0.0557142857142857
0.09377958785853523
0.08125
0.2125
0.12500000000000003
0.03333333333333333
-0.06000000000000001
0.10416666666666667
0.15833333333333333
0.1875
0.011243993166162987
0.0
0.018181818181818174
-0.05982142857142858
0.06167140151515151
0.05322420634920636
0.0725524475524476
0.5
0.005285714285714285
0.10833333333333334
0.3571428571428571
0.10922619047619046
0.25
0.04761904761904761
0.2333333333333333
0.0
0.0781382275132275
-0.1628968253968254
0.24106060606060606
0.07732323232323234
0.009861111111111098
0.16818181818181818
0.09375
-0.017063492063492062
0.3
0.3428571428571428
0.05952380952380954
0.03793859649122805
-0.6499999999999999
-0.02158730158730158
0.1037037037037037
0.7
-0.07999999999999999
0.021428571428571432
-0.15
-0.08333333333333333
-0.030555555555555544
0.11741183767499559
0.375
0.18344556677890012
0.05177609427609428
0.2779761904761905
0.06819146825396825
0.07043860532232625
0.11354166666666665
0.11874999999999998
0.0
-0.0826388888888889
0.07395833333333333
0.1
0.0361111111111111
0.5830808080808081
-0.16666666666666666
-0.5
-0.2
-0.08877551020408163
-0.025
0.002380952380952384
-0.04573412698412698
-0.24
0.009999999999999998
0.007634789452971272
0.009999999999999995
0.20714285714285713
0.017857142857142856
-0.00516666666666667
0.19823232323232323
-0.022222222222222227
0.15
-0.3375
0.0
0.0
-0.15000000000000005
0.16118686868686868
0.09723320158102766
0.08821428571428572
0.06507936507936506
-0.5666666666666667
-0.13333333333333333
0.05643353174603174
0.09876033057851238
0.0
-0.1
-0.024999999999999994
0.125
0.24166666666666667
0.030303030303030297
-0.004761904761904763
0.057666666666666665
-0.5799999999999998
0.014321789321789315
0.039532034632034634
-0.171031746031746
-0.022037037037037032
0.0943181818181818
-0.16387836700336703
0.019202020202020203
0.027116402116402104
-0.16666666666666666
0.09090094429380144
-0.15
0.15999999999999998
0.07500000000000001
-0.603125
0.14473782031921567
-0.10043859649122806
0.16
-0.024999999999999994
-0.18420138888888893
0.0849162236940015
0.09341991341991343
0.014186507936507933
0.0
-0.09722222222222222
0.15746219592373437
0.225
0.15214285714285714
-0.17864583333333336
-0.033333333333333326
0.025000000000000012
0.20857142857142855
0.1
0.018636363636363652
0.0
-0.5
0.10917422524565382
0.5
0.09000000000000002
-0.45
0.14166666666666666
0.2715909090909091
0.10372023809523809
0.10833333333333335
0.02575757575757578
-0.16799999999999998
0.0811842105263158
0.20000000000000004
-0.29999999999999993
-0.028429903429903425
-0.3214285714285714
0.10611111111111111
0.11614583333333334
-0.1833333333333333
0.23127705627705628
0.1657142857142857
0.07559687786960514
0.05357142857142857
0.04891246964417696
-0.31666666666666665
0.004166666666666659
0.09816176470588234
0.20364583333333336
0.5
-0.2
0.041475279106858054
-0.3
0.35
-0.1351515151515152
0.14642857142857144
-0.4
0.185
-0.020178571428571435
0.35
0.06620604928017722
0.016000000000000025
0.08214285714285714
0.125
0.08522893772893772
0.0
0.003846153846153841
-0.03518518518518518
0.03125
0.12222222222222223
0.1361111111111111
0.13636363636363635
0.029166666666666664
-0.19375
-0.10808080808080812
0.3
0.37142857142857144
0.04541833827548114
-0.03086913086913085
0.11188446969696972
0.01
-0.047528138528138544
-0.10257575757575757
0.1942857142857143
-0.021527777777777774
0.2
0.0
0.2590909090909091
-0.12529843893480255
0.071875
0.09
0.02371794871794872
0.12896464646464645
0.037500000000000006
-0.1
-0.0072420634920634976
0.17807017543859646
0.08333333333333333
0.17754820936639118
0.0030291005291005276
-0.12240896358543418
0.19166666666666665
0.0
0.275
0.14
0.059999999999999984
0.22000000000000003
0.028741496598639452
0.014943609022556393
-0.08194444444444442
-0.02250000000000001
0.0
0.044725274725274725
0.2125
-0.8
-0.12166666666666663
-0.125
-0.0024999999999999974
-0.014226190476190472
-0.01
0.1078502415458937
-0.004166666666666661
0.28888888888888886
0.036140350877192993
0.26666666666666666
0.04999999999999999
0.04749999999999999
0.05
-0.057499999999999996
-0.04246031746031747
0.033333333333333326
0.10073953823953823
0.35
0.3
0.19166666666666665
0.03966942148760331
0.10567765567765568
0.10192099567099566
0.18805555555555556
-0.5
-0.5
0.10416666666666666
0.03703703703703705
0.3107142857142858
-0.2
0.2
0.08274582560296846
-0.025
-0.36666666666666664
0.012109126984126991
-0.037500000000000006
0.475
0.05927795568206526
0.10846560846560849
0.25
-0.10952380952380951
-0.07333333333333326
-0.225
0.04404761904761904
0.0802020202020202
0.08914285714285715
0.03928571428571427
0.04484848484848485
0.28035714285714286
0.4
0.05619834710743801
0.02467532467532467
0.15416666666666667
-0.12369791666666664
0.1
0.05902777777777779
-0.15782670454545453
0.12333333333333334
-0.05
0.14
0.001969696969696966
-0.16965811965811964
0.060263347763347734
-0.0033333333333333327
0.024999999999999994
-0.13472222222222222
-0.08926767676767677
0.415
0.19666666666666666
-0.023639455782312916
0.058582852332852334
0.1111111111111111
0.016666666666666666
0.029999999999999992
-0.09107142857142857
-0.27830687830687834
-0.09687499999999999
0.12871031746031744
0.14742857142857144
0.15277777777777776
-0.022612847222222215
0.020000000000000018
-0.07399068322981367
0.11666666666666668
-0.07107535321821036
0.09799999999999999
0.10116071428571427
0.0
0.2
0.05785714285714285
-0.050099206349206345
-0.2333333333333333
0.1
0.0
-0.07500000000000001
-0.10966666666666665
0.06851851851851853
0.00902777777777778
-0.1
-0.23076923076923078
0.06454545454545454
0.04208333333333332
0.21666666666666667
0.15168970814132104
0.013636363636363632
0.22000000000000003
-0.05
0.4
-0.125
0.1953985187148452
-0.11249999999999999
-0.06590909090909092
-0.05
-0.0741269841269841
-0.056249999999999994
-0.012500000000000004
-0.04666666666666667
-0.016666666666666663
0.0875
0.0625
0.23636363636363636
-0.3333333333333333
0.13690476190476192
-0.13655303030303031
-0.01666666666666666
-0.06590909090909092
0.07412698412698412
0.2633333333333333
0.0875
0.26
0.12427777777777779
0.06666666666666667
0.18571428571428572
-0.04666666666666667
-0.011111111111111108
0.0
0.5916666666666667
-0.015000000000000006
0.1
-0.15
0.0775
-0.12000000000000002
0.04642857142857143
0.03884297520661157
0.0572549019607843
0.10769230769230768
-0.31607142857142856
0.0
0.32
0.5
-0.03611111111111111
0.5
0.0
0.2888888888888889
0.125
0.3666666666666667
0.22136904761904763
0.04732683982683983
0.10555555555555556
0.0033333333333333288
0.0374404761904762
-0.09868055555555554
-0.09868055555555554
0.10258838383838383
0.22272727272727275
-0.5
0.09369803476946334
0.19166666666666665
0.06723765502174592
0.4125
0.12470238095238093
0.0030020703933747402
0.06880952380952382
0.0019556277056277174
0.2066964285714286
-0.061059241059241064
0.0
0.08333333333333333
0.0
0.25
0.0
0.12506868131868135
0.0
0.375
-0.0858333333333333
-0.07272727272727274
-0.05694444444444443
-0.1275
0.04523809523809522
-0.042017396184062854
0.04659863945578231
0.04437524196670539
0.5083333333333333
-0.0013392857142857095
-0.03541666666666667
0.12999999999999998
0.35
-0.16874999999999998
0.08966942148760332
0.01714285714285714
0.2449074074074074
-0.15
0.058333333333333334
0.2191666666666667
0.08333333333333334
0.09805194805194804
-0.05
0.07995238095238097
0.06849999999999999
0.08597402597402598
-0.5
-0.03333333333333334
0.1
-0.16666666666666666
0.06317866161616163
-0.059090909090909104
0.20499999999999996
-0.17895299145299146
0.0
0.19318181818181818
0.004861111111111122
0.0
-0.03865440115440116
0.08296703296703295
0.10208333333333332
0.14523809523809522
0.09444444444444444
-0.22749999999999998
0.0
0.16666666666666666
-0.07653061224489797
0.07794486215538847
0.0
-0.04444444444444444
0.25
0.1547619047619048
0.08852921539488703
0.475
0.04283549783549784
0.12040343915343914
-0.06851851851851852
-0.04897978038221941
0.40544871794871795
0.2076530612244898
0.0033057851239669356
-0.2875
0.11607142857142858
0.03153846153846154
-0.11818181818181818
0.08194444444444444
-0.05112893642305407
0.013888888888888893
0.3666666666666667
-0.08361111111111111
-0.04444444444444445
0.18426079734219264
-0.28750000000000003
0.03409090909090908
0.175
-0.0625
0.2
-0.14583333333333334
0.0
-0.020512820512820516
-0.08928571428571427
-0.17623737373737375
-0.2
-0.1388888888888889
0.10833333333333331
0.14048520923520924
0.16666666666666666
-0.5
-0.09333333333333334
-0.18181818181818182
-0.07023809523809525
0.044897959183673466
0.2164772727272727
-0.012328954570333877
0.5
0.0
0.26666666666666666
-0.009166666666666665
0.20472222222222225
0.0
0.0
0.026642857142857145
-0.019999999999999997
-0.04166666666666668
-0.3194444444444444
-0.08333333333333333
0.16636904761904758
0.04642857142857142
-0.05833333333333327
-0.2923611111111111
0.08888888888888889
0.1604591836734694
-0.10935506292649153
0.09314322628276117
-0.17833333333333332
0.16394444444444442
0.18333333333333335
0.08571428571428573
-0.3305555555555555
-0.2666666666666666
-0.125
0.3375
0.32135416666666666
0.18995670995670993
-0.12916666666666668
-0.06666666666666661
-0.36
0.25
-0.15416666666666667
0.0
0.31212121212121213
0.2296363636363637
-0.08125
0.20910714285714288
0.20606060606060606
0.0
0.16037037037037039
0.03838938577146125
-0.16041666666666665
-0.03333333333333335
0.1
-0.05185185185185185
-0.45499999999999996
0.12546296296296297
0.04553571428571429
0.10690009337068161
0.10690009337068161
-0.15
0.44999999999999996
0.2425925925925926
0.037500000000000006
0.20769230769230773
0.055691311612364236
0.20625
0.2
0.125
-0.026666666666666655
0.17222222222222222
-0.3136904761904762
0.05304189857761288
-0.4475
0.024842424242424256
0.20723611111111112
0.41011904761904755
-0.03472222222222223
0.12407407407407407
0.004757575757575761
0.1365079365079365
0.11488095238095239
-0.0625
0.034895833333333334
0.016038359788359786
-0.225
-0.016666666666666673
0.02410863095238095
0.0
0.1351190476190476
0.11818181818181817
0.08229166666666668
-0.02666666666666666
0.1545721187025535
-0.11333333333333333
-0.078
-0.71875
-0.02858422939068101
0.061904761904761935
-0.11547619047619048
0.23888888888888893
0.20000000000000004
-0.075
0.040740740740740744
0.16421911421911417
-0.09999999999999999
-0.45000000000000007
0.075
0.03333333333333333
0.17552083333333335
0.054855275443510716
0.12916666666666665
-0.049999999999999996
0.09594298245614041
-0.03125
0.22857142857142856
0.04323318216175358
0.20119047619047614
0.10462962962962963
0.25104166666666666
-0.2125
0.14821428571428572
-0.08333333333333333
0.040625
0.22625
0.17555179773929772
0.21666666666666667
-0.002513774104683203
-0.125
0.6
0.10937742812742814
0.1399267399267399
0.29650974025974025
0.10714285714285714
-0.1980769230769231
0.04642857142857142
-0.05833333333333335
0.49642857142857144
0.0
-0.125
0.030753968253968256
0.15277777777777776
0.10833333333333335
0.20476190476190478
0.5
0.20000000000000004
-0.35000000000000003
0.0058585858585858495
0.014773242630385496
0.0
0.0
0.23440476190476187
0.1111111111111111
-0.06316416040100249
0.21666666666666665
0.2034027777777778
-0.15416666666666667
0.011904761904761899
0.2762987012987013
0.05515873015873015
-0.1125
0.17777777777777778
0.024999999999999998
0.475
0.0015873015873015817
-0.2833333333333334
0.12708333333333333
0.265625
-0.140625
-0.04980158730158731
0.09999999999999999
-0.012896825396825387
0.0
-0.1305194805194805
-0.004285714285714282
0.03557692307692307
-0.05625
0.25555555555555554
0.22727272727272727
0.08124999999999999
0.0
-0.10000000000000002
-0.013636363636363618
0.11311612364243945
0.13636363636363635
0.08333333333333333
0.1900793650793651
0.08333333333333333
0.06562499999999999
0.26666666666666666
0.21969696969696972
0.15357142857142858
0.16666666666666669
0.08452380952380951
0.10162337662337663
-0.05274725274725275
0.03624188311688312
0.10874999999999999
-0.06785714285714288
0.25
0.06666666666666665
0.08939393939393937
0.0
0.21166666666666667
-0.09945054945054947
-0.11607142857142858
0.2875
0.10634920634920632
0.024777777777777774
0.2
-0.6999999999999998
0.05249999999999999
0.0017335517335517335
-0.021517676767676776
0.23833333333333337
0.3196428571428572
0.23200000000000004
0.8
-0.014935064935064935
-0.08888888888888886
0.07587719298245614
0.0
-0.06428571428571427
0.22916666666666666
0.0
0.0007142857142857192
-0.13545918367346935
0.12166666666666667
0.29417989417989415
-0.16459325396825397
0.0
0.0
0.004102564102564108
0.09872448979591839
0.08505291005291006
0.21607142857142855
-0.3125
-0.20000000000000004
0.09941893424036283
0.14155844155844155
0.15000000000000002
0.225
0.21114583333333334
-0.0666666666666667
0.057272727272727274
0.05
0.7083333333333334
0.16666666666666666
0.021296296296296285
0.2013888888888889
-0.09999999999999999
0.15521978021978028
-0.25
0.1562121212121212
-0.09999999999999999
0.0
-0.017222222222222215
0.027291666666666672
0.27999999999999997
0.07500000000000001
-0.5
-0.15
0.3625
0.013590029761904774
0.0
0.125
0.3
0.06666666666666667
0.23611111111111108
-0.034183673469387735
-0.015191387559808598
0.3142857142857142
0.0375
0.1346938775510204
-0.002200577200577187
-0.5
0.18537660256410257
0.11249999999999999
-0.03621378621378623
0.0
-0.1
0.03666666666666665
0.20833333333333334
-0.20306122448979594
0.0
-0.02708333333333333
-0.5
-0.02388888888888889
0.16923076923076924
-0.0888888888888889
-0.14
0.09285714285714285
-0.00785714285714285
0.0
0.0
0.058276098901098895
0.12626262626262624
-0.02857142857142858
0.37857142857142856
0.2669642857142857
0.15000000000000002
0.125
0.09
0.0
0.3333333333333333
-0.015476190476190478
-0.007638888888888883
0.5
0.027747873471557688
0.10428571428571427
0.19125
0.10773809523809522
0.2604166666666667
0.047689694564694574
0.5
0.19999999999999998
0.0
0.3458333333333334
0.08023412698412698
0.09363636363636364
0.11499999999999999
0.1875
0.18539758487126912
0.08214285714285714
0.08272727272727273
0.1068181818181818
0.06374242424242425
0.0
-0.2152777777777778
-0.25
0.0
0.0
-0.148
-0.09553571428571428
-0.04999999999999997
-0.1681818181818182
-0.25416666666666665
0.2204761904761905
-0.15833333333333333
0.2
0.190625
0.11470588235294119
0.1634199134199134
-0.10357142857142856
0.038888888888888896
0.075
0.04729166666666666
0.033333333333333326
0.29259259259259257
0.15000000000000002
0.08750000000000001
-0.0375
-0.03833333333333333
-0.153125
0.14081632653061224
-0.06507936507936508
0.1285714285714286
0.22142857142857142
0.08892857142857143
0.20909090909090908
0.08333333333333333
0.05
0.14367559523809523
0.2
-0.12936507936507938
0.042032967032967036
-0.08883928571428573
-0.15
-0.05
-0.1380952380952381
-0.025757575757575757
0.22142857142857142
0.13712121212121212
0.09166666666666667
-0.6
0.15052631578947367
-0.375
0.26666666666666666
0.01856060606060606
0.04789915966386554
-0.03369047619047618
-0.08800000000000001
-0.05
0.18846153846153849
-0.016666666666666625
0.14390151515151514
0.05433501683501685
0.19404761904761902
-0.0357142857142857
-0.128921568627451
0.2625
-0.09903846153846153
0.0
-0.016945773524720896
0.0
-0.03846153846153845
-0.09038461538461537
0.5047619047619047
0.13232281284606867
-0.07499999999999998
0.14093406593406593
0.17515151515151517
0.375
0.1068181818181818
0.15428571428571428
-0.09722222222222222
0.1504901960784314
-0.012121212121212121
-0.546875
0.12896329365079368
0.3714285714285715
-0.025
-0.09047619047619047
-0.25
0.07999999999999999
-0.004761904761904763
0.06741071428571428
0.06249999999999999
0.016666666666666666
-0.5
-0.02797979797979798
0.08388888888888889
-0.035602678571428556
0.3066666666666667
0.15714285714285717
0.007142857142857138
-0.3075757575757576
-0.06323529411764704
0.0016304347826087019
-0.24999999999999997
0.1262962962962963
0.11607142857142858
0.04355769230769231
0.0025000000000000022
0.0
0.0942857142857143
-0.1482142857142857
-0.09242424242424242
0.0
-0.225
-0.14857142857142858
-0.0193576388888889
-0.15104761904761904
0.5
0.10083333333333332
0.0007359307359307481
0.39999999999999997
0.0
-0.5
0.002976190476190462
0.04580492424242423
0.0
0.02505036891829348
0.06176948051948054
-0.024999999999999994
-0.24642857142857144
0.1142857142857143
-0.025000000000000005
0.009687830687830683
0.2688888888888889
0.09999999999999999
0.07748682476943347
0.09382716049382717
0.004580745341614905
0.18537037037037035
0.06666666666666667
0.11770833333333335
0.1902777777777778
-0.08333333333333333
0.6
-0.04003968253968254
-0.19999999999999998
0.72
-0.1608333333333333
-0.11000000000000001
-0.00714285714285715
-0.09791666666666667
-0.0033134920634920574
-0.08954248366013073
0.25999999999999995
0.13809523809523808
0.1342989417989418
-0.08000000000000003
0.13484848484848483
0.8
0.16666666666666666
-0.13055555555555556
-0.15
0.01999999999999999
-0.06818181818181818
0.0
0.054739229024943305
0.06979166666666667
-0.012500000000000004
-0.01579365079365074
-0.12854166666666667
0.14833333333333332
0.0742283950617284
0.33571428571428574
0.12674999999999997
-0.10292658730158731
0.17361111111111113
0.0
-0.25
-0.05
-0.09444444444444444
0.27
-0.13035714285714287
0.18076923076923077
0.05298445767195767
-0.125
0.3
0.0779265873015873
-0.5
-0.049073129251700674
-0.2
0.1318181818181818
0.0647378117913832
0.31666666666666665
0.06677248677248676
0.1
-0.13541666666666666
0.12949735449735447
0.07369047619047618
0.3
-0.07134920634920633
-0.029418498168498154
0.0461038961038961
-0.13333333333333336
0.1
0.35
-0.13125
0.21931818181818183
0.045
-0.004687500000000008
0.008333333333333321
0.025877192982456138
0.014288720538720514
-0.022651515151515138
-0.11249999999999998
0.2875
-0.16999999999999998
0.4681818181818182
0.1515151515151515
0.02
0.013333333333333341
-0.004166666666666677
0.03839285714285712
0.023333333333333338
0.4
-0.18
0.15893939393939394
-0.027777777777777773
0.05625
0.1512820512820513
0.04434523809523811
-0.24666666666666667
0.09416666666666666
0.042752100840336135
0.16363636363636364
-0.025520833333333326
-0.13999999999999999
0.39999999999999997
0.02666666666666666
0.15000000000000002
0.014814814814814808
0.07148760330578513
0.25
0.13314285714285715
-0.15625
0.0
0.1
0.07120927318295739
-0.16999999999999998
-0.13452380952380952
0.05
0.2225
0.24166666666666667
-0.26874999999999993
-0.1625
-0.25
-0.6999999999999998
0.13328282828282828
0.1
0.10000000000000002
-0.00826388888888889
0.0986528822055138
0.16964285714285712
0.07081018518518518
-0.025
-0.075
-0.17692307692307693
-0.36770833333333336
-0.2625
-0.06231060606060606
0.12499999999999999
-0.20625
0.046875
-0.19999999999999998
0.03229166666666666
-0.11400000000000002
-0.00555555555555556
0.00416666666666668
-0.2152777777777778
0.12222222222222222
0.05240384615384616
-0.15185185185185185
0.32857142857142857
0.012562003968253965
0.23333333333333328
0.45714285714285713
0.24924242424242424
-0.3763888888888889
0.23096518177163342
0.13125
-0.13333333333333333
0.20543831168831167
0.0
0.1470462009255113
-0.07187499999999998
-0.16562500000000002
0.13814102564102565
0.19999999999999998
0.20000000000000004
0.06944444444444443
0.062121212121212126
0.037014626787354045
0.18675000000000003
0.050207431457431444
-0.07093704906204905
0.09773662551440333
0.10952380952380955
0.06250000000000001
0.02547123015873016
-0.35
0.011666666666666662
0.24305555555555555
-0.05000000000000001
0.06888888888888892
0.2733333333333333
-0.15166666666666667
-0.09999999999999999
0.08125000000000003
0.18634118967452304
-0.10500000000000001
-0.007711038961038964
0.07967720685111991
0.040978422619047605
0.05694444444444444
0.06796296296296296
0.4166666666666667
0.09999999999999999
-0.02104978354978353
-0.3711111111111111
0.01895104895104895
0.012500000000000004
0.0
0.180952380952381
0.06705513784461152
0.0
-0.13035714285714287
0.1125
-0.16498015873015875
0.061118012422360236
-0.08
0.0
0.15625
0.042137703566275
-0.010151515151515147
0.2111111111111111
0.09277472527472527
0.0
0.10691876750700281
-0.25
-0.13
-0.375
0.08888888888888889
-0.0881172839506173
-0.06011904761904763
0.1
0.05536616161616161
0.08229166666666664
0.17214285714285715
0.05357142857142857
0.05742187500000001
-0.20357142857142857
-0.17968749999999997
-0.039878697691197694
-0.07461348175633889
0.0
-0.19047619047619047
-0.004796626984126989
0.001237824675324679
0.10111111111111112
0.4583333333333333
0.34545454545454546
-0.03649691358024691
0.175
0.0
-0.14649122807017542
-0.13333333333333333
0.16666666666666666
-0.55
0.04709595959595959
-0.007142857142857141
0.0
-0.28333333333333327
0.0
0.3375
-0.0294375
0.050370370370370385
-0.13333333333333333
0.03518518518518518
-0.3333333333333333
0.12
-0.024723424723424734
0.18049242424242423
-0.026666666666666658
0.19000000000000003
0.05204081632653061
0.13076975761758372
-0.09136904761904763
0.043135962569924836
-0.15185185185185182
0.04563692480359146
-0.20833333333333334
0.15000000000000002
0.22402597402597402
-0.17102272727272727
-0.05714285714285715
0.025
-0.25208333333333327
0.06190476190476191
0.7333333333333334
-0.07500000000000001
0.09081632653061224
0.01666666666666668
0.06969696969696969
-0.19999999999999993
0.4
0.07916666666666665
-0.17142857142857143
0.1958333333333333
0.225
-0.11666666666666664
0.14333333333333337
0.11948015873015874
0.09781249999999998
0.06666666666666667
0.18030303030303027
-0.026190476190476195
0.352
0.06820560515873017
0.04201127819548872
0.26375
0.07857142857142857
-0.0956168831168831
0.11858201058201055
0.085546875
0.19999999999999998
0.2782828282828283
0.1234375
0.375
0.01820987654320987
-0.056249999999999994
0.0
0.024166666666666673
-0.03583333333333333
0.29650974025974025
0.10496031746031743
0.20132275132275132
0.05
0.08248106060606061
0.10000000000000002
0.06666666666666667
-0.027777777777777787
-0.03166666666666667
0.029166666666666678
-0.03267676767676768
0.0
-0.01984527817861151
-0.3
0.25625
0.04999999999999999
0.032968574635241304
0.0620462962962963
0.0625
