0.05
-0.047537878787878775
0.12857142857142856
-0.015348639455782298
0.09431818181818183
-0.033333333333333326
0.0
0.16858465608465611
0.07393939393939394
0.0
0.0
0.175
0.07604166666666666
-0.24955357142857143
-0.19038461538461535
-0.0020021645021644947
-0.21250000000000002
-0.05793650793650794
0.0
0.040151515151515146
0.04814814814814815
-0.004814118629908108
-0.3458333333333333
-0.12952380952380949
0.13636363636363635
0.016666666666666663
0.068640350877193
0.07410714285714286
0.1
-0.16
0.125
-0.029999999999999992
0.08283950617283951
0.0
0.0916666666666667
0.109537037037037
0.5
0.07138888888888889
0.016666666666666677
0.4928571428571428
0.2
0.001436781609195401
0.07126068376068376
0.05461889557713675
-0.26666666666666666
0.09964912280701753
-0.0701058201058201
0.16304761904761905
0.07898357003620166
0.08333333333333336
0.14285714285714285
0.26999999999999996
0.037142857142857144
0.09792809042809042
-0.0050000000000000044
0.11022556390977443
0.0035119047619047755
0.2413756613756614
0.1367063492063492
0.5666666666666667
0.53125
-0.02041666666666667
0.01666666666666668
0.050000000000000044
-0.019191919191919173
0.06317460317460317
0.01763937282229966
0.1018518518518518
0.15396825396825398
-0.05000000000000001
-0.0033333333333333383
0.1306671626984127
0.1625
-0.03300865800865801
-0.08867794486215538
-0.26666666666666666
0.03214285714285715
0.08297619047619048
-0.5
0.0616525974025974
0.046235078053259875
0.12916666666666676
0.04971014492753623
-0.02045454545454546
0.025000000000000005
0.0811111111111111
0.055853174603174606
-0.0625
0.06805555555555556
0.20000000000000004
-0.26666666666666666
-0.08073593073593074
0.22005135387488328
-0.008333333333333328
0.09416666666666668
0.025892857142857145
0.4
0.1643939393939394
0.038909774436090235
-0.14285714285714285
-0.02476190476190477
-0.0015873015873015877
0.2
0.2323784722222222
0.15367965367965367
0.15833333333333335
-0.23500000000000001
-0.05528508771929825
-0.3444444444444444
0.21488095238095242
0.060150985609701196
0.05952380952380952
-0.01114718614718615
-0.11979166666666663
0.017514430014430017
0.3055555555555556
-0.08230994152046785
0.1691964285714286
0.125
0.014285714285714266
0.08249999999999999
0.09374999999999997
0.11363636363636363
-0.11095413595413593
0.3
-0.26799999999999996
-0.19090909090909092
0.06063131313131313
-0.029029304029304037
0.00036679536679537196
-0.09291666666666668
0.01817682317682318
0.044230769230769226
0.19246031746031747
0.13142857142857145
-0.006249999999999992
0.425
0.1277014652014652
0.21217948717948718
0.08212454212454211
0.07727272727272727
-0.14999999999999997
-0.07291666666666667
0.025
0.0
0.07797619047619045
-0.08333333333333333
-0.22535714285714284
-0.02261904761904761
0.0
0.14848484848484853
0.18888888888888888
0.0
-0.21000000000000002
0.10277777777777779
-0.014880952380952375
0.21666666666666667
0.021875000000000006
0.225
0.0794642857142857
0.18888888888888888
-1.0
0.24167869167869174
0.03842089728453365
0.0794590643274854
0.03151515151515152
-0.012500000000000011
0.019999999999999997
0.0
0.13
0.11154761904761905
0.07322140822140823
-0.023333333333333334
0.35
-0.03520833333333334
0.05555555555555555
0.07559523809523809
0.04534722222222225
0.07569444444444444
0.0
0.11904761904761903
0.19999999999999998
-0.06799999999999999
0.05722222222222224
0.15000000000000002
-0.2013888888888889
0.22159090909090906
0.4666666666666667
-0.07142857142857144
-0.22499999999999998
0.25
0.375
0.1360863095238095
-0.2166666666666667
0.2202380952380952
0.18035714285714285
0.12777777777777777
-0.4
0.10424107142857142
0.04583333333333334
0.0
-0.06349206349206349
-0.125
-0.14285714285714285
0.5666666666666667
0.07183908045977012
0.04393939393939394
-0.06825396825396826
0.13012987012987012
0.6
0.06666666666666665
0.22196969696969696
0.2
0.001904761904761909
0.10500000000000001
-0.019999999999999997
-0.5
-0.1
0.3
-0.03660714285714284
-0.25937499999999997
0.12208616780045353
0.3
0.12
0.16118614718614718
0.00678294573643411
-0.11333333333333333
0.10064634439634441
0.251228354978355
0.0423611111111111
0.5
-0.009774436090225559
0.04721031746031747
-0.1
-0.0953933747412008
0.5
0.07142857142857142
0.2331890331890332
0.35
0.2666666666666667
-0.0625
0.03285714285714286
0.11666666666666665
-0.03666666666666667
0.05625000000000001
0.2041666666666667
0.12589285714285714
0.04666666666666665
-0.1625
0.19999999999999998
0.0875
0.16666666666666666
-0.020454545454545447
0.04999999999999999
0.1709090909090909
-0.03125661375661376
0.35333333333333333
0.37500000000000006
0.225
-0.0006060606060606024
-0.10515873015873012
-0.04416666666666669
0.17640816326530614
0.2
0.14598124098124096
0.0
-0.05
0.0
0.01194255479969766
-0.06861471861471861
0.1
0.012049755799755804
0.0
0.5
-0.025462962962962975
0.10114583333333334
0.24924242424242424
0.10357142857142856
-0.075
-0.35333333333333333
0.0882664305391578
-0.03571428571428571
0.029444444444444457
-0.02223363774733638
-0.05
0.04249999999999999
0.17937499999999998
0.05
0.07500000000000001
-0.08660468319559228
0.09488966318234612
0.07575203252032521
-0.8
0.13857142857142854
-0.1
0.25
0.20416666666666666
-0.15
0.3333333333333333
0.22232142857142856
0.08297979797979799
-0.025370370370370376
0.0875
-0.2
0.0961111111111111
0.10956890331890334
0.5
0.12288267288267288
0.090625
0.23714285714285716
0.37916666666666665
0.08739669421487604
0.09135416666666667
0.08380952380952382
0.1515625
-0.1
0.4166666666666667
0.04782608695652174
0.04250000000000002
0.006372862110567033
0.15000000000000002
-0.3125
0.07155357142857142
-0.03333333333333333
0.24285714285714285
-0.16666666666666666
-0.20833333333333331
0.2357142857142857
0.10165496464050183
0.06590909090909089
-0.037500000000000006
0.3466666666666667
0.08300865800865803
0.0
-0.2212121212121212
-0.3333333333333333
0.1
0.0
0.12688405797101449
0.11000000000000001
0.14732142857142858
0.2
0.1964285714285714
0.28863636363636364
0.255
0.3
0.030000000000000006
0.16666666666666669
-0.1784090909090909
-0.15357142857142858
-0.3047619047619047
0.09
0.5
0.07500000000000001
-0.2228846153846154
0.18826086956521734
-0.035277777777777755
-0.02703698475437604
0.2433333333333333
0.2376666666666667
0.11888888888888889
-0.03333333333333333
0.08231995277449823
0.1025
0.0
0.15138888888888888
0.18333333333333335
0.27499999999999997
-1.0
-0.06380208333333334
-0.01969696969696971
0.05616666666666667
0.13777777777777775
0.2654761904761905
0.014614845938375346
0.05
0.08148148148148149
0.04510416666666667
0.050416666666666665
0.39999999999999997
0.24666666666666667
0.3
0.38
0.0
0.09169157326691572
0.10083333333333333
-0.3878787878787879
0.09671052631578948
0.11746031746031747
-0.009722222222222222
0.09412698412698414
-0.012499999999999997
-0.328125
-0.13984374999999993
0.11495027918940962
-0.04791666666666667
-0.06602564102564103
0.10709876543209876
0.20000000000000004
-0.08333333333333333
-0.19722222222222222
0.015530303030303035
0.020588235294117647
0.05333333333333334
0.032142857142857154
-0.051851851851851864
0.625
0.07927272727272726
0.07498078794590422
-0.20000000000000004
-0.125
0.16575757575757574
0.16061958874458873
-0.049555555555555554
-0.19999999999999998
0.08238520622895626
-0.461111111111111
0.0
0.10416666666666667
-0.016296203796203813
0.034848484848484844
-0.060606060606060615
0.03409090909090909
0.0
-0.5
-0.10029761904761905
0.08333333333333333
-0.003968253968253962
0.23714285714285716
0.4871428571428572
0.19382716049382714
0.05575757575757576
-0.14953703703703705
0.1708333333333333
-0.30648148148148147
-0.061904761904761914
0.18409090909090908
0.0
0.3304761904761905
0.012549603174603168
-0.11038961038961038
0.029406130268199236
0.10511051448551448
-0.06666666666666667
0.11374999999999999
0.11709656084656084
0.13333333333333333
-0.046590909090909106
0.1875
0.1142857142857143
0.125
0.13499999999999998
0.09015625
0.1722689075630252
0.05
0.004464285714285719
0.021746031746031746
-0.05028273809523811
0.18955128205128202
0.01769931457431457
-0.004761904761904763
0.04158730158730159
0.013888888888888876
0.06263736263736264
0.01666666666666667
0.21666666666666667
0.09375
0.26136363636363635
-1.586032892321652e-17
-0.049444444444444444
0.0
-0.018809523809523804
-0.0994678932178932
0.2061507936507936
0.11441433566433566
0.31666666666666665
0.1990555555555556
-0.15752188552188548
-0.05
0.13333333333333333
0.013687298151583881
0.05097402597402598
0.0
0.0
0.08100649350649351
0.21749999999999997
0.21111111111111114
0.3448979591836735
-0.13124999999999998
-0.19999999999999998
0.08187074829931973
0.07685185185185185
0.0531525974025974
0.1
0.035416666666666666
-0.058534151034151057
0.12805555555555553
0.04936974789915967
0.18449074074074073
0.06410533910533911
-0.08571428571428573
0.09119191628264209
0.040940170940170946
0.06666666666666667
-0.18333333333333335
-0.05212121212121212
0.15772727272727274
0.23666666666666666
-0.013924963924963936
-0.09999999999999999
0.09000000000000001
0.03265306122448979
0.1522727272727273
0.0
0.30223214285714284
0.008333333333333325
0.26666666666666666
0.1087121212121212
0.0
-0.04791666666666668
-0.16666666666666666
0.021563460693895475
0.18
0.6
0.12999999999999998
0.2
0.3111111111111111
0.08029365079365082
-0.16666666666666666
-0.008503401360544212
0.06376133786848073
0.4166666666666667
0.02
0.0015079365079365063
0.06562499999999999
0.0727746856318285
0.04444444444444445
0.14494949494949494
0.0744642857142857
0.033012820512820513
0.13033333333333333
0.3370370370370371
0.21029541446208114
0.022380952380952373
0.11848290598290599
0.1467261904761905
0.3466666666666667
0.42000000000000004
0.05373015873015871
0.14991071428571429
0.06999999999999999
-0.09999999999999999
0.05373015873015871
-0.24999999999999992
0.11205533596837947
0.4836734693877551
0.14
-0.55
-0.010294117647058808
0.20833333333333334
0.15
0.18152056277056278
0.22499999999999998
0.24285714285714285
0.2125
-0.016666666666666663
0.0
-0.19999999999999998
0.06481481481481485
-0.5
-0.06645833333333333
0.16666666666666669
0.5
-0.0325
-0.25
0.296875
0.20400000000000001
-0.05423280423280424
0.12943164362519202
-0.17857142857142858
0.06134370015948961
-0.016666666666666663
0.0
0.11098484848484852
-0.050000000000000044
0.3977272727272727
0.0
-0.075
0.0
0.09999999999999999
-0.025000000000000012
0.0
0.06458333333333334
-0.13333333333333333
0.12666666666666665
0.008951719576719584
-0.33125
0.0
0.0
0.39375
0.11880385487528344
0.12901326933935628
0.037500000000000006
-0.023863636363636344
0.014139941690962101
0.0926547619047619
0.13809523809523808
-0.2333333333333333
0.25047619047619046
-0.02857142857142854
0.175
0.29696969696969694
-0.1699074074074074
0.31428571428571433
0.2
0.05404040404040404
0.0678030303030303
0.164
0.0678030303030303
0.0678030303030303
-0.049675925925925915
0.21428571428571427
0.011666666666666659
0.0
0.0
0.04023809523809524
0.018749999999999985
-0.0935185185185185
0.16590909090909092
0.22083333333333335
0.23036283891547055
0.03928571428571429
0.09617647058823528
0.2
0.09358974358974358
-0.043939393939393945
0.2
-0.06782296650717705
0.2164835164835165
0.1360865144956054
0.22130608809180238
0.1261904761904762
0.07575757575757575
0.0008333333333333359
-0.25
0.5
-0.3
-0.013095238095238096
0.033333333333333326
-0.5
-0.15375
-0.12380952380952381
0.0
-0.2712121212121212
0.48548951048951045
-0.04479166666666666
-0.041666666666666664
0.6
0.07954545454545454
0.11666666666666665
0.0
-0.02187499999999995
0.30833333333333335
-0.1138888888888889
0.13
-0.10892857142857142
-0.004232804232804245
0.07127739984882842
0.0
0.25
0.7
0.18541666666666667
0.11607142857142858
-0.04380952380952381
0.05454545454545454
0.0
0.0
-0.3596590909090909
0.5672727272727272
0.09384475453624391
0.032625482625482614
0.1888682745825603
0.0
0.2916666666666667
0.13333333333333333
-0.07245740370740371
0.0
0.037500000000000006
0.3145089285714286
-0.002962018140589556
0.0
0.028095238095238097
0.008766233766233766
0.28958333333333336
0.018750000000000003
0.0
-0.0125
0.0048752834467120166
-0.1833333333333333
0.10402097902097902
0.0
0.09382716049382715
0.041666666666666664
0.07587301587301587
-0.05714285714285714
0.16141975308641973
-0.5
0.08452380952380953
-0.08776041666666667
0.18934081070444705
-0.14285714285714285
0.17857142857142855
-0.24444444444444446
0.1
0.17713293650793652
0.0
0.15843434343434343
0.17788565601065603
-0.050662878787878785
-0.1303703703703704
0.1388888888888889
0.07261904761904761
-0.5
-0.4
-0.12447916666666665
0.14907407407407405
-0.07142857142857142
-0.042857142857142864
-0.010500610500610498
0.25
-0.11785714285714285
0.22443181818181823
0.14500000000000002
0.24666666666666667
-0.1625
-0.15904761904761905
0.11192982456140352
0.053333333333333344
-0.5
0.026031746031746027
0.05864197530864198
0.4
-0.009999999999999995
-0.1392156862745098
0.0940343258891646
-0.3425925925925926
-0.19166666666666665
-0.24500000000000002
0.1285714285714286
-0.42000000000000004
0.23311111111111113
0.0
-0.019565656565656557
0.31934523809523807
-0.07875000000000001
-0.1357142857142857
