-0.08333333333333333
0.08296703296703298
0.08333333333333334
0.33095238095238094
0.08910714285714287
-0.016666666666666663
0.08750000000000001
-0.8
-0.016369047619047613
0.1343276515151515
0.0875
0.057486631016042795
-0.03125
-0.2
-0.033333333333333326
0.10909765482936215
0.05892857142857142
0.029166666666666664
-0.34945054945054943
0.375
0.12986111111111112
0.32222222222222224
0.1935267857142857
0.09416666666666666
-0.25
-0.016666666666666673
-0.1
0.3
0.11666666666666665
-0.1
0.07324561403508771
0.07777777777777778
-0.002277432712215303
0.17777777777777778
-0.016666666666666666
0.025000000000000022
0.20555555555555552
0.0699724517906336
-0.07333333333333333
0.18455988455988456
-1.0
0.2642857142857143
0.0
0.09722222222222222
0.00833333333333334
0.0
0.0
0.06648351648351648
-0.11666666666666667
0.10972222222222221
0.2287878787878788
-0.10499999999999998
-0.04666666666666667
0.159375
-0.008333333333333318
0.0
-0.062499999999999986
-0.3682539682539683
-0.15
0.2
0.5
0.3
-0.033333333333333326
0.35000000000000003
0.011428155178155179
-0.22023809523809523
0.1
-0.15555555555555559
0.29666666666666663
0.06969696969696969
0.0
0.0
0.0
0.125
-0.32777777777777783
0.039999999999999994
0.125
0.07361111111111111
0.16666666666666666
0.18239316239316242
-0.04019607843137256
0.12304761904761904
-0.09375
0.08222222222222222
0.12666666666666662
-0.13518518518518519
0.025000000000000012
0.10416666666666667
-0.002467532467532467
0.5
-0.16607142857142856
0.05267857142857144
0.09871794871794873
-0.1698051948051948
0.1051948051948052
0.06000000000000001
0.17070105820105821
0.28125
0.21462585034013607
0.06190476190476191
-0.06145833333333333
-0.5
-0.125
-0.03560606060606061
-0.026994047619047612
0.0475595238095238
0.09166666666666667
-0.18148148148148147
0.35
-0.20952380952380953
0.12064102564102565
0.0803030303030303
-0.1111111111111111
0.15654761904761905
-0.19062499999999996
0.1904761904761905
-0.009999999999999993
-0.25
0.07268518518518519
0.01974789915966387
0.04014530812324929
0.0
0.1044775678866588
0.022689075630252103
0.17675388337153045
0.1411525974025974
0.10576923076923081
0.095
0.0
0.08696010428964975
0.05173611111111113
0.06666666666666665
-0.1
-0.09166666666666666
0.033333333333333326
0.25
0.2857142857142857
-0.04549107142857143
0.02017045454545456
-0.225
0.06666666666666667
0.0
0.3021428571428571
-0.037244897959183676
0.2111111111111111
0.27999999999999997
-0.325
0.12098214285714284
-0.27397727272727274
-0.1563095238095238
-0.000892857142857142
0.11666666666666665
0.1875
0.10000000000000002
-0.11000000000000001
0.2
-0.0026315789473684175
0.1
-0.18095238095238098
0.21000000000000002
0.021428571428571436
-0.05
-0.004474872953133825
0.15255102040816326
0.2517261904761905
-0.1625
0.02858608405483405
0.09499999999999999
0.15595238095238098
0.034374999999999996
0.2520833333333333
-0.15384615384615385
0.05
-0.08095238095238093
0.1
0.14431818181818182
0.28
0.25083333333333335
0.11252775002775003
0.12
0.25
0.0
0.023062770562770573
-0.007900432900432899
0.1331818181818182
0.041666666666666664
0.35
0.18333333333333335
0.19999999999999998
0.14750000000000002
-0.03496031746031745
0.15166666666666667
-0.083008658008658
-0.07914141414141415
0.1125
0.30000000000000004
0.0653968253968254
0.5
0.12840909090909094
-0.057500000000000016
0.20787037037037037
-0.1563095238095238
0.05297619047619047
0.006349206349206342
0.12887500000000002
-0.1
-0.050402815214135976
0.13999999999999999
-0.25666666666666665
0.3
0.4464285714285714
-0.14218750000000002
-0.07763157894736841
-0.09346428571428568
0.45000000000000007
-0.049999999999999996
-0.0459895833333333
-0.14583333333333331
0.04654761904761907
0.2
-0.3450837742504409
0.5
0.0
-0.2866666666666666
0.02380952380952381
0.024999999999999994
0.02357142857142857
0.05767045454545454
-0.05
0.0888888888888889
0.19444444444444445
-0.24722222222222223
-0.16666666666666666
0.05
-0.26
0.07857142857142856
0.12187500000000001
0.20307017543859648
0.09958333333333336
0.15000000000000002
-0.27
-0.10486111111111111
0.14932317682317683
-0.5
-0.125
0.11785714285714285
0.1525
0.19999999999999998
-0.1875
0.018785014005602247
0.21349206349206348
-0.05416666666666666
0.269515306122449
-0.0007223454052722259
0.16977272727272727
-0.125
0.023214285714285708
0.1479166666666667
0.14267857142857143
0.01666666666666668
0.30142857142857143
0.026785714285714288
0.0625
0.1337121212121212
0.28500000000000003
0.1554824561403509
0.26666666666666666
0.013888888888888881
0.22222222222222224
-0.06590909090909092
-0.26666666666666666
0.1675925925925926
0.5
0.1
0.09285714285714286
-0.08333333333333336
0.11830357142857142
0.33888888888888885
0.7083333333333334
-0.0184862012987013
0.014802243211334115
0.04621985157699443
0.015079365079365081
0.11405011655011657
0.15308583959899746
0.2
0.0
-0.1
0.0361111111111111
0.004166666666666652
-0.00416666666666667
-0.47500000000000003
0.14285714285714285
0.2
0.3181818181818182
0.07657287157287156
0.19999999999999998
0.05000000000000002
0.0
0.05595238095238095
0.15907407407407406
0.0813582251082251
0.1
-0.06532061688311687
-0.23888888888888887
0.11240079365079363
0.07566287878787878
-0.03000000000000001
0.25
0.15555555555555559
-0.4
-0.15
0.24924242424242424
0.028124999999999997
-0.05261904761904762
0.12063492063492062
0.10354996950357775
0.10555555555555553
0.1416666666666667
-0.10588235294117646
0.04430529787672645
-0.13228618228618227
0.18125000000000002
-0.034740259740259745
-0.13333333333333333
0.06333333333333334
-0.9099999999999998
-0.32666666666666666
-0.2347222222222222
0.11428571428571428
0.26388888888888895
0.07148989898989898
0.033333333333333326
0.19318181818181818
-0.19837662337662335
0.14
0.0
0.03194444444444446
0.19090909090909092
-0.05
-0.15952380952380954
-0.08888888888888888
4.625929269271485e-18
0.06519607843137255
-0.029166666666666664
0.0888888888888889
-0.05
-0.5
0.09684722222222224
0.10888888888888888
0.0
-0.10999999999999996
0.0625
0.04818181818181818
0.1640625
-0.1
0.4000000000000001
-0.15000000000000002
0.03242424242424242
0.4699999999999999
-0.05681818181818182
0.0625
0.1
0.29206349206349214
0.25833333333333336
-0.12916666666666665
-0.07500000000000001
0.07142857142857142
-0.5
-0.55
-0.55
0.09711538461538462
0.09999999999999999
0.092010582010582
-0.02027417027417028
-0.15
0.0
0.17261904761904762
0.1877777777777778
-0.5
0.29642857142857143
-0.3
0.32023809523809527
-0.08127705627705628
0.04722222222222223
0.1572727272727273
-0.02731245878304702
0.07699999999999999
0.2504545454545455
0.021215380739190264
0.085
0.24674603174603174
0.2125
0.016666666666666666
0.0
0.17282051282051286
0.2333333333333333
0.35
-0.26666666666666666
0.0
0.085
0.12645833333333334
0.12
0.014284632034632039
-0.045454545454545456
0.04672565996095408
0.0
0.16018518518518518
0.03842592592592592
-0.032051282051282035
0.0
-0.25
-0.06066233766233766
-0.2333333333333333
0.06481481481481481
0.35
0.052597402597402594
-0.03732993197278911
0.018333333333333344
0.35
0.2375
0.2
-0.1
0.2583333333333333
0.11237244897959184
0.05625
0.25
-0.039285714285714285
-0.10107142857142856
0.1844897959183674
-0.08958333333333333
-0.1763888888888889
-0.21666666666666667
-0.013636363636363641
0.21180555555555552
0.0963768115942029
0.17342032967032966
0.05085470085470085
-0.05677177177177176
0.4
0.42500000000000004
0.11214285714285717
0.12222222222222223
-0.06428571428571428
-0.11538461538461539
-0.6
0.4
0.11944444444444444
0.10609243697478991
-0.017738095238095244
0.135
-0.045000000000000005
-0.2864583333333333
0.0734920634920635
0.05657894736842106
-0.0011904761904761932
0.0
0.10400799765206549
-0.0261699948796723
0.010633848133848139
0.19372549019607843
0.1550595238095238
-0.125
0.0
0.12638888888888888
0.0
0.13106060606060607
-0.36249999999999993
0.625
-0.02499999999999994
-0.17777777777777773
0.08777777777777777
-0.0386111111111111
-0.07499999999999997
0.00767045454545455
0.07875
-0.1
0.125
0.24607142857142858
0.10500000000000001
0.011111111111111115
0.18
-0.025
0.12916666666666665
-0.13199404761904765
0.0
0.10723684210526314
0.07288888888888889
-0.05267857142857141
0.1726190476190476
0.12708333333333333
-0.30000000000000004
-0.24776785714285715
-0.425
-0.05
-0.06190476190476191
0.0763888888888889
-0.06871492704826036
0.13333333333333333
0.01805555555555556
0.04687500000000003
0.55
0.0799107142857143
0.2909523809523809
0.12094371811763116
-0.13192640692640692
0.0433080808080808
-0.004068941009239509
-0.07142857142857142
0.06666666666666668
-0.10833333333333334
0.35
0.25
-0.047089947089947105
0.0013314536340852127
0.09999999999999998
0.06565814393939393
-0.25238095238095243
-0.15
0.0
-0.03333333333333333
0.06153846153846153
-0.06666666666666667
-0.10714285714285714
0.11313131313131314
-0.11990740740740741
0.0
0.16428571428571428
0.05
0.06232339089481947
0.375
-0.05714285714285713
-0.08333333333333333
-0.09166666666666666
-0.2833333333333333
-0.029421768707483
-0.15
-0.017592592592592594
-0.22767857142857142
0.0
-0.09135802469135802
0.02539682539682539
0.37
0.5
0.01666666666666667
-0.25
-0.01643452380952381
0.24767361111111108
0.08244008714596951
0.08953268588137012
0.18212987012987011
0.25
0.06872519841269842
0.024999999999999994
0.16875
0.0
0.23333333333333334
0.0007936507936507908
-0.5
-0.5
-0.175
0.17142857142857143
-0.0422077922077922
0.17114583333333333
-0.004166666666666674
0.06042517006802721
0.12999999999999998
-0.001973684210526306
0.059659863945578234
0.019583333333333338
0.21797979797979797
-0.04166666666666668
-0.55
-0.04974489795918367
-0.06428571428571431
0.1294990723562152
-0.06331900081900081
0.14250000000000002
-0.125
0.05
0.2
0.037500000000000006
0.084375
-0.2
-0.068
0.25
-0.07289426523297489
0.1288888888888889
-0.08479166666666665
-0.41666666666666663
0.125
-0.01333333333333333
-0.06923076923076922
-0.19907407407407407
0.1322572997288906
-0.19270833333333334
0.19848484848484846
0.1958333333333333
0.017500000000000005
0.20992063492063492
0.18511904761904763
0.11249999999999999
0.09915824915824917
0.1498456790123457
0.08438538205980066
0.11032790309106097
-0.11342592592592593
0.023611111111111104
-0.07777777777777779
-0.36523809523809525
-0.08541666666666665
0.1
-0.20357142857142854
0.18339029391660971
0.3
0.10833333333333332
0.11666666666666665
-0.1875
0.42500000000000004
0.14950980392156862
0.0
0.08333333333333333
0.0070247933884297585
-0.14056006493506493
-0.05520833333333333
0.2644927536231884
0.15931372549019607
-0.10048209366391184
-0.17250000000000001
0.0
-0.014743589743589747
0.0
0.11690476190476191
-0.009259259259259259
0.08254317367220593
0.15416666666666667
0.04190416065416066
-0.11964285714285718
0.0
-0.12151515151515148
0.09461279461279462
0.025692640692640687
-0.17430555555555552
0.2558
-0.004861111111111122
-0.06666666666666668
0.12
0.1835164835164835
-0.2333333333333333
0.0
-0.15999999999999998
0.13
0.2
-0.17777777777777778
0.001388888888888884
-0.06
0.2
-0.07333333333333333
-0.025
0.05
0.026177811550151964
0.2625
0.029166666666666674
0.14862012987012987
0.09696969696969698
0.375
0.1875
0.02285714285714286
0.016166666666666663
0.22380952380952382
0.09166666666666667
0.04172238255571589
-0.17053571428571426
0.07875090187590188
0.16999999999999998
