-0.14399054834054834
0.01413703703703704
-0.18494444444444438
0.01558703703703703
-0.08443333333333332
0.05555555555555555
0.5069888888888888
-0.23000202020202024
-0.14911777777777777
0.14738968253968257
-0.2529749206349206
0.04216666666666666
-0.006864983164983157
0.02417348484848485
-0.3524111111111112
0.022332485569985554
0.13233333333333333
-0.19187999999999997
-0.0033147741147741086
0.0897666666666667
0.31433333333333335
-0.23640000000000003
-0.09167486772486771
-0.014877156938044036
-0.16380402169846614
-0.3234740740740741
-0.16276666666666664
0.16284485863930306
-0.28332518518518524
-0.03638337112622826
-0.09023333333333333
-0.36992777777777786
-0.23032222222222223
-0.08602222222222222
-0.03432581770081772
-0.06748416085946574
-0.09329087015277493
0.07206632364810328
-0.12644200244200246
-0.06349134445801112
0.2690944444444444
-0.14167962962962963
-0.0596899470899471
0.0476300865800866
0.011650000000000013
-0.14065000000000003
-0.06626031746031745
-0.23373333333333335
-0.07780555555555556
-0.020531216931216924
-0.4537333333333333
0.013024421296296301
-0.05981111111111112
-0.08831832579185521
-0.11790436507936508
-0.22105555555555556
0.012222222222222226
-0.03539018759018758
0.08166111111111109
-0.05832901234567902
0.017759044995408643
-0.01757954144620813
-0.03202024156913045
-0.09663703703703702
-0.015370480791350371
-0.15157544973544973
-0.00597817460317462
-0.10199333333333334
-0.04936913580246915
-0.3022474025974026
0.18918536155202817
-0.09243727272727272
-0.06014705872687238
-0.01563523809523811
