-0.2833333333333334
0.0026499236058059594
-0.030555555555555565
0.32500000000000007
-0.20454545454545456
-0.11309523809523807
0.1642782738095238
-0.375
0.7
-0.15
0.4
0.3183531746031746
0.06999999999999999
-0.014999999999999986
0.026881720430107524
0.0
0.3375
0.060714285714285714
0.4434659090909091
0.017261904761904763
0.30624999999999997
0.4514285714285714
-0.018367346938775515
0.375
0.15714285714285717
-0.3625
0.125
0.28055555555555556
0.39999999999999997
0.35
0.5
0.0
0.13135704874835308
-0.061111111111111116
-0.022705314009661838
0.12686217462191482
-0.05
0.07416300097751712
0.01955128205128204
-0.031111111111111117
0.22907196969696975
0.3
0.04722222222222224
0.25
0.37222222222222223
0.09135802469135801
-0.15
0.11749999999999998
0.0
0.0
0.1244047619047619
0.125
0.03
0.1
0.043154761904761904
0.2681818181818182
-0.015532544378698212
0.010291631445477593
-0.027692307692307683
-0.5
0.12526041666666665
-0.23333333333333328
0.2
-0.07302721088435374
0.4533333333333333
0.056249999999999994
0.18116883116883115
0.25
0.31666666666666665
0.09454212454212457
0.01836734693877551
0.08802521008403363
0.06666666666666665
0.3357142857142857
0.08318056659893394
-0.3
0.09700980392156863
0.049962797619047615
0.11805555555555555
0.025000000000000005
0.1125
-0.2333333333333333
0.06666666666666667
-0.06841269841269841
-0.025
-0.1142857142857143
-0.030364229024943314
0.16249999999999998
0.0
0.032051282051282055
0.16103896103896104
-0.1619047619047619
0.024813258636788058
0.4000000000000001
0.24583333333333332
-0.03474867724867725
0.0680028305028305
-0.08
0.06666666666666665
-0.5
0.55
0.08599439775910367
-0.1025
0.035246913580246925
0.15
0.14454797485619406
-0.3353125
-0.07500000000000001
-0.041666666666666664
-0.3125
0.255
0.09895833333333333
0.13333333333333333
0.1172860962566845
-0.2833333333333333
0.10416666666666666
0.25
0.7
0.02738095238095239
0.0
0.09895833333333334
0.02500000000000001
0.14793617021276598
-0.009981392876129716
0.19464052287581704
0.13003968253968254
0.0669973544973545
0.021428571428571432
0.1326610644257703
-0.2
0.1412943722943723
0.152
0.18958333333333335
0.17760416666666667
-0.03633928571428571
0.4166666666666667
0.25
0.1
0.04814814814814813
0.45
0.3565584415584415
0.020370370370370396
-0.18611111111111112
-0.027272727272727303
0.05000000000000001
0.0
0.10208333333333333
0.2610119047619047
0.015000000000000003
0.014583333333333351
-0.06388888888888888
-0.25
-0.13333333333333333
-0.00043799337916984837
0.35538014069264073
0.09200396825396824
-0.14830555555555555
0.01666666666666669
0.13174603174603175
-0.05476190476190477
0.10388888888888889
-0.033333333333333326
0.0
-0.05
0.263939393939394
-0.016666666666666666
0.10982142857142858
-0.03
0.3821428571428572
0.2
0.1
-0.16666666666666666
0.27641975308641975
0.0
0.0
0.20408163265306123
0.012396694214876037
0.0
0.18
0.0
0.10648148148148148
0.22896825396825402
0.325
0.18488455988455985
0.0
0.1875
0.20994005994005993
0.04355158730158731
0.05863636363636364
0.05
-0.1
-0.0125
0.25
0.03419913419913421
-0.11011904761904762
-0.03705357142857143
0.05238095238095237
0.19553571428571426
0.1687179487179487
0.02396677541208791
0.4686363636363636
0.07600108225108226
0.21875
0.057692307692307696
-0.5
0.01689976689976688
0.05536354326676907
0.1
0.1142857142857143
-0.125
0.3333333333333333
0.2
0.14523809523809522
-0.16145833333333331
-0.13108258928571428
0.0
-0.07362745098039214
0.02386363636363636
0.09131300247371676
0.08948717948717946
-0.07777777777777778
0.3035714285714286
0.024444444444444442
0.10019841269841269
0.08000000000000002
0.033333333333333326
0.1397243539288994
0.24181818181818182
-0.16190476190476188
-0.13
0.021990740740740738
0.11499999999999999
0.06163003663003663
0.05296840958605666
0.03409090909090909
0.003044217687074835
0.1763157894736842
0.05235930735930736
-0.21837606837606838
-0.24166666666666664
-0.030000000000000006
-0.16666666666666666
0.0
0.12806169806169806
0.07178481240981241
0.05374999999999999
-0.029166666666666674
-0.09999999999999999
0.043611111111111114
-0.03133190883190883
0.09999999999999999
0.12329545454545454
0.1125
0.013194444444444444
0.12680039414414415
0.003861783861783856
0.17112971230158727
0.39999999999999997
0.19944444444444445
0.007186948853615511
0.2791666666666667
0.2
-0.029999999999999992
0.05
0.1640451388888889
0.0
0.43000000000000005
-0.28928571428571426
0.09973745390412059
0.14164609053497945
0.09999999999999999
0.39444444444444443
0.17916666666666667
0.19166666666666668
0.35
0.75
0.2875
-0.050085061137692684
0.39166666666666666
0.3062025534851622
0.04333333333333335
0.11969246031746035
0.06418067226890757
0.22166666666666673
0.15000000000000002
-0.22499999999999998
0.07854256854256854
0.05694444444444446
0.4666666666666667
0.04848484848484849
0.27499999999999997
0.09705882352941178
0.18647058823529414
0.11641406097927835
0.020416666666666618
-0.030555555555555548
0.1238832199546485
0.09499260901699925
0.3708333333333334
0.3071428571428571
0.0
-0.012499999999999997
-0.1388888888888889
0.11264005602240895
0.11666666666666674
-0.09583333333333333
0.08754355400696866
0.06944444444444442
0.07329545454545455
0.10586419753086419
0.19444444444444448
0.3333333333333333
0.0
-0.014999999999999986
0.011111111111111108
0.10322222222222222
-0.09375
-0.05476190476190477
0.037500000000000006
0.175
0.15510752688172041
0.07688311688311687
0.12492002482811305
0.21007326007326008
0.05000000000000001
-0.15378787878787878
0.07537084504189769
-0.15000000000000002
0.19062500000000002
0.30000000000000004
0.25
0.09750000000000003
-0.5
0.3333333333333333
0.0694149285058376
-0.03671957671957672
-0.17999999999999997
-0.11865079365079367
0.13999999999999999
0.07015780730897009
0.15026041666666667
0.08833333333333335
1.0
0.17708333333333331
0.06666666666666667
0.16449404761904765
0.1921875
0.0
0.0642857142857143
0.20647546897546895
0.10346153846153847
0.225
-0.2041666666666667
0.03333333333333335
0.0
0.5666666666666667
0.02954545454545454
-0.030555555555555558
0.1650974025974026
0.2833333333333334
0.11774603174603174
0.5
0.1711111111111111
0.054312865497076014
-0.02157407407407407
0.25
0.09978354978354978
0.10879629629629628
-0.10378787878787878
-0.2263636363636363
-0.09318181818181817
0.06588383838383839
0.08915043290043291
0.04999999999999998
-0.1125
0.1572727272727273
0.0659090909090909
0.1630232558139535
0.25
-0.17857142857142858
0.1
0.0
-0.054402673350041765
0.41111111111111115
-0.09999999999999999
-0.010734126984126983
0.2
-0.04027777777777777
0.002040816326530601
0.12037037037037039
0.19999999999999998
0.0025000000000000243
-0.1281060606060606
-0.08426328502415459
0.0
0.2
-0.33125
0.0
0.004166666666666677
0.07451790633608814
0.10555555555555557
0.1361111111111111
-0.07609890109890109
0.09999999999999998
0.021562500000000012
-0.14444444444444446
0.04196428571428571
0.2633333333333333
0.011381673881673883
0.085
-0.5
0.07248677248677249
-0.20654761904761904
0.08872727272727272
0.0
0.11565785789666387
0.0
-0.07142857142857144
0.15
-0.037500000000000006
-0.13333333333333328
0.0
0.11597542242703533
0.08849374369922315
0.0
-0.03186813186813188
-0.2845703125
0.12148214285714283
-0.10500000000000001
0.1537037037037037
0.11857142857142858
0.25
0.11244047619047619
-0.35625
-0.3125
0.17525062656641607
0.10047264739229023
-0.024999999999999994
-0.175
-0.4749999999999999
-0.022727272727272728
0.15
0.13843718338399189
0.08129644239457322
0.01752136752136752
0.09065656565656566
0.19615384615384615
-0.05
0.09404761904761905
0.0
-0.05000000000000001
0.08054353054353054
0.09166666666666667
-0.033333333333333326
0.2
0.06620370370370371
-0.03484848484848486
0.016666666666666673
-0.0032467532467532452
-0.20476190476190473
0.0
0.16727272727272727
0.09687499999999999
0.21845238095238095
0.16101190476190477
-0.012500000000000011
0.10749559082892415
0.18829545454545454
0.01685606060606061
0.25
0.02526041666666667
0.0
-0.012121212121212114
0.10222222222222221
0.55
0.016666666666666666
0.31875
0.0
0.061658885776532835
0.5
-0.2111111111111111
-0.19999999999999998
0.10502252252252253
0.038368055555555544
0.05485347985347985
0.19274193548387095
0.35
0.1387878787878788
0.20075757575757572
0.08611111111111111
0.24333333333333335
-0.05535714285714286
0.18125
0.03571428571428571
0.04560185185185186
0.0021367521367521413
-0.0001831501831501825
-0.009374999999999994
0.006753246753246751
0.25
-0.023611111111111072
0.3541666666666667
0.20625
-0.03214285714285715
0.2151254973982247
0.001320901320901321
0.7
-0.04445554445554445
-0.11538461538461539
0.02101449275362318
-9.259259259258856e-05
0.08333333333333333
-0.05208333333333334
-0.2333333333333333
0.075
0.010380952380952395
-0.3625
0.15000000000000002
-0.14999999999999994
0.04523809523809522
0.05950000000000002
0.11948051948051949
0.1625
0.12037107772401892
0.19
0.10599537037037038
-0.18392857142857144
-0.009523809523809506
0.033333333333333326
0.2619047619047619
0.29523809523809524
-0.1648809523809524
0.09150793650793651
0.014496527777777789
0.16666666666666666
0.8125
0.2
0.15000000000000002
0.10714285714285714
0.14204545454545453
0.16704545454545455
-0.07500000000000001
-0.08302469135802469
0.05120990120990121
0.55
0.04204545454545456
0.05909090909090909
-0.05
0.2640136757182212
0.08450382200382202
0.2
0.1
0.10364529464529466
-0.07447916666666667
-0.04999999999999998
0.4
0.06805555555555556
-0.5
-0.5
0.0909215531942805
0.037500000000000006
0.19047619047619047
-0.132034632034632
0.07820363917924895
0.06000000000000001
-0.015079365079365073
0.17460317460317462
0.2
0.225
0.010244444444444467
0.041666666666666664
0.14285714285714285
-0.13333333333333333
0.04458333333333333
0.10833333333333334
0.17410714285714288
0.0012987012987012941
0.3333333333333333
-0.014583333333333328
0.02857142857142857
-0.039999999999999966
0.17548363095238095
0.0
0.0
0.16268939393939394
0.17500000000000002
0.14875700280112045
-0.012554635380722328
0.2
0.14955420608198391
-0.14999999999999997
-0.5874999999999999
0.05
0.0375
-0.10714285714285715
0.08870967741935484
0.19333333333333336
0.2857142857142857
-0.08333333333333333
0.1275820707070707
0.2787878787878788
0.08333333333333333
-0.25650793650793646
0.13541666666666666
0.3
-0.8
-0.008741258741258733
0.5
0.17777777777777778
0.06666666666666667
0.049829931972789114
-0.009999999999999986
-0.14285714285714285
0.16444444444444442
0.03981481481481482
0.020000000000000007
0.11607142857142858
0.027380952380952384
0.17333333333333334
0.0014285714285714299
-0.26517857142857143
0.22999999999999998
0.022222222222222213
-0.14583333333333334
0.08935185185185185
0.044281045751633996
0.2
0.6
0.19318181818181818
0.03990841248303936
0.0
0.21875
-0.04375
-0.21666666666666667
0.05714285714285714
0.034722222222222224
0.2
0.625
1.0
0.21666666666666667
0.0
-0.19621212121212125
-0.05555555555555555
0.2041666666666667
0.27904761904761904
0.0
0.12592592592592597
-0.047492784992785
0.2
-0.06666666666666667
0.16547619047619047
0.05
-0.010185185185185186
-0.15
0.06666666666666667
-0.0364230540701129
-0.034166666666666665
0.11144781144781146
0.024999999999999994
-0.25
-0.047222222222222214
-0.21666666666666667
0.2
0.0
0.05357142857142857
1.850371707708594e-17
0.009848484848484844
0.05
0.08095238095238096
0.03785714285714285
0.0
0.5
-0.8
0.1078512396694215
0.03627450980392157
-0.2
0.35
0.15333333333333335
-0.041666666666666685
0.17222222222222222
0.0
0.059176587301587306
-0.025703463203463197
-0.018456439393939403
-0.09999999999999999
0.0
-0.07202380952380952
0.0
0.12377314814814816
0.0
0.20619047619047617
-0.10833333333333334
0.15625
-0.19999999999999996
0.11999999999999997
0.1318181818181818
0.2333333333333333
-0.015625
0.11363008971704622
0.08431818181818182
0.0
-0.11250000000000002
0.19166666666666665
0.1883333333333333
0.16136363636363638
0.08283068783068785
0.19019948519948524
0.0
-0.1285714285714286
0.0
-0.5
0.0
0.23209876543209879
0.32333333333333336
0.17857142857142858
0.14833333333333334
0.1625
0.011363636363636374
-0.08333333333333333
0.06944444444444445
0.39
0.010595238095238088
-0.06634615384615386
-0.02475490196078432
-0.34722222222222227
-0.6499999999999999
0.0
0.23333333333333336
0.275
-0.23055555555555554
-0.048
-0.0028571428571428693
0.4
0.06964285714285715
0.12142857142857143
-0.14999999999999997
0.2375
-0.04583333333333333
-0.05
0.1537037037037037
0.0
-0.1708333333333333
0.21000000000000002
-0.075
0.22529761904761905
0.09
0.0
0.0
0.037500000000000006
-0.125
0.2
-0.125
0.08
0.3
0.25357142857142856
0.12285714285714286
0.0754320276497696
0.0
0.06481481481481481
0.0
0.1
0.0
0.29230769230769227
0.06818181818181818
0.06818181818181818
0.18852777777777774
-0.05722222222222222
0.01111111111111112
0.25738095238095243
0.0
0.08
0.2
0.05000000000000001
0.07613636363636365
0.01041666666666667
0.08125000000000002
-0.037662337662337654
0.056423611111111105
0.017136363636363637
0.12343749999999999
0.0
0.11111111111111112
0.11000000000000001
0.005357142857142854
0.25
-0.14895833333333333
-0.175
0.05833333333333332
0.10952380952380951
0.19553872053872054
0.35
0.25
0.11376811594202897
0.0
-0.08194444444444444
-0.04131944444444444
0.3333333333333333
-0.25
0.053305785123966935
-0.1933333333333333
0.32602040816326533
0.20590318772136953
0.2857142857142857
1.0
0.13333333333333333
0.005291005291005291
0.1672727272727273
-0.03575036075036075
0.12392857142857143
0.08035714285714285
-0.1076923076923077
0.03535120793185308
-0.33125000000000004
0.3339285714285714
0.16359649122807018
-0.125
0.225
0.3333333333333333
0.25000000000000006
0.179484126984127
0.11818181818181817
0.13333333333333333
-0.14444444444444446
0.4000000000000001
0.11250000000000002
0.03868350168350167
0.06666666666666667
0.0
0.09052318295739346
0.27375
0.0192985527544351
0.0
0.19275793650793652
0.005952380952380952
0.24285714285714285
0.21343537414965988
0.23333333333333336
-0.040833333333333326
0.0736111111111111
-0.2
-0.16666666666666666
0.11875000000000001
0.0
0.008333333333333338
0.11516666666666665
0.33
-0.01868235930735931
0.18333333333333335
-0.75
0.2
0.0
-0.06190476190476191
0.22698412698412695
0.17283163265306123
0.25
0.1166666666666667
-0.17500000000000004
0.1
-0.075
0.033333333333333326
0.1
0.13541666666666666
0.1465909090909091
0.12063492063492062
0.25
0.06666666666666665
0.13055555555555556
0.25
-0.1369047619047619
0.10808823529411764
-0.028155438311688312
0.0
-0.0648809523809524
0.18472222222222223
0.055392156862745096
0.06234920634920634
-0.15555555555555559
-0.4666666666666667
0.19249999999999998
0.1
-0.2222222222222222
0.2552083333333333
0.3814814814814815
0.028499999999999998
0.13333333333333333
-0.04285714285714286
0.018518518518518542
0.20164490527393752
0.0
0.024179292929292925
0.008796296296296302
-1.0
0.09479946860899244
-0.019444444444444445
-0.5999999999999999
-0.125
0.08462962962962962
0.01034126984126984
0.11451719576719577
0.3375
0.07142857142857144
-0.08273809523809524
0.0
0.02611111111111111
0.05192743764172335
0.0
-0.11607142857142858
-0.037962962962962955
-0.07666666666666666
-0.07999999999999999
0.08068809523809525
-0.24166666666666667
-0.03248062015503877
0.0875
0.23096296296296295
-0.021055088702147524
0.08085714285714288
-0.06666666666666661
-0.3595238095238095
0.0
0.0
0.017500000000000016
-0.008333333333333331
0.07748015873015872
-0.026130952380952376
0.2840909090909091
-0.08636363636363636
0.15168970814132104
0.08903971845148317
0.07685606060606062
0.22999999999999998
-0.03874999999999999
0.4
-0.09999999999999999
0.04
0.22833333333333333
0.044444444444444446
0.175
-0.011570247933884283
-0.2857142857142857
-0.05694444444444443
0.05625
0.29375
0.04311142175725509
0.09523809523809523
0.10833333333333334
-0.03230749746707193
-0.023856209150326806
0.3016233766233766
0.10371711621711621
0.41
-0.22000000000000003
-0.052500000000000005
0.32499999999999996
0.13333333333333333
0.3285714285714287
-0.4
0.0
0.19003421309872925
0.10499999999999998
0.041666666666666664
-0.15833333333333333
-0.045
0.04811658249158249
0.16814373897707233
0.095
0.10000000000000002
0.17295918367346938
0.2536858974358975
-0.04999999999999999
0.05
0.0
0.1625
0.0
0.048611111111111126
0.06705366737281632
0.19416666666666665
-0.22499999999999998
-0.13333333333333333
0.0
-0.19999999999999998
0.06938775510204082
-0.5
0.175
0.25
0.13015873015873014
0.15625
0.033854166666666644
-0.011179653679653682
0.39999999999999997
0.18819875776397518
0.00681818181818182
-0.03333333333333334
0.09722222222222222
0.23166666666666663
0.14533333333333331
0.21007792207792209
-0.12499999999999996
0.005555555555555554
-0.015625
1.3877787807814457e-17
0.15833333333333335
-0.04495798319327732
0.25
0.10389610389610389
0.18611111111111112
-0.11190476190476192
-0.027272727272727268
-0.12857142857142853
-0.20510204081632658
-0.05607142857142857
0.12011904761904761
0.14166666666666666
-0.14072727272727273
0.10201377569798623
0.2
-0.15625
0.05576923076923076
0.1388888888888889
-0.06507936507936508
0.26357142857142857
-0.15
0.26875000000000004
0.144015444015444
-0.15277777777777776
0.1
0.027102411477411475
0.020833333333333332
-0.375
0.0
0.0
-0.04301587301587301
-0.2
-0.03333333333333335
-0.017529330572808866
0.3625
0.22916666666666666
0.2607905982905982
0.013787878787878792
0.2
0.08382807668521954
-0.1767857142857143
-0.15666666666666668
0.08133889919604205
-0.10833333333333334
-0.09411525974025975
0.1934788223140496
-0.06666666666666667
0.006894841269841259
0.011666666666666667
0.2
0.08333333333333333
-0.021463585434173676
0.06533333333333334
0.07402777777777778
0.10454545454545454
0.05848214285714285
0.056944444444444436
0.13636363636363635
-0.07422619047619047
0.04545454545454545
-0.22916666666666666
0.2
-0.027579365079365075
0.1657142857142857
0.11499999999999999
0.22633333333333336
-0.05333333333333332
0.07500000000000001
0.05725595238095238
0.15523809523809523
0.21212121212121213
0.3833333333333333
0.20285714285714285
0.1103030303030303
-0.00753968253968255
0.011111111111111118
0.1
0.1408333333333333
0.06233766233766234
0.26666666666666666
0.0
0.16622662060162058
0.06485904968047827
0.005681818181818177
0.14345238095238097
0.1273809523809524
0.0
-0.016666666666666666
-0.031111111111111124
0.2791666666666666
0.026785714285714295
0.14583333333333334
0.007986111111111114
0.0
-0.21607142857142858
0.0
0.10275974025974025
-0.07346938775510206
-0.3125
0.07954545454545454
0.15
0.2
-0.07833333333333332
-0.05782388343363955
-0.16666666666666666
0.11325757575757578
0.05
-0.058936202686202685
0.3142857142857142
-0.023376623376623377
0.07142857142857142
0.26666666666666666
0.125
-0.1
-0.11860119047619042
0.44999999999999996
-0.019444444444444448
-0.26875
0.14273809523809522
-0.2636363636363636
0.09999999999999999
-0.13749999999999998
0.0
0.0375
-0.1499999999999999
0.12222222222222223
0.1457623106060606
0.05795454545454546
0.07854256854256854
0.0125
0.0
0.042499999999999996
0.09996392496392498
-0.2225
-0.28125
0.3
0.25839236521054704
-0.02217261904761904
-0.006759149940968126
0.1
0.16741071428571427
0.2333333333333333
0.0
0.38015873015873014
0.17436385918003566
0.0375
0.08
-0.2
-0.13740476190476192
-0.2265625
0.021944444444444437
-0.01905458089668617
-0.10770833333333334
-0.085
-0.034920634920634915
0.00833333333333336
0.049734299516908206
-0.11064814814814813
-0.1
0.04331550802139037
0.11547619047619045
-0.11895833333333332
-0.085
0.10274621212121213
0.0761904761904762
0.1
-0.030952380952380957
0.07131076388888889
-0.08254870129870129
0.0896231893106893
-0.4752272727272728
0.22444444444444445
0.2
0.5
-0.2
-0.12261904761904763
-0.0714285714285714
-0.03988095238095238
0.5
0.4
-0.16666666666666666
0.04081632653061224
0.07258333333333336
-0.18124999999999994
-0.1175925925925926
0.08200890896543071
0.2
0.0
0.08095238095238097
0.09722823472823473
0.24
0.24749999999999997
0.09469696969696972
-0.16666666666666666
0.3333333333333333
0.07600931677018634
0.1
-0.1875
0.29714285714285715
0.1
0.15185185185185188
-0.288961038961039
-0.016666666666666663
-0.5
0.1854960317460318
0.1608802308802309
0.0820054945054945
0.0
0.10148809523809522
0.030208333333333344
-0.025925925925925925
0.05634920634920637
0.14732142857142858
0.16428571428571428
-0.25
0.36190476190476195
0.1
0.01673681257014589
0.23898809523809525
-0.04229249011857708
0.199512987012987
-0.1
-0.15416666666666665
0.11000000000000001
0.2111471861471861
-0.11333333333333333
-0.042275910364145644
-0.06054421768707484
-0.10833333333333334
0.0
0.15000000000000002
-0.35
0.0
0.229561403508772
-0.06794871794871796
0.1789186507936508
0.0
0.21416666666666667
-0.06770278543005813
0.2
-0.16083333333333333
0.0
-0.0017606970324361643
0.1902941176470588
-0.2
0.2041666666666667
-0.03142292490118577
0.06458333333333333
0.35624999999999996
0.1206018518518519
0.1
0.16333333333333336
0.11458333333333334
0.0
0.2
-0.23333333333333328
-0.02187499999999999
0.16249999999999995
0.13317099567099566
0.04408053751803752
0.2
0.2333333333333333
0.4
-0.034523809523809505
0.15000000000000002
-0.09055555555555557
0.3166666666666667
0.0
0.1
-0.07142857142857142
0.09166666666666667
0.10634920634920635
0.0025757575757575975
0.3333333333333333
-0.1708333333333333
-0.16666666666666666
0.05535714285714287
0.10000000000000002
0.17283549783549787
-0.02291666666666667
-0.3333333333333333
0.1476010101010101
0.0816964285714286
0.16976190476190478
0.042272727272727274
0.19818840579710137
0.0
0.02642857142857143
0.02777777777777778
-0.12249999999999996
-0.15333333333333332
0.24187721369539547
0.007619047619047604
0.0006410256410256387
0.16666666666666666
-0.1375
0.08015785801500089
0.06259259259259259
0.16599999999999998
0.0
0.25
0.13636363636363635
0.13229166666666667
0.05
0.08
0.06044584500466854
0.1875
0.021913580246913575
0.08833333333333333
0.0875
0.13999999999999999
0.11666666666666665
0.15000000000000002
0.05122139764996907
-0.04783950617283948
0.20249999999999999
-0.03749999999999999
-0.012499999999999997
-0.049999999999999996
0.05555555555555555
0.09930555555555554
0.36818181818181817
0.24714285714285714
0.3
0.0511734693877551
-0.048958333333333326
0.0662037037037037
0.09232954545454546
0.1946969696969697
0.20868945868945868
0.12380952380952381
-0.2
0.20999999999999996
-0.15625
0.08571428571428573
0.06666666666666667
-0.11111111111111112
0.1625
0.16591991341991344
0.12196969696969695
0.03804347826086957
0.05
0.06644736842105262
0.045833333333333316
-0.020833333333333343
0.0
0.1357037518037518
-0.06190476190476191
0.046428571428571444
0.09333333333333332
0.2525
0.15000000000000002
0.0
0.06666666666666667
0.10208333333333335
-0.0975
0.13125
0.13478787878787876
0.1565508021390374
0.2
-0.2
-0.05
0.040625000000000015
0.25999999999999995
-0.2125
-0.2878472222222222
-0.16999999999999998
0.25
-0.23749999999999993
-0.021818181818181816
0.12191876750700281
0.06985714285714285
-0.1028846153846154
0.004966329966329952
0.06893115942028986
0.056249999999999994
0.15215419501133787
-0.007999999999999997
-0.0625
0.12595238095238095
0.06339285714285715
0.09523809523809523
-0.4
0.08076923076923077
0.12254901960784315
-0.153125
0.20714285714285713
0.12932798682798685
0.12083333333333335
0.06428571428571428
0.10782597032597029
-0.15000000000000005
0.0
-0.13894557823129253
-0.125
0.26
0.17346938775510207
0.00444444444444444
-0.25
0.20476190476190476
0.3979591836734694
-0.18
0.1186214826839827
0.4420995670995671
0.02583333333333333
-0.13333333333333333
0.10461647727272727
-0.06666666666666668
-0.24000000000000005
0.03137254901960783
-0.01597222222222222
-0.0725
-0.05833333333333334
0.10595238095238096
0.0
0.1125
-0.0513888888888889
-0.0513888888888889
0.16488095238095235
0.2
0.04814814814814815
-0.26666666666666666
0.022222222222222237
-0.042460317460317476
0.15416666666666667
0.11111111111111112
0.08333333333333333
-0.06666666666666667
-0.008146845438512105
-0.05416666666666667
0.04696969696969695
0.8
0.0888888888888889
-0.05
0.2625
0.4166666666666667
-0.09999999999999995
0.2742940771349862
0.195
0.0009259259259259319
0.05952380952380952
0.0652958152958153
0.27673992673992676
0.15130476190476191
0.1
-0.18888888888888888
0.020910973084886115
-0.0337719298245614
-0.5
0.3947916666666667
0.15
0.0625
0.25
0.03486587816944961
0.10141369047619049
0.25
-0.09953703703703705
0.3055555555555556
0.0625
0.16
0.0
0.2333333333333333
0.19375
-0.012024145816518691
0.11818181818181821
0.1625
0.0
-0.18666666666666668
-0.05
0.016326530612244906
0.23041666666666666
0.05748299319727893
0.025000000000000005
0.039166666666666676
0.019999999999999983
0.0625
0.21428571428571427
0.1590909090909091
0.10480158730158728
0.10500000000000001
0.05381944444444444
0.13503968253968254
0.3157142857142857
0.2
0.07324561403508771
-0.046944444444444434
-0.016666666666666663
0.37142857142857144
0.25
-0.18888888888888888
0.07564484126984126
0.35
-0.3178571428571429
0.18333333333333335
0.05929112554112553
0.10023310023310023
-0.003571428571428575
0.22743386243386243
-0.040000000000000015
0.11217532467532466
0.0
-0.027604166666666693
0.18
0.0
-0.18333333333333335
0.02435897435897436
1.0
0.10029036004645762
0.1
0.1336734693877551
0.08333333333333336
0.06101581856298837
-0.125
-0.07583333333333334
0.06666666666666667
0.15119047619047615
0.0
-0.2921875
0.19212329337329337
-0.06904761904761905
0.03428571428571429
-0.05311763817577771
-0.11770833333333335
-0.10214285714285713
0.0
0.29375
0.0
0.21250000000000002
0.135
0.14375000000000002
0.0
0.16666666666666666
-0.25
0.13875811688311687
0.09111570247933884
-0.1239669421487603
-0.13333333333333333
-0.1
0.16666666666666666
0.0
0.192763949013949
0.1416316526610644
-0.05
0.3
0.0628330498866213
-0.14583333333333334
0.03888888888888888
-0.09166666666666667
-0.08645833333333336
0.07631944444444444
0.13653846153846155
0.17729166666666668
0.22499999999999998
-0.02999999999999996
-0.037755102040816335
0.019855442176870748
0.009375000000000022
0.0
-0.0876984126984127
0.03666841617029588
-0.1375
-0.02215401785714286
0.16481481481481483
-0.061734693877551004
-0.1
0.017499999999999998
0.1548611111111111
0.2333333333333333
-0.030000000000000006
0.0
0.0
0.0
0.23916666666666664
0.3762626262626262
0.2371428571428571
-0.11666666666666667
0.09951636904761905
0.049999999999999996
0.12240259740259742
0.16020359848484847
-0.07777777777777778
0.10555555555555556
-0.1866666666666667
0.0
0.09999999999999998
0.2
0.14999999999999997
-0.5
0.04624331550802139
0.35888888888888887
0.35
-0.125
0.12371794871794875
0.02333333333333333
0.30925925925925923
0.15928571428571428
0.07511748120300754
0.1388888888888889
0.15882034632034633
0.3
-0.06861658456486042
0.17270408163265305
0.21428571428571427
-0.07357804232804233
0.19092261904761904
0.17045454545454544
0.20000000000000004
5.551115123125783e-17
-0.03250915750915751
-0.13214285714285715
-0.02848324514991182
0.3333333333333333
0.16562500000000002
0.07735042735042735
-0.0142857142857143
0.34608843537414963
0.21166666666666667
0.20729166666666668
0.05769044263230311
0.2833333333333334
-0.07251082251082251
-0.22000000000000003
-0.12712585034013604
0.0
-0.07060185185185186
0.060416666666666674
0.11944444444444446
0.0839080459770115
-0.008333333333333337
0.5
0.125
0.11818181818181818
-0.24444444444444446
0.05185185185185185
0.0
0.04
0.04285714285714285
0.059375000000000004
-0.024999999999999988
-0.07916666666666666
-0.06927083333333331
-0.17936507936507937
0.325
0.01083333333333333
0.0
0.4055555555555555
0.07499999999999998
0.3
0.1247767857142857
0.06818181818181818
0.390625
-0.15
0.06875
0.11666666666666668
0.059082892416225746
-0.0015151515151515123
0.037588183421516756
0.20833333333333334
-0.07642857142857143
0.054662698412698406
-0.5
-0.0875
-0.03000000000000001
-0.21388888888888888
-0.15
0.03599999999999999
0.06818181818181818
0.0
0.08333333333333333
-0.03760330578512398
0.07529761904761904
0.11666666666666665
0.3979166666666667
0.12711598746081504
-0.2549107142857142
0.1277777777777778
0.04999999999999999
0.5
-0.03088474025974025
0.19714285714285712
-0.05
-0.26889880952380957
0.04303030303030303
-0.04430916305916306
0.012820512820512822
-0.0375
-0.048437499999999994
0.02682271432271433
-0.24141414141414141
0.20833333333333334
0.1802089407191448
0.011734693877551019
-0.2111111111111111
0.024999999999999994
-0.15
0.12008797653958946
-0.02509553203997649
-0.012864029909484443
0.071875
0.5
0.24166666666666667
-0.27460317460317457
0.05897495361781075
0.4083333333333333
-0.28125
-0.26666666666666666
-0.06944444444444445
-0.08453703703703704
0.20833333333333331
0.4666666666666666
-0.07745098039215688
0.09523809523809525
0.37307692307692314
-0.19574074074074072
-0.14732142857142858
-0.07878014842300558
-0.030612244897959186
-0.0033333333333333327
0.04870129870129871
0.14259259259259258
0.6875
0.3125
-0.059523809523809514
0.004040404040404036
0.11312865497076025
0.0729591836734694
0.32142857142857145
0.021969696969696983
0.10505358029948195
0.0016666666666666804
0.2
0.4
0.24345238095238098
0.08030934343434346
0.17592592592592593
0.10492063492063491
-0.046875
-0.05714285714285716
-0.08816137566137568
-0.016314002089864183
0.2
-0.1945
-0.5
-0.09999999999999999
-0.13666666666666666
0.0
0.08839285714285713
-0.12145299145299145
-0.10729166666666665
-0.0125
0.0003663003663003607
0.0882142857142857
0.07739883305100696
0.0125
0.0013888888888888898
0.10256410256410257
0.2223214285714286
0.023333333333333324
0.010416666666666657
0.21104166666666668
0.21104166666666668
0.21104166666666668
0.09166666666666666
0.06666666666666665
-0.2533333333333333
0.24333333333333335
0.0
-0.07333333333333333
0.2325320512820513
-0.08
-0.005357142857142854
-0.04895833333333333
0.20729166666666665
0.03813131313131311
0.07503086419753087
0.375
-0.125
0.24736000881834214
0.25
0.0
-0.06050724637681159
-0.01785714285714286
0.13650793650793652
-0.06666666666666665
-0.4333333333333333
0.04999999999999999
0.12457482993197279
0.1125
0.016702741702741702
-0.08333333333333333
0.18933691756272394
0.0578125
7.93016446160826e-18
-0.03333333333333331
0.15000000000000002
0.05748299319727891
-0.16666666666666666
-0.04421768707482992
0.04820541480377549
0.02980769230769232
-0.13564814814814813
-0.14722222222222217
0.0
0.2
0.20000000000000004
0.09
-0.10666666666666669
0.18541666666666667
0.45833333333333337
0.0
0.02380952380952381
0.20246031746031748
0.2
0.20104166666666667
0.4444444444444444
0.27291666666666664
-0.06325396825396824
0.20555555555555557
0.018783068783068787
0.07004545454545454
0.016666666666666687
0.026736111111111106
0.05714285714285715
-0.3
0.05390624999999999
0.18555555555555556
0.06136363636363637
-0.23750000000000002
-0.19791666666666669
0.19166666666666665
-0.04962406015037594
0.16904761904761906
-0.05
0.09087719298245614
1.586032892321652e-17
0.15
0.11388888888888887
-0.5
0.175
0.0
0.11818181818181817
0.21252777777777773
-0.08666666666666667
-0.04351851851851851
0.2875
0.23714285714285716
-0.04271284271284271
0.1758333333333333
0.02410714285714286
0.14513294970612045
-0.5
-0.75
0.046428571428571444
-0.23214285714285715
0.26833333333333337
0.09399305555555555
-0.3067708333333333
0.1
-0.13333333333333336
-0.2
-0.11040654997176737
-0.175
0.18863636363636366
0.08333333333333333
0.25
0.1474747474747475
0.08554112554112556
0.024999999999999994
-0.10416666666666667
0.06837662337662337
0.05174512987012989
0.6
-0.0248771730914588
0.4
-0.10200617283950618
0.12499999999999999
0.003809523809523802
-0.22767857142857142
0.17177272727272727
0.27499999999999997
-0.005555555555555566
0.14218750000000002
0.031094771241830084
0.029375000000000002
0.10000000000000002
0.25890602453102457
0.11941176470588234
-0.03880208333333335
-0.31592261904761904
-0.25
-0.027500000000000014
-0.0705988455988456
0.22499999999999998
-0.5
0.2850649350649351
0.35833333333333334
-0.1957142857142857
0.14583333333333331
-0.025
0.21416666666666667
0.1607142857142857
0.35
0.15139583333333334
-0.08125
0.0
0.20833333333333331
-0.3
-0.17500000000000002
-0.2888888888888889
0.017592592592592587
-0.017857142857142853
0.20979853479853477
0.175
0.11666666666666674
0.000211327134404061
0.08645833333333335
0.08240740740740742
0.17520176252319114
-0.06902972027972026
0.20714285714285716
0.5
0.09548260381593714
0.1986111111111111
-0.014629629629629638
0.09285714285714286
0.08727272727272725
-0.1875
-0.1
-0.12045454545454547
-0.1717171717171717
0.75
-0.025000000000000005
0.046296296296296294
0.3357142857142857
-0.012499999999999956
0.21481481481481482
-0.00476190476190476
0.056249999999999994
0.04999999999999999
0.04027777777777778
0.43333333333333335
-0.20000000000000004
0.023762778692356146
0.13051722582972583
-0.15848214285714288
-0.36666666666666664
0.0
0.146
-0.04166666666666666
-0.16071428571428573
0.13703703703703704
0.0
-0.07222222222222223
0.05564263322884013
-0.016666666666666663
0.18746867167919798
0.19017857142857145
-0.013020833333333334
0.04166666666666668
-0.06858760683760681
0.1
-0.025
0.35
-0.19241702741702743
0.0
0.08125
-0.021180555555555564
0.2
0.15833333333333335
0.08511904761904761
0.07222222222222222
2.7755575615628914e-17
0.10499999999999998
0.37666666666666665
-0.26071428571428573
0.5
0.38749999999999996
0.03178571428571432
0.2625
0.1817460317460318
0.04663414031620554
0.09742063492063491
0.16898148148148148
0.14666666666666667
0.1066666666666667
0.07701058201058202
-0.034028766931992756
-0.2807142857142857
-0.03333333333333331
0.07714285714285714
-0.12878787878787878
-0.0642968142968143
0.043485449735449745
0.04166666666666667
-0.3333333333333333
0.14964829310719724
-0.04955977182539683
0.24857142857142858
0.12878787878787878
-0.07580086580086579
0.1462759462759463
0.011111111111111108
0.05925925925925926
0.14166666666666666
0.022769316059757235
-0.16
0.27777777777777773
-0.010806277056277059
0.07192528735632184
0.2833333333333333
0.06349206349206349
-0.32799999999999996
-0.16666666666666666
0.04338383838383838
0.010069444444444435
0.2
0.18
0.11666666666666665
-0.005797101449275362
0.0
0.03351851851851852
-0.20925925925925928
-0.16499999999999998
0.23399999999999999
0.1129251700680272
-0.5
0.0927910052910053
0.0
0.0
-0.04411764705882353
0.0
0.022222222222222213
0.3555194805194805
0.09166666666666667
0.4666666666666666
0.16409523809523807
0.1
-0.4
0.09583333333333333
0.15694444444444447
0.00388888888888889
0.06452380952380952
-0.22448979591836735
0.16184704184704185
-0.16825396825396824
0.13166666666666668
-0.2785714285714286
0.0919642857142857
0.26
0.1972222222222222
0.0625
-0.12060439560439562
0.14907407407407405
-0.06666666666666667
0.17894345238095236
0.05821428571428572
-0.13333333333333333
0.14285714285714285
0.16883116883116883
0.25357142857142856
0.0
0.03849628503883824
0.011309523809523816
0.13437500000000002
0.0
-0.009999999999999998
-0.08261784511784513
0.118358456092269
0.16458333333333333
-0.02802083333333335
0.20357142857142857
-0.2978571428571429
0.5
0.15705128205128208
0.09864646464646466
0.035
0.19666666666666666
0.08581349206349208
0.0328125
-0.09375
-0.25
0.1909090909090909
0.0
-0.06666666666666667
0.09166666666666663
0.0
0.15652777777777777
-0.23958333333333331
0.0
0.0925925925925926
0.24439393939393936
0.008333333333333331
-0.054604301948051964
0.13
-0.09861111111111111
0.05928030303030304
0.043333333333333335
-0.15
0.020324675324675304
-0.015000000000000003
0.2
-0.004464285714285707
0.2226190476190476
-0.18333333333333335
0.062
0.0
-0.4
-0.12000000000000002
0.10416666666666667
-0.05833333333333334
0.5
-0.21428571428571427
0.3666666666666667
0.0
0.12591630591630593
0.25987103174603177
0.035258838383838385
0.084375
-0.056666666666666664
0.008333333333333326
-0.5
-0.14416666666666667
0.0
0.01658456486042692
0.22285714285714284
0.5223214285714286
0.08333333333333333
-0.25
0.030303030303030307
0.2214285714285714
-0.09047619047619049
0.06666666666666667
0.06875
0.31767676767676767
0.26778612012987013
7.93016446160826e-18
0.18055555555555552
0.0811111111111111
0.19999999999999998
0.0
0.07126984126984129
-0.2875
0.21666666666666667
0.022222222222222223
-0.18098765432098768
-0.012499999999999997
-0.07400301718483537
0.013442596216568814
0.0010745614035087808
-0.07272727272727272
0.1
0.0826923076923077
0.21725
0.15238095238095237
0.21729910714285716
-0.13333333333333333
0.02867063492063492
-0.008138678451178457
-0.25
0.25
-0.06817901234567901
0.0873885918003565
0.27647619047619043
0.12357142857142858
0.06999999999999999
0.13809523809523808
0.39375
0.1164264828738513
0.08850250626566417
-0.5
0.275
0.12261904761904763
0.13532222222222223
0.0
-0.15208333333333335
0.08596837944664033
0.5
-0.0625
0.03333333333333333
0.01770833333333334
-0.17500000000000002
0.06654040404040405
0.005555555555555554
-0.0475
-0.18250000000000002
0.122
0.0
-0.029166666666666653
0.15483630952380956
0.10972222222222221
0.13888888888888887
-0.3125
-0.01666666666666668
-0.027083333333333334
0.04722222222222225
0.0
0.0875
0.15363636363636363
0.058333333333333334
0.018750000000000003
0.4
0.19335317460317458
0.18097222222222223
0.27142857142857146
0.0638888888888889
0.26296296296296295
0.125
0.1625634361725911
0.2
-0.175
0.004020202020202031
0.04024691358024692
0.051698301698301696
0.09749999999999999
0.0
0.0
0.2871212121212121
0.0
-0.029166666666666664
0.44999999999999996
0.09507101086048453
0.27499999999999997
0.0
0.255
0.059043560606060655
0.04523809523809525
0.09203869047619048
-0.15000000000000002
-0.02170138888888888
0.045728291316526594
0.05000000000000001
0.04971428571428573
-0.2607142857142857
0.04887566137566137
-0.06830459770114941
-0.2833333333333333
0.14583333333333334
0.021122448979591837
0.026249999999999996
0.048333333333333325
0.5
0.15
0.11948051948051949
-0.06354166666666666
-0.6
-0.10555555555555557
0.48653950216450215
-0.061555555555555565
0.1
-0.25
0.14833333333333334
0.35
0.07857142857142858
-0.06577777777777777
0.04364106907585169
0.2777777777777778
0.23958333333333334
0.05
0.04544412377745712
-0.4
0.175
0.005555555555555554
-0.25
0.75
-0.08333333333333333
0.1
0.13641975308641976
0.3
-0.05
-0.275
0.0
0.2
-0.08446712018140591
0.07097142857142859
0.034970238095238096
-0.5
0.0
0.12071428571428573
-0.03392857142857143
0.019999999999999997
0.17916666666666667
0.09738095238095237
0.08323336385836386
-0.04527777777777778
-0.26666666666666666
0.07500000000000001
-0.01495144110275689
0.20000000000000004
0.009523809523809521
0.046572871572871585
-0.022916666666666658
0.003981302385557699
-0.1859375
0.15499999999999997
0.04583333333333334
-0.041666666666666664
0.19814814814814816
0.0
0.09549667178699438
0.06666666666666667
-0.10833333333333334
-0.2
0.022948232323232322
0.0111111111111111
-0.29714285714285715
0.13018433179723504
0.06666666666666667
0.09458333333333334
0.02203081232492996
0.18148148148148147
-0.06500000000000002
0.23689164370982552
0.0
0.31999999999999995
-0.03833333333333333
0.20476190476190476
0.14352678571428573
0.06647598433312721
0.0480533093740641
-0.09999999999999999
0.04123376623376624
0.1268768221574344
0.21212121212121213
0.13833333333333334
0.05069444444444445
0.10416666666666667
-0.46666666666666673
-0.5
-0.15750000000000003
0.13677156177156177
-0.11600877192982456
0.15590277777777775
0.19148148148148145
0.16666666666666666
0.25
0.0
-0.3333333333333333
-0.11794871794871796
0.2857142857142857
0.25
0.1027777777777778
-0.22426303854875287
-0.05
0.03750000000000003
-0.1
0.09880952380952382
-0.15
0.023611111111111104
0.04999999999999999
0.2027777777777778
-0.025000000000000022
0.22001763668430335
0.0
-0.22083333333333335
0.1728937728937729
0.03333333333333334
0.33333333333333337
0.18611111111111112
-0.05910197210197211
-0.09208333333333332
0.0
0.1875
0.26666666666666666
0.6
0.16666666666666666
-0.18911564625850336
0.0
0.24999999999999997
0.0375
-0.023579545454545457
-0.15795454545454546
0.0
0.0519047619047619
0.06687697285353535
-0.26666666666666666
0.0
0.07179487179487179
0.13999999999999999
-0.06091269841269842
-0.07777777777777779
-0.27777777777777773
0.14666666666666667
0.1733333333333333
0.0638888888888889
0.11844516594516591
0.14444444444444443
0.5249999999999999
0.0
0.5
-0.2375
0.15555555555555556
-0.05
0.19999999999999998
-0.18571428571428572
-0.054333333333333345
-0.1
-0.010666666666666663
0.125
0.0
0.1
-0.06666666666666667
-0.0640625
0.04956709956709957
0.0
0.02749999999999997
0.12857142857142856
0.12631578947368424
0.19999999999999998
0.06428571428571428
0.013425925925925931
-0.047619047619047616
0.24500000000000002
0.04356261022927689
0.45
0.12
0.1
0.02777777777777778
0.04999999999999999
0.023636363636363632
-0.05625
0.31339285714285714
0.1
-0.008426339285714278
-0.28703703703703703
0.05397435897435899
0.03030303030303031
-0.075
0.057738095238095255
-0.08125
-0.0679421768707483
0.0
0.2476190476190476
-0.13273809523809524
0.06546296296296297
-0.03748234119938223
-0.6
0.11666666666666665
-0.033333333333333305
0.05000000000000001
-0.014385964912280691
0.04999999999999999
0.09648760330578511
0.1303921568627451
-0.021666666666666667
0.0
-0.28333333333333327
0.11793530543530542
0.1756845238095238
-0.11025510204081634
0.08187500000000002
-0.09444444444444446
-0.043333333333333335
0.1376406926406926
0.12410714285714286
0.1813601857080118
0.0
0.125
0.15714285714285717
0.07222222222222222
0.28444444444444444
0.02097222222222222
-0.08333333333333333
0.216540404040404
0.053769841269841266
-0.16785714285714284
0.2
-0.0097657244716068
0.07930839002267573
0.08123397237682953
-0.00833333333333334
0.06222222222222223
0.03057851239669422
-0.14537037037037037
0.39999999999999997
0.025280112044817917
0.0019255050505050525
0.16666666666666663
0.2
0.05555555555555558
0.06071428571428571
-0.475
-0.024999999999999988
0.022409870595354476
0.06666666666666667
0.0
0.13571428571428573
0.4166666666666667
0.041607142857142856
-0.027083333333333334
0.11250000000000002
0.02500000000000001
0.10779220779220779
0.0
0.19011904761904763
0.0
0.1408163265306122
0.2692857142857143
0.20000000000000004
0.0537878787878788
0.005310150375939865
0.047142857142857146
0.22857142857142856
0.2
-0.1232142857142857
-0.02500000000000001
0.3032828282828283
-0.05952380952380952
-0.06934782608695653
1.0
0.3111111111111111
0.029348687027258447
0.04444444444444445
0.13184523809523813
0.28194444444444444
0.20123596210552733
0.04888888888888889
0.09635416666666669
0.31666666666666665
0.11808035714285714
0.2569444444444444
0.39285714285714285
-0.15
-0.033333333333333326
-0.19444444444444442
0.04591269841269844
0.06052188552188552
0.07870370370370369
0.2
0.11607142857142853
0.05833333333333333
0.23437500000000003
-0.016666666666666663
-0.06824561403508773
0.0
-0.010000000000000005
0.11883928571428573
0.075
-0.10833333333333334
0.11602678571428568
0.3625
0.15617283950617283
0.0
-0.16770833333333335
0.07407407407407407
0.13999999999999999
-0.4
-0.10714285714285715
0.18333333333333332
0.2
-0.1125
0.1238888888888889
0.4166666666666667
0.15
0.05478571428571427
0.15833333333333333
0.18625413801884386
-0.006661967418546376
-0.12504337767495666
-0.13
0.03471620971620973
0.06222222222222222
-0.02979910714285715
-0.5
0.01875
0.06250000000000001
0.008116883116883118
-0.0255952380952381
-0.026530612244897965
0.0
0.2089285714285714
0.09999999999999999
0.06747076023391813
0.046905025868440496
0.125
0.12040816326530611
-0.2
-0.17124999999999999
0.1303030303030303
0.19391495601173026
-0.05
0.1424431818181818
0.2
0.027083333333333334
0.12999999999999998
0.0
0.08333333333333333
0.12692307692307692
0.1042179559570864
0.052500000000000005
-0.125
0.12
0.035526315789473684
0.07996527777777776
-0.15
0.19545454545454546
0.06373106060606061
0.45
-0.1196886446886447
-0.4
-0.75
-0.05714285714285716
0.21000000000000002
-0.03255494505494504
0.0
0.36875
-0.045138888888888895
0.4
0.0
-0.4000000000000001
0.15
-0.056216931216931214
-0.08238095238095237
0.1600765306122449
0.0
0.12666666666666668
0.14126984126984124
-0.08333333333333333
0.3013888888888889
0.07500000000000004
0.10289351851851852
0.14305555555555555
-0.03676054313272358
0.35
0.17569444444444446
0.1
-0.06354166666666668
0.16709650618741528
0.42142857142857143
0.026406249999999992
-0.008671874999999996
-0.05128205128205129
0.009654195011337876
0.15681818181818183
0.3
0.2
0.031818181818181815
0.4833333333333333
0.0
0.05857142857142857
-0.15625
-0.5
0.06666666666666667
0.2
0.04
0.04583333333333333
