0.21212121212121213
0.07812500000000001
0.3444444444444445
0.016014492753623183
-0.5
0.07442795299938157
0.0
0.0
0.1360314104500151
0.16642857142857143
0.06227272727272728
-0.08333333333333333
-0.02833333333333332
0.5
-0.06000000000000001
0.1375
-0.00649989478114479
-0.1325
0.11071428571428571
0.05501893939393939
-0.010515873015873011
-0.12380952380952384
-0.11249999999999996
-0.010000000000000009
-0.12812500000000002
-0.04444444444444444
-0.14285714285714285
0.03605769230769233
0.06222943722943722
-0.22499999999999998
0.2875
0.27708333333333335
0.2
-0.0050000000000000044
0.006060606060606057
-0.043714927048260376
-0.043714927048260376
-0.043714927048260376
-0.043714927048260376
-0.043714927048260376
0.2357142857142857
-0.1759090909090909
0.13333333333333333
0.5
0.08631253006253008
0.08055555555555555
0.1004251700680272
-0.6666666666666666
-0.1
0.05238095238095238
0.3025
-0.02181677018633541
0.2
0.005555555555555582
0.07857142857142858
0.0
0.12636054421768708
-0.0875
0.043137254901960784
0.4
-0.25
0.49837662337662336
0.15
-0.4
0.04848484848484847
0.35
0.0
0.06666666666666667
0.27817460317460324
0.6083333333333334
0.05299369747899159
0.2857142857142857
0.0
0.04152462121212119
0.13289141414141417
0.11666666666666665
0.003042328042328044
0.125
0.09260461760461762
0.1416666666666667
0.4333333333333333
-0.26666666666666666
-0.044212962962962954
0.17302327302327303
0.0605730897009967
-0.050000000000000044
0.05879120879120879
-0.5
-0.009962121212121219
0.08054166666666668
0.2102972231021012
-0.28055555555555556
-0.09111111111111111
-0.038484126984126996
0.2
0.24340277777777777
-0.2663690476190476
0.15566666666666668
0.004999999999999993
0.0728937728937729
0.06770833333333333
0.004687499999999997
-0.075
0.041666666666666664
0.2619047619047619
0.17678571428571427
-0.125
0.3
0.06
0.024999999999999994
-0.058531746031746025
-0.0625
-8.741258741258904e-05
0.09807610544217686
0.28593749999999996
0.11875000000000001
-0.02638888888888888
-0.2916666666666667
0.4954545454545454
-0.017517006802721027
-0.15297619047619043
0.0
-0.09999999999999999
-0.03065134099616858
0.22083333333333333
0.1813888888888889
0.11666666666666665
0.11875
0.0
0.0857142857142857
0.05917261904761904
-0.2
0.2
0.10000000000000002
0.013730786122090477
0.07686237373737374
-0.06944444444444443
-0.1
-0.15
0.125
0.11277056277056276
0.030000000000000006
0.19444444444444445
0.25
-0.024999999999999994
0.4166666666666667
-0.375
0.0
0.10176767676767678
-0.3333333333333333
0.15138888888888888
0.035773593073593075
0.2
0.0
0.10992063492063492
0.25
0.025
-0.4
0.0473743774147
0.0
-0.06999999999999999
0.17812499999999998
0.3
-0.5
0.027283549783549785
0.018020833333333368
-0.27142857142857146
-0.042666045374378694
0.07333333333333333
0.1643939393939394
-0.00833333333333334
-0.057324016563146986
0.3666666666666667
0.0
0.0666666666666667
0.31
0.012499999999999983
-0.13866567460317464
-0.005555555555555554
-0.2333333333333333
0.042929292929292914
0.19863636363636364
0.09835164835164836
-0.06555817919454282
-0.0024999999999999996
0.5
-0.07215007215007213
-0.25
-0.029166666666666657
-0.31328125
0.18635531135531133
-0.09757575757575757
-0.019999999999999997
-0.07222222222222223
0.1875
0.0
-0.2
-0.05000000000000001
-0.04196428571428571
0.13304473304473305
0.166
-0.14791666666666667
0.03977272727272727
-0.08388888888888889
-0.3
0.1088888888888889
-0.005833333333333325
0.3
-0.09464285714285711
0.06416666666666666
-0.12386363636363637
-0.08063725490196076
-0.02479627267573695
0.12222222222222223
0.11875
0.2
-0.78125
1.0
0.15732142857142856
0.027142857142857156
-0.2416666666666667
0.05
0.13333333333333333
0.07916666666666666
0.2008658008658009
-0.3277777777777778
0.19133597883597886
0.0875
1.0
-0.1733333333333333
-0.07942176870748299
-0.01763736263736264
-0.08446969696969697
0.05000000000000002
-0.05597222222222222
0.08872549019607845
0.2464285714285714
0.1326388888888889
-0.6499999999999999
-0.045312500000000006
-0.14182692307692307
0.0
-0.039464285714285716
-0.03068681318681319
0.023819444444444438
-0.1733333333333333
0.0022817460317460236
-0.08856601731601735
0.24970238095238093
0.0
0.1875
-0.03333333333333334
0.05746031746031746
0.11388888888888889
0.125
-0.14285714285714285
0.027777777777777762
-0.7999999999999999
-0.23645833333333333
0.11627450980392161
-0.2333333333333333
-0.06333333333333332
0.3
0.0
0.08333333333333333
0.11025641025641025
0.15438311688311687
0.38666666666666666
0.09974310776942356
0.1771390374331551
0.07347222222222222
0.034555555555555555
-0.15000000000000002
-0.3499999999999999
0.06358389085661813
0.15173115079365082
0.26249999999999996
-0.10374999999999998
-0.3333333333333333
0.17142857142857143
0.04697420634920634
0.08571428571428572
0.10436507936507937
-0.09375
-0.5
0.18732142857142858
0.0103219696969697
0.05833333333333332
0.12000000000000002
-0.4
-0.05958333333333334
0.028928571428571432
-0.01666666666666668
-0.12312499999999998
-0.009183673469387754
0.2501587301587302
0.0
0.5
-0.06250000000000001
-0.11145833333333334
-0.037420634920634924
0.1
-0.12142857142857141
-0.051388888888888894
0.17666666666666667
0.4739583333333333
0.0974590648548982
0.01168626298255928
0.25
0.5
0.44999999999999996
-0.08928571428571427
-0.010289115646258491
0.04615384615384615
0.35
0.03991046831955923
-0.04743589743589744
0.5453125
0.1
0.13310185185185186
-0.46870748299319726
-0.0367897727272727
0.052500000000000005
-0.10729166666666667
0.19066919191919193
-0.04021983225108225
0.1094298245614035
0.1196180555555556
0.036206896551724134
0.2
-0.03503401360544217
0.22343749999999998
0.12370129870129869
-0.10780303030303028
0.1
0.12
-0.06999999999999999
0.0
-0.17500000000000002
0.09027777777777778
-0.22812500000000002
-0.07314814814814811
-0.020535714285714293
0.11571133412042502
-0.015800865800865788
0.1741666666666667
0.0348170604495906
0.11574074074074073
-0.0625
-0.10833333333333334
0.010478670634920636
0.15639880952380952
0.08148148148148146
-0.33999999999999997
0.07310064935064936
0.017242578849721697
0.06022727272727273
0.23095238095238096
0.06333333333333332
0.0
0.09236111111111112
-0.021428571428571432
0.01009031198686371
0.004687499999999983
-0.0007936507936507987
-0.2753703703703704
-0.21333333333333332
0.11795454545454544
0.32
0.024159663865546212
0.01822420634920636
-0.1664912280701754
-0.16654761904761903
-0.052106227106227095
0.5255555555555556
-0.009374999999999984
0.04761904761904761
0.07152777777777779
0.03418154761904761
-0.007222222222222217
-0.1
-0.22396480331262938
0.2375
-0.036571428571428574
0.016479166666666673
-0.095
0.08523166023166023
-0.0625
0.06450892857142856
-0.19666666666666666
-0.006999999999999995
-0.00833333333333334
0.03015873015873015
-0.31691176470588234
-0.11000000000000001
-0.2333333333333333
0.05
-0.06666666666666667
0.24285714285714285
-0.06643274853801173
0.07916666666666669
0.05178571428571428
0.12974788059163062
0.034722222222222245
-0.11020690778755295
0.056666666666666664
-0.7999999999999999
0.04296296296296297
0.012499999999999992
0.07228571428571429
-0.09138888888888888
0.04708791208791209
-0.04888888888888889
-0.10952380952380954
-0.14151515151515148
-0.24479166666666666
-0.19583333333333336
0.3
0.11993727598566309
0.09222222222222223
0.08333333333333333
0.35
0.2833333333333333
0.18085714285714286
-0.013921568627450982
0.05714285714285714
-0.08928571428571429
0.16785714285714284
-0.10000000000000002
0.100069573283859
0.09975270510335918
0.14537037037037037
0.33999999999999997
0.04097222222222221
0.14278082824038707
-0.09999999999999999
0.06439393939393939
-0.10670238095238097
-0.5
-0.017500000000000005
-0.021335219880301844
0.0
0.20825757575757578
0.02708333333333334
-0.06666666666666667
0.0
-0.22000000000000003
0.2823626373626374
0.23464912280701758
-0.033538587848932655
0.05977443609022555
0.05583900226757369
-0.029166666666666667
0.5
0.4166666666666667
0.1
0.15833333333333333
0.25
0.1
-0.048057498057498066
0.21103896103896103
0.0
0.0
0.24464285714285722
0.03819444444444444
-0.1
-0.12708333333333333
0.092
0.25
-0.001190476190476204
0.06977124183006536
0.0035714285714285644
-0.23700396825396827
-0.05902777777777778
0.2875
0.12000000000000002
-0.007526881720430094
0.15000000000000002
0.125
0.128125
0.12105263157894738
-0.06944444444444445
-0.041666666666666664
0.08416821273964133
0.11111111111111112
0.11096428571428571
0.2
0.08648989898989899
0.2
-0.36655844155844153
0.00805322128851541
0.05754385964912281
0.09167419536984756
0.1142857142857143
0.0006944444444444234
0.009999999999999998
0.08908315295815297
0.15
-0.05
0.08125
-0.12121212121212122
-0.03874199874199875
0.1631578947368421
0.041025641025641026
-0.054608585858585856
0.19810606060606062
-0.014285714285714282
0.0
-0.03888888888888887
0.3888257575757576
0.002976190476190471
0.11112637362637365
0.21933333333333332
0.0
-0.17142857142857146
-0.08666666666666667
-0.0537037037037037
0.1721139971139971
0.2642857142857143
0.0034226190476190355
0.18446022727272726
0.0
0.16666666666666666
-0.06000000000000001
0.17500000000000004
-0.20833333333333331
0.08598484848484848
0.5
0.1793555686737505
-0.06999999999999999
0.0
0.09272727272727273
0.09532467532467531
0.08614785420340974
0.08727272727272725
0.12597402597402596
0.03333333333333333
-0.5
0.1653846153846154
-0.04857142857142858
0.17062173937173938
0.04943415637860082
0.09467592592592594
-0.19166666666666665
-0.11785714285714285
0.07691387559808613
0.20670634920634925
0.071875
0.10857142857142857
-0.06388888888888888
0.3408163265306122
0.16666666666666666
0.10455808080808082
0.08829670329670329
0.18
-0.1
0.0733044733044733
-0.13900742115027828
0.08984375
0.1361111111111111
0.3397435897435897
0.03705357142857143
-0.02976190476190475
0.25
-0.002777777777777793
0.04301948051948051
0.16178571428571425
-0.20937499999999998
0.0
-0.012856341189674526
0.02
-0.006250000000000033
-0.11666666666666665
-0.265625
-0.015555555555555552
0.17077175697865354
0.09791666666666667
0.22727272727272727
-0.1475
0.21268796992481204
0.11141173641173638
-0.3
-0.024999999999999994
-0.018181818181818177
0.036111111111111094
0.03425925925925925
0.1685185185185185
0.06927083333333335
-0.11626984126984127
0.14563492063492064
0.021078431372549025
0.23298611111111112
0.25555555555555554
-0.010923809523809513
-0.03706349206349207
0.03796296296296295
0.17106481481481486
-0.0033333333333333327
-0.2
0.2702922077922078
0.06666666666666667
0.08511904761904761
0.016666666666666666
0.11406250000000001
0.0
-0.016666666666666677
0.8
0.1715816326530612
0.20555555555555557
0.09722222222222221
-0.25
0.1
0.2604166666666667
0.07833333333333334
0.175
-0.09479166666666666
0.0796875
-0.07500000000000001
0.02013888888888889
0.21083333333333334
0.011597222222222217
0.09271978021978021
0.36742424242424243
0.10582922824302134
0.19999999999999998
0.11251352813852815
-0.25
0.13680555555555554
0.12083333333333333
-0.054861111111111104
-0.125
0.037878787878787894
0.03981481481481481
-0.025126262626262625
0.05925925925925926
0.37222222222222223
0.16704545454545458
0.0
0.35
0.02853961652608562
-0.11111111111111112
0.0
0.025541125541125545
0.0680860805860806
-0.04038461538461538
0.1
-0.08888888888888889
0.18809523809523812
0.1009230769230769
0.035
0.26666666666666666
-0.01708333333333333
-0.11333333333333333
0.05555555555555556
0.09166666666666667
-0.125
0.301010101010101
0.024999999999999994
-0.04930902430902433
0.0
-0.1111111111111111
-0.05357142857142857
0.17805194805194804
-0.08888888888888889
0.0
-0.1
-0.006249999999999999
-0.29880952380952375
0.15
-0.10168350168350168
-0.1064102564102564
0.15250000000000002
0.20950396825396825
-0.10277777777777779
0.0
-0.06805555555555556
-0.11692176870748298
0.1234375
0.06666666666666667
0.13333333333333333
0.17333333333333337
0.15000000000000002
0.014285714285714282
-0.03585858585858583
-0.3277777777777777
0.13116883116883116
-0.07293579931972789
-0.09166666666666667
0.4333333333333333
-0.16960227272727266
0.0
0.029888682745825606
0.2
-0.024669312169312174
0.625
0.2
-0.05396396396396397
-0.25999999999999995
0.23199999999999998
0.3020833333333333
0.10785714285714285
0.12233678245873365
0.0
0.3267857142857143
0.013528138528138525
0.2683863636363636
0.39999999999999997
0.08564814814814814
0.03833333333333333
0.3606060606060606
0.1719155844155844
0.12142857142857146
0.03248716153127918
0.14267724867724865
0.1
0.05374053030303032
0.041071428571428564
0.005555555555555554
-0.019999999999999973
0.16249999999999998
0.14763229967311597
0.12000000000000002
0.10416666666666667
0.35
-0.1006172839506173
0.10936639118457299
-0.012317620650953987
0.13888888888888892
0.2446428571428572
0.22878787878787876
0.22878787878787876
0.22878787878787876
0.2763157894736842
0.11200564971751407
0.18541666666666667
0.11388888888888889
0.22674242424242427
-0.03000000000000001
0.10727777777777779
0.17187499999999997
0.1611904761904762
0.13703703703703704
0.05533333333333334
-0.3214285714285714
-0.5
-0.35
0.2305803571428571
-0.04999999999999999
-0.13660714285714284
0.13826960076960076
0.15
-0.10458553791887124
0.08640737734487733
0.026943346508563913
0.2111111111111111
-0.4666666666666666
-0.11858465608465611
-0.020000000000000007
0.0
0.09389880952380952
0.047252747252747244
-0.17840909090909093
-0.5
-0.08666666666666666
-0.04178571428571428
0.056868131868131874
0.18142045454545452
-0.5
-0.15
-0.03773809523809524
0.09999999999999999
0.009090909090909089
0.028411730545876885
0.13969444444444443
0.0
0.20714285714285713
-0.006249999999999999
0.2
0.2
0.05
0.0
-0.006249999999999999
0.13333333333333333
-0.06041666666666666
0.2964285714285714
-0.21944444444444444
0.01666666666666668
0.014772727272727276
0.12433333333333332
0.2857142857142857
-0.15763888888888888
0.0
0.375
0.11666666666666665
0.259375
0.0
0.016666666666666673
0.21666666666666667
0.010565476190476186
-0.2
-0.11333333333333333
0.174025974025974
-0.056249999999999994
0.06666666666666667
-0.15
-0.1
0.25
-0.09090909090909088
-0.02804232804232805
0.08224120082815735
-0.02804232804232805
-0.14444444444444446
-0.090625
0.0
0.2333333333333333
0.14904761904761907
0.015909090909090914
-0.07551020408163266
0.05357142857142857
0.2
-0.18611111111111112
0.18830578512396692
0.05833333333333335
-0.05333333333333332
0.014285714285714271
0.06547619047619048
0.09895833333333331
0.38166666666666665
0.05
0.0
0.041897321428571443
0.020000000000000007
0.15562499999999999
-0.07777777777777777
0.125
-0.020134575569358184
0.3
-0.16904761904761903
-0.5
-0.11866666666666667
0.024999999999999994
0.08333333333333333
-0.09833333333333334
-0.5
-0.375
-0.09055555555555554
0.1465909090909091
0.15
0.01666666666666668
-0.19887218045112787
0.11516666666666668
0.08934837092731829
-0.05
0.0
-0.10093537414965985
0.0
0.16295833333333334
0.11875
0.6
-0.6
0.04999999999999999
0.18484848484848485
0.1722222222222222
-0.12083333333333335
-0.04199999999999996
0.06375
0.06375
0.22857142857142856
0.04138140161725067
0.10027950310559007
0.033333333333333326
-0.08611111111111112
0.003958333333333337
0.0
0.42285714285714276
0.18500000000000003
-0.1125
-0.1203125
-0.029166666666666664
0.1569047619047619
-0.0013888888888888933
0.171875
-1.0
-0.0625
-0.0958333333333333
-0.1486111111111111
-0.35000000000000003
0.0
0.007040998217468811
0.2876984126984127
0.2
-0.325
0.35199206349206347
0.5
0.5
0.09120879120879123
0.24454887218045113
0.0721350762527233
0.037500000000000006
-0.14444444444444446
-0.16666666666666666
-0.28
0.08
0.24
-0.01607142857142857
0.08885281385281384
0.04378306878306878
0.25
-0.13333333333333333
0.0
0.225
0.0
0.0
0.048214285714285716
0.15000000000000002
0.15
-0.05
0.002916666666666659
-0.12000000000000002
-0.3
-0.5
0.1907986111111111
0.1357142857142857
0.4000000000000001
0.08209263392857144
-0.0666666666666667
0.045
0.09429898058930317
-0.029444444444444443
0.06219696969696968
-0.0625
-0.1
0.05
0.20833333333333334
-0.25
0.0
0.10027777777777779
-0.02053571428571428
0.1
0.3
0.08125
0.17642750045093794
0.1196428571428571
0.0
1.0
0.13000000000000003
-0.02764129389129389
0.34199999999999997
0.06688492063492062
0.0
0.030555555555555558
0.42142857142857143
0.16475694444444444
0.275
0.5
0.03030303030303029
0.21845238095238093
0.06622222222222221
0.0
0.23060185185185186
-0.06944444444444445
0.26630952380952383
0.1
-0.024358974358974342
0.20122222222222225
0.0
-0.07083333333333335
-0.0936111111111111
0.13522727272727272
0.09744774756493506
0.35
0.35642857142857143
0.1672727272727273
-0.6999999999999998
0.16428571428571428
-0.05
-0.044922669922669925
-0.058791208791208804
-0.05029761904761905
-0.05029761904761905
0.05912698412698415
0.0
-0.27013888888888893
0.027237076648841365
0.125
-0.025
-0.5499999999999999
0.018749999999999992
0.08333333333333333
-0.5
0.07299417162698414
0.0
-0.040740740740740744
0.06666666666666667
-0.5
-0.07727272727272726
0.011970899470899472
-0.025483920841063698
0.4166666666666667
0.03464912280701754
0.25020408163265306
0.2333333333333333
-0.07465277777777778
0.06558441558441556
0.110371176926055
0.1481788326615913
-0.09015734265734265
0.1375
0.18333333333333335
0.1
-0.25
-0.5
0.3357142857142857
-0.045589225589225575
-0.049756493506493506
0.2
0.12083333333333335
0.30000000000000004
0.0809018759018759
0.09
0.10555555555555557
0.018750000000000017
0.07430145611963794
-0.13333333333333333
0.16182323232323234
-0.0625
-0.02735042735042734
0.2
0.05
0.2
0.12023036487322206
0.05833333333333335
0.04999999999999999
0.0
0.09082719685812471
0.12351641414141412
0.4699999999999999
0.1675324675324675
0.00454545454545455
-0.3302083333333333
0.17713675213675212
0.0
0.04285714285714286
-0.16226615646258508
0.25
-0.5
0.19034090909090912
-1.0
0.325
0.275
0.10162337662337663
0.04166666666666667
0.15226190476190476
0.2818181818181818
0.0
0.25
0.3333333333333333
0.037500000000000006
0.05113636363636363
-0.375
0.0
-0.2375
0.06607142857142859
-0.4
0.028571428571428564
0.2063311688311688
0.05454545454545456
0.2
0.16333333333333333
0.10499999999999998
0.0
-0.25625
0.24393939393939396
-0.14479166666666665
0.006803542673107897
-0.05803571428571429
0.1638888888888889
-0.09246031746031745
0.2
-0.01944444444444444
0.1545578231292517
-0.017999999999999995
-0.3125
0.15999999999999998
0.04285714285714285
0.1326530612244898
-0.012500000000000011
0.014103389103389107
-0.19034090909090906
0.01583333333333333
0.026374130919585452
0.2
-0.06666666666666667
0.7
-0.11082010582010583
-0.121875
-0.1597222222222222
0.25023809523809526
0.19307359307359306
0.16927738927738925
0.08877289377289375
0.0918868407578085
0.32
0.04129464285714285
0.15240384615384617
0.11414141414141414
0.0
0.06833333333333334
0.03838383838383839
-0.12187500000000001
0.5
-0.11838461538461542
-0.06555555555555553
0.0738095238095238
0.06984126984126984
0.2
-0.07407407407407407
-0.002777777777777777
0.055208333333333304
0.05499999999999999
0.2425
0.047159090909090914
0.10792464114832537
0.10792464114832537
0.10792464114832537
0.06788676236044658
0.05050595238095239
0.1636904761904762
-0.06527777777777778
0.07329545454545454
0.19999999999999998
0.0
-0.05714285714285714
-0.11785714285714285
-0.19999999999999998
-0.0023095238095238147
0.001041666666666656
-0.3
0.11666666666666668
0.13333333333333333
-0.014285714285714282
0.02869047619047619
-0.005925925925925914
0.2238095238095238
0.0
0.059854497354497355
0.002499999999999994
0.2777777777777778
0.22666666666666666
0.14965277777777777
0.2758333333333334
-0.2916666666666667
0.1
-0.008333333333333345
0.11852678571428571
0.05045948203842941
-0.05833333333333333
-0.09491181657848324
0.18
0.0
-1.6653345369377347e-17
0.0
-0.051746031746031734
0.20000000000000004
0.052500000000000005
0.053724053724053714
-0.036111111111111115
0.02469914386209029
0.2375
0.008134920634920636
0.0
0.26666666666666666
0.09366477272727272
0.06142979452054795
0.08201058201058199
0.1013157894736842
-0.0062500000000000056
-0.019393939393939397
0.26351851851851854
-0.024999999999999994
0.0
0.2595730027548209
0.3
0.7
-0.036560760667903515
0.12878787878787878
0.04722222222222223
0.0
0.0
0.35
0.05049549549549548
0.06666666666666667
-0.16999999999999998
-0.09375
0.65
0.03690476190476188
-0.3
0.0
-0.01933333333333333
-0.01892336059002726
0.008680555555555558
-0.0008387445887445794
0.10298871063576943
0.03787202380952381
0.0
0.04545454545454545
0.026510416666666675
0.12666666666666665
0.11309523809523808
0.24
0.20738095238095236
-0.04747752247752249
0.12197278911564625
-0.1272727272727273
-0.020833333333333332
0.17045454545454544
0.21666666666666667
0.075
0.008458646616541355
0.06773809523809522
0.03218102073365231
-0.0006802721088435403
0.053240740740740734
0.054860742998498094
0.08271604938271605
0.0
-0.24000000000000005
0.55
0.09285714285714286
0.06182539682539682
0.32341269841269843
0.275
-0.0474107142857143
-0.11666666666666665
-0.12083333333333333
-0.33333333333333326
0.09702797202797202
0.035555555555555556
-0.16002331002331
0.21875
0.0
0.06909722222222221
-0.008503401360544196
0.15870587745587747
-0.1
-0.075
0.3119047619047619
0.45
0.13072712418300655
0.16
0.3553125
-0.20000000000000004
0.004625287264176152
0.1527777777777778
0.045016233766233774
-0.022222222222222216
0.1
0.25
0.33166666666666667
0.10370370370370371
-0.0574074074074074
0.1875
-0.47916666666666663
0.14270833333333335
0.024999999999999998
-0.042857142857142795
0.04999999999999999
0.07881673881673883
0.2333333333333333
0.06607819264069265
0.525
0.0
0.2904017857142857
-0.196969696969697
0.047619047619047616
0.24285714285714285
-0.13194444444444445
0.18611111111111112
-0.016499999999999994
0.09004329004329005
0.3142857142857143
0.06785714285714285
-0.3333333333333333
0.05954469507101086
0.0
0.22767857142857142
0.1192857142857143
0.05
0.03363636363636364
0.03363636363636364
0.08191609977324263
-0.3833333333333333
0.000733665559246952
0.0
0.18333333333333335
0.2440909090909091
0.5
0.07662337662337662
0.07333333333333333
0.2078125
0.024999999999999994
0.045663265306122455
0.0
0.013333333333333332
-0.5666666666666665
0.0
0.2143162393162393
0.006329365079365103
-0.11999999999999997
0.2
-0.5
-0.028571428571428577
0.0439935064935065
-0.24444444444444444
0.21666666666666667
0.25142857142857145
0.1514285714285714
-0.08750000000000001
0.12550505050505048
0.0
0.01666666666666667
-0.02361111111111112
-0.03779761904761904
-0.3714285714285714
-0.08125
0.0
-0.28717948717948716
0.16964285714285715
0.10590277777777779
0.13680555555555557
0.10929824561403512
-0.14472222222222222
0.0925925925925926
0.012499999999999997
-0.128125
-0.04734848484848484
0.07500000000000001
-0.021666666666666678
-0.050133689839572185
-0.1515625
0.21666666666666667
-0.2333333333333333
0.3
0.11166666666666666
0.07750000000000001
-0.1483511586452763
0.03210784313725491
0.01905458089668617
-0.025170068027210887
0.022
0.13333333333333333
0.2125
0.14999999999999997
-0.14722222222222223
-0.04714285714285714
0.037222222222222226
-0.06944444444444445
0.06999999999999999
0.0
-0.195
-0.4
0.7
-0.3047619047619048
0.0761111111111111
0.35555555555555557
0.1285714285714286
-0.10416666666666664
0.13220779220779222
-0.08020833333333333
0.05288961038961039
-0.20625
0.013015873015873014
0.0
0.015740740740740722
0.07840909090909089
0.25
-0.0625
0.07142857142857142
-0.25
0.0
-0.025000000000000005
0.32
0.1
0.12083333333333332
0.038571428571428576
0.1026923076923077
-0.026851851851851852
0.1313095238095238
-0.2625
0.12083333333333333
0.11538461538461539
-0.34702380952380946
-0.0361111111111111
-0.05313337456194599
0.03481212121212122
-0.15
-0.032566045066045074
0.15333333333333332
0.25
0.34469696969696967
0.0888611111111111
0.09888888888888889
-0.08055555555555555
0.10272366522366522
0.13636363636363635
0.21938775510204084
0.17960317460317463
0.24416983840811965
0.0
-0.22000000000000003
-0.2875
-0.09999999999999999
-0.07574404761904761
-0.013928571428571434
-0.025000000000000005
-0.06527777777777777
0.075
-9.25185853854297e-18
0.14920454545454545
-0.25
0.020187074829931977
0.047883597883597875
0.013034188034188026
0.22321428571428573
-0.11875000000000001
-0.18333333333333335
0.10138888888888889
0.0683982683982684
0.16666666666666666
0.18611111111111112
0.1427753727753728
0.07759216589861753
0.03819444444444445
-0.035416666666666666
-0.06979166666666667
0.10394620811287478
-0.03715277777777778
0.14666666666666667
0.07402597402597402
-0.10714285714285714
0.31
0.125
-0.033333333333333326
-0.010476190476190432
0.16666666666666666
-0.2625
0.08499999999999999
0.2
0.014772727272727293
0.04107142857142857
0.05454545454545456
-0.375
0.10624999999999998
0.10624999999999998
0.07222222222222222
0.06428571428571427
-0.1376190476190476
-0.03437499999999999
-0.03437499999999999
0.025108225108225093
0.010606060606060608
0.006388888888888881
-0.5999999999999999
0.17499999999999996
0.3333333333333333
-0.07499999999999998
0.0886904761904762
-0.05184343434343434
0.0
0.019047619047619042
0.2
0.02000000000000001
0.10607142857142857
-0.09531746031746031
0.03181818181818182
0.0375
0.15333333333333335
0.0
-0.543939393939394
-0.01272727272727272
-0.15833333333333333
-0.15833333333333333
-0.01394557823129253
-0.05
0.15192956349206355
0.030555555555555565
0.013492063492063487
0.21428571428571427
0.15773384353741499
0.20535714285714285
0.2303030303030303
0.26000000000000006
0.0
0.175
-0.022857142857142864
0.1675824175824176
0.2833333333333333
0.0
0.44285714285714284
0.36
0.15
0.08
0.10555555555555556
-0.10000000000000002
0.0015432098765432044
0.09027777777777779
-0.2
0.12302579365079365
0.33745098039215693
-0.16666666666666666
-0.07619047619047618
-0.0859375
0.14242424242424243
0.16666666666666669
0.11327349121466768
-0.13333333333333333
0.0
0.1619047619047619
0.25
0.12063492063492062
-0.024999999999999967
-0.0111111111111111
0.06666666666666667
0.021428571428571425
0.475
0.39285714285714285
-0.11333333333333333
-0.5
-0.158974358974359
0.1076388888888889
0.14285714285714285
0.0
0.08125
0.2382716049382716
0.16458333333333336
0.375
0.24444444444444446
0.0880952380952381
0.09285714285714287
0.10601934523809525
-0.033333333333333326
-0.06249999999999998
0.4
0.035555555555555556
0.15833333333333333
0.13999999999999999
-0.24305555555555555
0.6083333333333334
0.07976190476190477
0.08725198412698414
0.060059523809523806
0.1432900432900433
-0.16507936507936508
0.026041666666666664
0.10000000000000005
-0.075
0.4333333333333334
0.11322751322751322
-0.03150297619047619
0.09999999999999999
-0.3258333333333333
0.03333333333333333
0.12083333333333333
-0.11166666666666666
0.0887566844919786
0.17380952380952383
0.019642857142857136
0.125
-0.1663419913419913
0.59375
-0.125
0.1375
-0.43499999999999994
-0.1142857142857143
0.005708045314900156
-0.05092592592592593
0.16428571428571428
0.0
0.30000000000000004
0.14796052631578946
0.23046875
0.16875
0.10857142857142858
0.10777777777777779
-0.28333333333333327
0.1
0.125
-0.20325396825396824
-0.31406249999999997
0.2040633608815427
0.35416666666666663
0.08086124401913877
0.09992424242424243
0.05
0.05
0.05
0.05
0.09081632653061224
0.1361111111111111
-0.16666666666666666
-0.12777777777777774
-0.12777777777777774
-0.12777777777777774
-0.12777777777777774
0.0
0.06676587301587303
0.05000000000000001
0.0284090909090909
0.09487501745566265
0.29416666666666674
0.1575757575757576
0.0
0.14125
0.14125
0.06000000000000002
-0.07301587301587303
0.2
0.55
0.1292173252279636
0.1292173252279636
-0.16666666666666666
-0.052721088435374146
0.07356837606837607
0.09619318181818182
0.16535714285714287
0.0
-0.10972222222222222
0.6
0.09398148148148146
0.04866786122682348
0.028758741258741262
0.15999999999999998
0.09505562086381047
0.08575835105440366
-0.12000000000000002
-0.2571428571428571
0.1446886446886447
-0.3
0.13749999999999998
-0.017045454545454527
-0.26666666666666666
-0.19466666666666663
-0.19466666666666663
-0.25
0.0
0.0
0.004761904761904761
-0.06666666666666667
0.06968253968253968
0.125
0.0
0.027946127946127948
-0.5
-0.4
0.03357142857142857
0.375
0.18333333333333332
-0.14166666666666666
0.03392857142857142
-0.038888888888888896
0.05833333333333334
-0.1056818181818182
-0.275
0.0
0.12023809523809526
-0.016666666666666663
0.3833333333333333
-0.6
0.0
0.34375
-0.10214285714285713
0.0136734693877551
0.5
0.008888888888888885
-0.033333333333333326
-0.20000000000000004
-0.030000000000000006
0.1462121212121212
0.16666666666666666
