0.043833333333333356
-0.17615602781057327
-0.14565952380952382
-0.12453287736954403
0.055482804232804224
0.08077222222222222
-0.05161601731601731
-0.04238383838383838
-0.08663333333333334
0.008286111111111114
-0.15006127946127948
-0.12111111111111111
0.03971683501683502
-0.1099535502811365
0.012817575757575759
-0.02519843304843304
0.19690000000000005
-0.2341
-0.10005833333333332
-0.18752323232323231
0.13271515151515148
-0.1703875
-0.03130138888888889
-0.2041833333333333
0.12521111111111108
-0.031175308641975305
-0.048231313131313146
-0.10045
-0.16824673721340389
0.01324469696969697
0.046917901234567905
-0.34493918876262625
0.045683549783549805
-0.05686666666666667
-0.0576485260770975
-0.18555555555555556
-0.08689333333333334
-0.35246666666666665
-0.0076175688509021915
-0.01911318082788672
-0.06555555555555556
-0.008744824311490965
-0.0016939393939393959
-0.04949630211058783
-0.06742825396825396
-0.25618888888888885
-0.2024742857142857
-0.06823292606516292
0.03525978835978836
-0.03092275132275131
-0.08660000000000001
-0.02597094017094018
-0.2598888888888889
-0.025666666666666657
-0.3469722222222222
0.2047023809523809
-0.1205
-0.10531111111111112
0.0911904761904762
-0.06488461538461539
-0.034294103986291485
-0.16143055555555555
-0.11709999999999998
-0.19495555555555555
-0.3021130158730159
-0.10831851851851854
-0.04604814814814812
0.05587083333333334
0.19575092592592594
-0.037133333333333345
-0.0395511111111111
-0.15988181818181818
-0.07880992063492064
-0.28967777777777776
-0.009642592592592591
0.020883192239858888
-0.004496164021164011
0.037183333333333325
-0.12079633030990172
-0.006029090909090901
-0.0051833333333333315
-0.2582277777777778
