0.05037543461829178
0.09679971244536463
-0.036783333333333335
-0.058319444444444445
-0.18076666666666666
0.09324814814814815
-0.014736111111111116
0.06811879196122894
-0.008062281269177815
-0.17489629629629633
-0.11947333333333336
-0.13807417695473254
-0.007169696969696974
-0.011625925925925934
-0.11243285984848485
0.006306012043512055
-0.0021111111111111157
-0.27869126984126985
-0.11677086167800454
-0.1286548945868946
-0.22764074074074073
-0.20526613756613757
-0.00632209978573615
-0.13644467120181406
0.11043333333333334
0.04769047619047619
-0.18433333333333332
0.02420896464646464
0.013724074074074074
0.028395156695156704
-0.12539999999999998
0.008633333333333307
-0.04394765974765975
-0.33946666666666664
0.03887857142857141
-0.19878125
0.01613046624157734
-0.029613888888888888
-0.04013333333333333
-0.08975833333333333
-0.18221999999999997
-0.009083291610185562
0.03302777777777777
-0.14274656084656084
-0.18274467754467752
-0.21471666666666667
0.06797777777777778
0.07532222222222225
0.06573121693121696
0.0
-0.1317
0.0030159371492704903
0.07737740544777584
0.1280721500721501
-0.13645833333333332
0.02018928571428571
-0.05167962962962961
-0.26621666666666666
-0.05299138843276773
0.2738833333333333
-0.16666666666666666
-0.03837708333333333
-0.0570404761904762
-0.19094999999999998
-0.22063030303030304
-0.06838412698412698
0.016666666666666666
0.0
0.17432499999999998
-0.5119571428571429
-0.043607341269841275
-0.04233703703703706
-0.13212888888888888
0.009296296296296302
-0.03098511904761904
0.4673
-0.2992833333333334
0.03890067170278964
0.5373523809523809
