-0.05707712800519817
0.03992222222222223
-0.19528888888888893
0.07865004556846661
-0.18168520408163266
-0.24394761904761908
-0.046526666666666654
-0.05627566137566139
-0.05997698412698413
-0.032286111111111106
-0.2150106407995297
0.028990740740740734
-0.058380626780626776
-0.19799564594356264
0.0725074074074074
-0.06855906432748538
0.0
0.09372857142857144
-0.05523253968253968
0.0951611111111111
-0.12344285714285713
0.15516748551272366
0.060062962962962964
0.009022354497354482
0.36059163059163063
-0.025364444444444436
-0.32267913832199546
-0.056225396825396824
-0.008388888888888881
0.012200000000000016
-0.09254033516988062
-0.05335308641975304
-0.08319331409331406
-0.16666666666666666
-0.11125912698412699
-0.08819166666666667
-0.08652814814814813
-0.005326851851851851
0.17067293978748524
-0.15550998677248679
-0.09945277777777779
-0.3405229797979798
-0.2550046296296296
-0.11728897128979095
-0.11240709876543209
-0.1887912037037037
-0.1862222222222222
0.08741825396825398
0.3968
-0.0058626881055452535
-0.025534649122807018
-0.08925312650312651
0.055028888888888905
0.05728817987567988
0.10416666666666667
-0.34354469696969697
-0.03163000000000001
0.10431666666666665
0.042973809523809525
-0.0942648148148148
0.1688990740740741
-0.13725462962962962
-0.021938095238095253
-0.062176430976430976
-0.24708245149911814
-0.14635128205128203
0.005977777777777804
-0.011054545454545428
-0.18461021324354657
0.044017535903250186
-0.1205
0.06291481481481481
0.03135367965367969
-0.27318224206349206
-0.024869999999999986
-0.3892242424242425
-0.03464892985494294
6.728395061728065e-05
-0.1053216610549944
-0.042973148148148156
0.19226464646464644
0.19833333333333333
0.11004074074074073
-0.002051683501683508
-0.16387
-0.10466415727321522
0.05606666666666666
-0.06603142174432498
0.06893555555555556
-0.07797777777777776
-0.0433114478114478
0.06413456790123458
-0.3599222222222222
-0.12433518518518516
-0.044444444444444446
-0.14677222222222222
0.14768888888888887
-0.11896666666666667
-0.09512755331088664
0.05206984126984129
-0.062003798670465314
-0.1409387958829365
-0.08866666666666667
-0.07860300127713918
-0.12485442176870747
-3.148148148146568e-05
0.06127976190476192
-0.11289444444444442
-0.0375111111111111
-0.06737063492063493
-0.06241460317460318
-0.01885555555555556
-0.19916402116402118
0.012490788977826036
-0.0008111111111111143
-0.2261666666666667
-0.03665353535353535
0.01766111111111111
0.04619947089947091
-0.009851178451178463
0.03427142857142857
-0.015164713064713065
-0.0007163580246913603
-0.1528878306878307
-0.020935454545454535
0.10747777777777778
0.30058888888888885
0.0
-0.05953744855967078
0.03333333333333333
-0.46832222222222225
-0.04546937358276645
0.1854
-0.09437916666666668
-0.018298477528912314
-0.19355111111111112
-0.05683349206349206
-0.02975892857142859
-0.17382380952380952
-0.1783545524691358
-0.16367407407407406
-0.05654529914529915
-0.06299185185185185
-0.21105658436213992
-0.0286154761904762
-0.19724166666666668
-0.028240170940170936
-0.24933333333333332
-0.09199523809523812
-0.19988282585470088
-0.0794814814814815
0.06572777777777776
-0.2065636507936508
-0.0038208333333333614
0.1598
0.3669
-0.02218666666666665
-0.09258148148148149
0.04127777777777778
-0.030472222222222234
-0.295475
-0.12790968660968663
0.27340000000000003
-0.12258333333333334
-0.17623333333333333
-0.0261546218487395
-0.09826813725490198
-0.04156719576719576
-0.1750373015873016
-0.047186666666666675
0.09880370370370371
-0.020541516316671605
-0.08789185185185187
0.007291552274885593
-0.046642592592592604
-0.4110777777777778
-0.06740833333333333
0.16052839506172836
0.006608585858585869
0.0040592970521542105
-0.1351969135802469
0.03997380952380952
0.0
0.021022222222222237
0.29193535353535355
-0.322175
0.042003636363636375
-0.050908465608465625
0.017908080808080817
0.015133333333333332
-0.30885
0.07667998007283723
0.10093557098765432
0.12056339427768
-0.006519973544973534
0.07482832732082732
-0.04179444444444444
-0.06399494708994709
-0.06991481481481482
0.044200970017636676
-0.21514171717171718
0.16666666666666666
0.07129523809523809
-0.006037433417063022
-0.01643940648723258
0.03333333333333333
0.09621128747795415
-0.26766666666666666
-0.046847248677248675
-0.16986444444444446
-0.10465600325600327
-0.025740099406766054
-0.008390950777617442
0.03964920634920636
-0.2048777777777778
-0.06597103984450924
0.0030264615585603263
-0.18597777777777777
0.10155013320013323
0.19265824640967502
0.11291011904761905
-0.14084487481329586
0.12272962962962963
-0.2294116402116402
-0.050290812222756665
0.18128888888888892
-0.05103333333333334
-0.06697916666666667
0.3973777777777778
0.025577777777777793
-0.13632103174603175
-0.19311703703703706
0.02503892390289449
-0.02194809826661681
-0.21440071806500374
0.25422348484848484
-0.1404
-0.028706666666666675
0.0
-0.03657296296296297
0.09842222222222224
0.07456000000000002
-0.030001832735166063
-0.057333333333333326
-0.008729629629629634
-0.28281560846560844
-0.22854444444444444
0.0
0.05466666666666667
-0.12132899659863942
0.003060740740740716
-0.16585873015873018
0.018795317460317467
-0.15547376543209876
-0.04952252747252747
-0.15732057613168723
-0.08285055658627088
-0.10734
-0.002244867724867724
0.10933333333333334
-0.37729999999999997
0.05535185185185187
-0.1641487654320988
-0.06351330532212883
0.042899999999999994
-0.3982030303030302
-0.19897037037037038
-0.35246666666666665
-0.0655546626984127
-0.0841178784775559
-0.14712499999999998
0.12104999999999999
-0.0931187224257224
-0.2478244444444444
-0.09283275388291518
-0.1650510204081633
0.20304696969696967
-0.013024074074074072
-0.051235185185185196
0.03300069930069932
-0.02410246050246051
0.026670235690235706
0.11437696969696971
-0.14584630574452004
-0.10206801881246326
0.06485608465608468
0.6643333333333333
0.13201944444444444
-0.04857502645502646
-0.5698666666666666
-0.0019185185185185232
0.021883015873015877
0.01762995114047745
-0.10673862433862434
-0.0889079585537919
-0.12400773809523809
0.03473333333333334
-0.0656377777777778
0.3194666666666667
-0.11914653784219002
-0.04084028045129683
0.004082931946725034
-0.042496825396825394
-0.3807666666666667
-0.04840555555555554
-0.1413222222222222
0.10527222222222221
-0.017078333333333334
0.06178589743589743
-0.17497407407407406
-0.07752486772486772
0.16246666666666668
-0.12048518518518515
-0.1828947015373372
0.023388570894126454
-0.19643888888888886
-0.23158888888888887
-0.07110000000000001
0.017459179709179706
-0.11978113275613274
-0.023896296296296294
-0.21684814814814815
-0.022366666666666663
-0.14545555555555556
-0.12901538461538462
-0.17114166666666666
-0.01986666666666666
0.025733333333333334
0.08260050505050505
-0.24490376984126982
-0.3454936507936508
-0.056033333333333324
-0.019295918367346957
-0.07175868945868945
0.06524761904761904
0.09705416666666666
-0.230616407358074
-0.12479830246913581
-0.08901999999999999
-0.1033666666666667
0.005380555555555537
-0.0999
0.06168406105388865
-0.2257404761904762
-0.430375
-0.5367000000000001
-0.014242592592592607
0.07015
-0.03872380952380952
-0.2428222222222222
-0.19792592592592592
-0.015071786055736688
0.25145555555555554
0.0
0.025381481481481487
0.009199936710463022
-0.19106666666666663
0.06959777777777783
-0.24880555555555559
0.15049398148148152
-0.022198186998186997
-0.28622984126984125
0.06194702380952379
-0.09786890838206626
-0.15149953703703703
-0.11875387205387206
-0.03378253968253967
0.07241428571428572
0.003231673659673658
-0.06539185185185185
0.047760003488574926
0.0453010101010101
0.08333333333333333
-0.1368688888888889
-0.018460548941798955
-0.018533333333333336
0.15711296296296298
0.23314680134680135
-0.03597061087061087
-0.0666
-0.005909523809523809
-0.048483333333333344
-0.010516666666666655
-0.10278960473078118
-0.19152592592592596
0.07585777777777777
0.08856908908460633
-0.12493084795321636
0.02105555555555555
-0.19142855218855215
0.003811763468013485
-0.0377561111111111
-0.10160123456790122
-0.004451461915784833
-0.14796666666666666
0.12615925925925928
-0.060002622170937214
-0.14719290123456788
-0.16571851851851852
-0.30865000000000004
-0.10133329365079365
-0.31782777777777776
-0.1879425925925926
-0.2986666666666667
-0.15772892416225748
-0.13551636904761905
-0.3623166666666666
0.013814094728800602
-0.19918333333333335
-0.10319316578483247
-0.2289777777777778
0.18076666666666666
0.2186066276316276
-0.04305555555555556
-0.3314984126984127
-0.09130017636684301
-0.1322068783068783
-0.006566666666666665
-0.1808611111111111
0.2738083333333334
0.012922222222222215
0.06473030303030303
-0.13519732346506538
-0.15963333333333332
-0.2073
0.29105873015873013
-0.04874444444444446
-0.21863555555555556
-0.16404285714285716
-0.044003815937149256
0.03424166666666667
-0.3622462962962963
0.0499861111111111
0.15329074074074076
-0.006791726791726779
-0.04999682539682538
-0.26333888888888884
-0.07636587301587301
-0.10649814814814813
-0.045813492063492084
0.09984999999999998
0.15009999999999998
-0.008144444444444445
-0.18365
0.09703324514991184
0.00064166666666667
0.04683333333333332
-0.06330518518518517
0.021440778554332768
0.37736666666666663
-0.015834652076318734
-0.14308666666666667
-0.11077777777777777
0.08843968253968258
-0.03762777777777778
-0.03290341271382937
0.018348888888888904
-0.1994
-0.02344250440917109
-0.08016481481481481
-0.10877306397306397
0.21033333333333334
0.0
-0.28176666666666667
0.11973333333333334
-0.22630662177328842
-0.23498049062049065
0.04199629629629628
0.027382958553791886
-0.1989
0.0
0.019699294532627865
0.21611111111111114
0.09761944444444444
0.03255079365079366
-0.10341388888888887
-0.23680370370370374
-0.3912292207792208
-0.04651666666666667
-0.07212414529914529
0.14626944444444445
-0.29389444444444446
-0.16390374149659862
-0.06499999999999999
-0.03153728956228954
-0.10661713804713802
-0.12684472222222223
-0.07945
0.08597679793733815
-0.04522222222222222
0.001616666666666683
-0.05127619047619048
-0.003633333333333331
0.13514814814814816
-0.06415185185185183
0.12802
-0.25314444444444445
-0.13411369047619048
-0.07346259666259665
-0.07994747474747475
-0.02648571428571428
0.0018777777777777744
-0.023282996632996638
-0.06774303187667385
-0.0018166666666666609
0.0461111111111111
0.08204537037037038
-0.008061111111111111
-0.25142777777777775
0.2572575963718821
-0.0415
-0.29548101851851855
-0.022788888888888886
-0.3523222222222222
0.019000000000000017
-0.223575
-0.3925148148148148
-0.03622703703703704
0.24455545267489712
0.029211111111111104
-0.018400903774587998
0.09896666666666665
-0.19248333333333334
-0.14706603174603175
0.1258595238095238
-0.10745051146384481
0.03893981481481481
-0.10209947089947091
0.10526349206349206
-0.09110833333333335
-0.24618888888888887
0.033344047619047634
0.0
-0.20901266233766233
0.17930468631897203
-0.39245
-0.09284444444444445
-0.04733688888888891
0.06439761904761905
-0.08333148148148148
-0.048664912280701765
0.07926746031746032
0.09462537298572282
-0.0006500000000000025
-0.1942605119825708
-0.025440740740740726
-0.016381589706589716
0.16649059829059834
-0.2266842372134039
-0.17691553287981857
-0.2603681878306878
-0.11990577940577941
-0.1559177777777778
-0.09849215686274511
-0.15659953703703702
-0.0357993650793651
-0.232675
-0.16080666666666668
-0.21143333333333336
-0.032346794871794864
-0.16814166666666663
-0.35734444444444446
-0.39568730158730164
0.11372514029180697
-0.09406286799620134
0.13535
-0.11986261022927687
-0.05052666666666667
-0.13822213804713804
-0.24874444444444443
-0.23125555555555555
0.004315375982042642
-0.23187222222222223
-0.17003611111111108
-0.014495833333333338
-0.09999999999999999
0.2136503401360544
0.17556666666666665
-0.052347619047619066
-0.08339999999999999
-0.19213333333333335
-0.2506777777777778
-0.16666666666666666
-0.07056388888888888
-0.02523333333333334
0.190034126984127
-0.07647078189300413
-0.04985092592592593
-0.017533068783068772
0.006636111111111102
-0.6060666666666666
0.0019000000000000128
0.25866666666666666
0.04361666666666666
-0.1217727272727273
-0.1038222222222222
-0.20559012345679015
-0.22855039682539682
-0.03443111111111113
-0.3620777777777778
0.025268518518518534
-0.028272649572649577
-0.06881957671957674
-0.1889654320987654
-0.04088188521012593
-0.11726921643171645
0.04122222222222221
-0.07432884399551065
-0.22606388888888887
-0.04991452991452994
-0.08779674523007854
-0.25522815055315057
-0.28948084656084655
0.12806666666666666
0.5615
-0.24034999999999998
-0.04934939607717384
-0.028188888888888892
-0.11032478991596635
-0.4280583333333334
-0.031086868686868704
0.06666666666666667
0.08333333333333333
-0.04609656084656083
-0.14128095238095237
-0.0349883089133089
0.030287301587301585
-0.23189794773128106
0.0
-0.1670901234567901
0.22543518518518524
0.008466666666666659
-0.23931590909090908
-0.2374259847148736
-0.011492424242424248
-0.047025000000000004
-0.18821785714285713
-0.13150833333333334
-0.07373737373737375
-0.04294567901234567
0.1399047619047619
0.11151666666666667
0.029884368372495067
-0.07284506172839507
0.006325574425574419
-0.015549999999999994
-0.3968
-0.0755485119047619
-0.5010476190476191
0.15353333333333335
-0.013764393939393918
0.030949999999999995
0.10645406378600819
-0.00903055555555556
0.006222222222222203
-0.0995111111111111
-0.040845370370370365
0.0063142857142856985
-0.24222063492063492
-0.1956068376068376
0.030426924564497655
-0.010513566304870658
-0.0905873015873016
-0.19555555555555557
-0.08608666666666664
-0.17053333333333334
0.15627804232804232
-0.13268423551756886
0.09863928731762066
0.014225
-0.12956666666666666
0.05926666666666667
-0.10219880952380951
-0.1892104686318972
-0.14818772486772488
-0.12409649122807016
-0.0799736111111111
-0.09950256410256413
-0.08809675925925926
-0.10514012345679012
0.4337952380952381
-0.1356962962962963
-0.013334126984126974
-0.11980897435897436
-0.09270526695526697
-0.16856601080246914
-0.14059333333333335
-0.44098333333333334
-0.06847698412698412
0.16636785714285712
-0.09247734041645332
-0.12597086419753087
0.10565370370370371
-0.05238425925925925
-0.16399253860274268
-0.017806666666666655
-0.006087962962962952
-0.21792004357298475
0.1289555555555556
-0.13080208617983377
-0.19711574074074076
-0.2795680482069371
-0.025813333333333327
-0.17217333333333337
0.12237154614932393
-0.24526666666666663
0.1213199294532628
-0.11740277777777779
-0.06676172839506174
-0.03581285814116001
-0.01120370370370371
-0.005957142857142844
0.0248
-0.11497037037037038
-0.13745523809523807
-0.03660858318636098
0.18517380952380955
-0.12127073667073668
-0.44037777777777776
-0.15112222222222224
-0.059060571428571414
-0.17802959850606906
-0.10823168724279836
0.09757964432686651
-0.2135916996047431
-0.136907164234942
-0.06383055555555554
-0.04217774921837423
-0.18707222222222222
-0.10073333333333333
0.009550604686318973
0.0
-0.06720925925925923
-0.2086688888888889
-0.1570427975406236
-0.081259126984127
-0.1421
0.10315691304580193
-0.3858
-0.050230861706382975
-0.2846074074074074
0.0945759259259259
-0.08149750566893423
0.05293333333333335
0.22114722222222225
-0.06158125
-0.04766743913053437
0.06786111111111111
0.05774829059829062
-0.1280057662159514
0.04543703703703703
-0.10805
0.14886527777777778
0.028102116402116406
-0.035718319540541756
-0.26200496031746034
-0.6155166666666667
-0.1600333333333333
-0.09294603174603173
0.02485555555555558
-0.16781399176954734
-0.15144652777777778
-0.13093333333333335
-0.07114444444444444
0.055200000000000006
-0.22624444444444444
0.2698428571428571
-0.087144318468128
0.4050444444444445
-0.0543063492063492
-0.16604980574980574
-0.12127676767676766
0.050899319727891135
0.00027777777777777957
-0.13388161036494373
-0.05244444444444446
-0.15358333333333332
0.3160900793650794
-0.11617192982456143
0.03645
-0.10751666666666666
0.059072793093845694
0.18365666666666666
0.047706666666666675
-0.023469160353535357
-0.0459611111111111
-0.030311111111111098
0.0447888888888889
0.0028166666666666665
0.06827487574154241
0.28706666666666664
-0.15695
0.293447619047619
-0.013014457070707077
-0.0003499503968254121
-0.2897
-0.027777777777777776
-0.2261666666666667
-0.012824603174603183
-0.23762777777777777
-0.07566111111111111
-0.20132063492063498
-0.3474333333333333
0.23939999999999997
0.4137909090909091
-0.3599651675485009
-0.08791666666666668
-0.0010946191474493123
-0.016381481481481497
0.07874
-0.008576455026455036
0.13528333333333334
-0.09203703703703703
0.02786666666666669
-0.06529544159544158
-0.21782996031746035
-0.0818076923076923
-0.0919906204906205
0.013777777777777797
-0.06644534218803978
-0.05232884399551064
-0.5111910714285713
0.15905
-0.19760820392129919
-0.03302395382395382
0.19612142857142856
-0.13098478260869564
-0.11887777777777776
-0.18490156249999998
-0.2431833333333333
0.15933333333333333
0.01291675084175084
0.01663333333333335
-0.06180515873015874
-0.16253333333333334
-0.0515111111111111
0.0
0.07207221286943509
-0.14172592592592595
0.1302740740740741
-0.2040067901234568
-0.09003407407407406
0.022507407407407403
-0.027777777777777766
-0.4734833333333333
0.2599972222222222
-0.20353333333333334
0.2575650793650794
0.01363333333333333
-0.05523148148148149
-0.09818743134290753
-0.12548333333333334
-0.028666666666666663
-0.028666666666666663
-0.07814761904761904
0.11894722222222222
-0.22076666666666664
-0.013498148148148148
0.022642129629629627
0.09342361111111112
-0.39463888888888893
-0.14955
0.00886439763939767
-0.0024026541606541616
-0.0049479901051329616
0.08136666666666666
0.00504060846560847
-0.04903180827886711
0.08748333333333336
-0.01021690235690236
-0.0847224126984127
0.01735391414141413
0.0
-0.04908293650793651
0.10106585648148148
-0.4605166666666667
-0.05684951105442177
0.09845333333333334
-0.29439187242798354
-0.16353333333333334
0.0
-0.396247619047619
-0.041462222222222206
-0.22648412698412698
-0.19811468253968254
-0.09895102880658437
-0.13266666666666668
0.06743333333333333
-0.08684070434925696
0.14559999999999998
0.21074444444444448
-0.1461037037037037
-0.11486666666666667
-0.18207777777777778
-0.0397658201058201
0.06666666666666667
-0.2037779220779221
0.262275974025974
-0.15445
0.1406622574955908
-0.236725
-0.13063333333333335
0.020766666666666673
-0.06291865079365079
-0.15476967846967848
0.08969777777777777
0.20018267195767195
0.003433333333333339
0.0173875248015873
0.07639305555555555
-0.10739523423005563
-0.029092181069958853
0.30954455026455024
-0.08145277777777778
0.05555555555555555
0.0
0.28706666666666664
-0.01176592592592593
-0.03871252525252524
-0.23104999999999998
0.02725333333333334
-0.2660252525252525
0.04697929724596391
-0.03863777777777779
0.05561111111111111
0.034979365079365075
0.02880370370370371
-0.0743111111111111
-0.22541481481481482
-0.10226134421134424
-0.21199444444444446
-0.048374140211640215
-0.23358569800569798
0.01431346801346802
0.21245000000000003
-0.37198151154401154
-0.18120833333333333
-0.13546666666666665
-0.05596349206349204
-0.04921333333333333
0.020049999999999995
-0.21049037037037036
0.0
0.0757166666666667
-0.1293124716553288
0.08333333333333333
0.02389185185185187
-0.12772222222222224
-0.01802211533322644
0.30474814814814816
-0.0539185515873016
-0.2573834215167548
-0.19969444444444442
-0.16994917695473252
-0.15105
-0.15103333333333332
-0.03008571428571429
-0.13900444444444446
-0.04898226495726496
0.049685185185185186
0.017444444444444443
-0.24087777777777777
-0.0907
-0.001483333333333392
0.01388333333333334
-0.4636435563114134
0.03646984126984127
-0.02767142857142857
-0.11595232216343326
-0.07100429292929292
0.030655555555555557
-0.01032925925925928
-0.054965306122448994
0.10597069597069601
0.027293333333333336
-0.19999333333333336
0.33185
0.004051549508692354
-0.04973811298535438
-0.12076301587301591
0.0778857142857143
0.36752222222222225
-0.3692555555555555
-0.17702098765432098
0.215
-0.14648611111111112
-0.19765555555555558
0.07471883597883595
-0.22841666666666668
-0.35321296296296295
0.07059971781305113
-0.0763949494949495
0.08706666666666668
0.04746288156288155
-0.0958925925925926
0.17910538720538724
-0.004938641975308641
-0.08638306878306878
-0.0017955627705627901
-0.12316746031746029
0.09206619047619047
-0.1421037037037037
-0.1562888888888889
0.11120740740740742
-0.13949814814814815
-0.05919629629629631
-0.26408412698412703
-0.06308095238095239
-0.17058888888888887
-0.06074574915824916
-0.09616586264135285
0.008725000000000002
0.05742923280423281
-0.07028253968253968
-0.054642424242424235
0.3063547619047619
0.29340920634920636
-0.12503333333333333
-0.10744999999999998
0.040712500000000006
-0.1206990201842054
0.05666666666666667
0.09151507936507937
0.2278592592592592
-0.21898641975308641
-0.09159555555555556
-0.13807935606060606
0.2054611111111111
-0.005177777777777781
-0.26913333333333334
0.0
-0.03733838383838383
-0.02782682178932178
-0.012495173961840633
-0.053361904761904756
-0.23753055555555558
0.033346759259259263
0.19861666666666666
0.10933333333333334
-0.13739383394383395
-0.00659444444444444
-0.21444722222222223
-0.16666666666666666
-0.12792222222222221
-0.11915982905982907
-0.028557936507936515
0.10364000000000002
0.11747999999999997
-0.5635333333333333
0.15409166666666665
-0.09680493827160495
0.0
0.03506683501683502
0.003686980920314257
0.00812666666666667
-0.07365925925925926
-0.42802222222222225
-0.17122380952380953
0.017088888888888903
-0.19379629629629627
-0.08614958761282289
-0.22444444444444445
0.13472870370370368
-0.0746612481403179
-0.047902222222222235
-0.18890171535171538
0.14617777777777777
0.00799492630385489
0.11380883190883191
-0.04580770975056688
-0.09001651234567902
0.07025833333333335
-0.4358142857142857
-0.028666666666666663
-0.028666666666666663
-0.2889888888888889
0.10183713991769545
-0.20833827160493826
-0.15091666666666667
0.13492777777777776
-0.11484375541125542
0.03451111111111114
0.23129629629629625
0.14853507295173962
0.03443333333333334
-0.2304125
-0.2904347442680776
-0.08564978354978357
-0.04183836657169989
0.02992163299663299
0.18905793650793648
0.2586481481481481
-0.07652888888888888
-0.10701944444444444
0.058328968253968244
0.05838290699199792
-0.012147453703703718
0.0
-0.035814880952380945
-0.3366777777777778
0.09506111111111111
-0.03616813590449954
-0.24015555555555554
-0.046508333333333325
0.01498333333333334
-0.11315616432178932
0.08204259259259261
-0.14263030303030305
0.16666666666666666
0.026783294483294483
-0.047424814814814815
-0.3584527777777778
-0.10673611111111113
0.10802111592111592
0.03531997354497355
-0.186703716563786
0.22200165343915346
-0.17608666666666664
-0.08009285714285715
-0.07923095238095237
-0.16666666666666666
0.07046666666666666
-0.03966666666666668
-0.0295212962962963
0.07187653642653642
-0.06351310993533216
-0.4626738095238096
0.1138434837092732
0.16056851851851853
0.040306190476190475
-0.09796666666666666
-0.16666666666666666
0.03372271241830065
0.07916666666666666
-0.5896333333333333
0.0
-0.0924611111111111
-0.18390555555555554
0.18769444444444447
-0.2909266666666667
-0.44700039682539683
0.027410052910052916
0.24563456790123453
-0.049999999999999996
-0.13899619047619047
0.006577777777777775
-0.05944172335600909
0.14141515151515152
-0.12037037037037039
-0.01715589225589226
-0.02422150997150997
-0.18225555555555553
-0.06054087301587301
0.0015720164609053695
-0.20904320987654315
-0.0518888888888889
-0.0237890909090909
0.021253262786596117
-0.0229452380952381
0.06208095238095237
-0.3481537037037037
0.06748095238095238
-0.031433333333333334
-0.025361640211640207
-0.01785714285714286
-0.21118333333333336
-0.06871516835016837
-0.08773594771241833
0.17749597069597067
-0.06122745098039217
-0.11695674603174604
-0.048124107744107726
-0.06087222222222222
0.0337720987654321
-0.0898148148148148
-0.23364861111111113
0.26363333333333333
0.0
-0.031353930461073314
0.10484920634920636
-0.037366666666666666
0.1009
0.022747171717171704
-0.02616666666666667
0.24477678371011705
-0.05408333333333334
-0.13173333333333334
0.02315416666666667
0.2597666666666667
-0.4834333333333333
-0.04703931623931623
-0.17371666666666666
-0.11796666666666666
0.01790833333333333
-0.008997222222222231
0.2579962962962963
0.10933333333333334
0.11631574074074076
-0.03526666666666667
0.26995555555555556
-0.05535333333333333
0.06015555555555557
0.1058
-0.03886136363636364
-0.24985
-0.3587037037037037
-0.29
0.10450757575757574
-0.03482502805836138
-0.2741777777777778
0.08306111111111114
-0.03813164021164021
0.013363567649281927
-0.09149206349206347
-0.35246666666666665
-0.06692919501133789
-0.0838288888888889
-0.16458333333333333
0.14748444444444445
0.08159382716049385
-0.027267857142857153
0.045575925925925964
0.08131111111111111
-0.29613333333333336
0.00378888888888892
-0.10698333333333333
-0.24486666666666668
-0.11550844155844155
0.04578333333333332
-0.018358989898989913
-0.1089364758698092
0.14362777777777777
-0.014925000000000003
-0.09056666666666667
0.047620000000000016
-0.06827777777777778
-0.14865555555555557
0.02008666666666666
-0.26807037037037035
-0.28883333333333333
0.04761111111111108
-0.034598989898989886
0.6331333333333333
-0.060034722222222225
-0.0599574074074074
-0.0699267489711934
-0.027276388888888878
-0.46412222222222227
0.050383333333333336
-0.11639682539682539
0.06666666666666667
-0.07388888888888888
-0.01594916225749558
0.033392328042328036
0.0878484126984127
-0.07023862433862434
-0.17666331569664906
-0.1733875
-0.2152888888888889
-0.02140000000000003
-0.0988888888888889
-0.16541161616161618
-0.21553888888888886
-0.17635555555555557
-0.0727816738816739
-0.0709222222222222
-0.0203111111111111
-0.07062857142857144
0.0803375992063492
0.06864166666666667
-0.21086111111111108
0.002404938271604947
0.11043142857142856
-0.040306666666666637
-0.1377308641975309
0.2361055555555556
-0.005893323255228007
-0.37014444444444444
0.06432777777777778
-0.03371746031746034
0.0987972222222222
-0.4902266865079365
-0.009842835765057997
-0.006118813131313137
-0.028507070707070693
0.008530555555555578
0.0800178431426552
-0.05669417989417989
-0.027327878787878807
0.010111772486772514
-0.007571851851851839
-0.14411666666666667
0.04195277777777778
-0.13041201814058956
-0.023866666666666685
0.10211481481481481
-0.09983944444444444
-0.09536666666666667
0.5680230158730158
0.11259444444444443
-0.10154791666666667
-0.015384235517568873
-0.2687809523809524
0.009683333333333335
-0.2543683333333333
0.14998333333333333
-0.0469684126984127
-0.11055625000000001
-0.0816144326866549
-0.041666666666666664
0.17479444444444445
-0.05882333333333336
-0.07854444444444443
0.41548611111111117
-0.1213008658008658
-0.0746751322751323
0.02024999999999999
-0.1459574074074074
-0.06978653198653198
0.21059999999999998
0.010683333333333342
0.20481111111111108
-0.22970185185185185
-0.01237222222222221
-0.008766666666666664
0.11885174603174602
-0.015851206037970744
0.3063166666666667
0.1322888888888889
-0.1279362962962963
0.10401629629629632
-0.04602380952380952
-0.0488
-0.009613333333333326
-0.053980555555555566
-0.048273333333333356
0.03855457875457876
-0.04737361111111108
-0.003755555555555549
-0.14912374939874937
-0.07317971858885838
0.11933333333333333
0.18716666666666668
-0.12453333333333333
-0.16598888888888888
0.09173299663299661
0.10188518518518519
-0.19827916666666667
0.12652698412698413
-0.13343333333333332
0.1688466666666667
0.0326874672793094
-0.037716666666666655
-0.25103888888888887
0.14843333333333333
-0.3465777777777778
-0.2104803418803419
0.06650640589569161
0.07456161616161616
0.17122777777777778
-0.16868333333333332
-0.17279179894179894
0.05163786008230451
0.133575
0.1865750146972369
0.12995277777777778
0.016048148148148162
0.19795555555555558
-0.09345111111111111
-0.004668518518518523
-0.10498280423280422
0.04216515151515151
0.011419988242210452
0.044751851851851855
-0.14704814814814812
-0.08245864197530862
0.022078042328042335
-0.09231666666666666
0.06288412698412697
0.0034422222222222354
-0.02671925925925926
-0.07548181818181819
-0.1250747543461829
-0.16456000000000004
-0.4693740740740741
-0.07269027239816712
-0.3537333333333333
-0.1732916666666667
-0.035035722764889435
-0.08080859788359787
-0.5781666666666667
0.054158333333333336
-0.23602222222222222
-0.263125
-0.2024166666666667
-0.11043333333333331
-0.08438333333333332
-0.138122430655764
0.015753086419753093
0.08905259259259257
0.15304444444444443
0.010722222222222225
-0.2020652777777778
0.07336000000000004
0.05165900673400673
-0.109925
-0.11347989969135804
-0.01208888888888889
0.08835833333333333
-0.06434682539682539
0.04879861111111111
0.12282222222222224
-0.16938333333333333
-0.151595987654321
0.1145829365079365
-0.18064666666666665
-0.08961555555555556
0.10342174823633159
-0.08890729517396186
-0.07728
-0.11564166666666668
-0.02588765432098764
-0.13425746031746033
-0.058903205128205134
0.076
0.0
0.13711666666666666
-0.3647666666666667
-0.217425
-0.1424089285714286
0.08778624338624337
-0.3460511111111111
-0.06226666666666667
-0.05934444444444442
0.0979111111111111
-0.006736195286195272
0.05636666666666667
-0.2635
0.04246825396825397
-0.12615833333333334
-0.28079166666666666
-0.17825000000000002
0.5863333333333333
0.1255035714285714
-0.10221333333333334
0.005900730662635429
-0.11733333333333335
-0.2165
-0.09660886088678487
-0.1388879934879935
-0.23153251028806585
-0.14341357709750566
-0.29498888888888886
0.10933333333333334
-0.408674074074074
-0.12230328282828283
0.03141767676767676
-0.04892151675485007
-0.15753333333333333
-0.1616831746031746
-0.21811913580246914
0.04833664261664261
-0.10756003086419752
0.04676512006512009
0.05186944444444444
-0.12893523809523807
0.09999305555555556
-0.05637000000000001
-0.06307278911564625
-0.020501994301994304
-0.06311777777777777
0.25017222222222224
-0.054266666666666664
-0.3368666666666667
-0.26913333333333334
-0.12852626262626263
-0.059004665704665706
0.10567927144871585
0.0
0.1997965713684464
-0.03367980158730157
-0.23367333333333337
0.07096666666666666
-0.1532226851851852
-0.14661944444444444
-0.13743425925925926
-0.018108333333333334
-0.00867861952861954
-0.10202523902348463
-0.14023563288563287
-0.04326759259259259
0.0762809523809524
-0.026785714285714274
0.14028618459729572
-0.05385555555555555
-0.2838
-0.15377333333333332
0.09985968013468012
-0.04758888888888888
0.02523333333333333
-0.0950375
-0.2018138321995465
0.07168714285714284
-0.010985459183673482
-0.18002222222222222
0.040041414141414156
0.05837222222222222
0.35975694444444445
-0.13746666666666665
-0.06981392287727103
0.21859702380952384
0.23709346801346806
0.26085925925925924
-0.06236047008547008
-0.12175389655767015
-0.14962971781305112
-0.19581666666666667
-0.2874666666666667
-0.076594301994302
-0.0900141975308642
-0.08735555555555553
0.022081428571428575
-0.15411140572390572
-0.15916
-0.13541666666666666
-0.10674811875367433
0.22774141414141413
-0.19467051467051466
0.11157771164021162
0.09790324074074075
0.03942369146005511
0.31278333333333336
-0.11991043503821282
-0.014077915206486621
0.02566051587301586
-0.06547619047619048
-0.039269259259259254
-0.09122698412698411
-0.0901303872053872
0.13520384615384615
-0.05689333333333332
0.19873888888888888
-0.013619999999999993
0.06285460317460319
-0.01119149659863944
0.016685185185185174
0.05006800581573306
-0.1826298478835979
-0.009708994708994742
0.0
-0.10443080567580569
-0.10130000000000002
0.0663274074074074
-0.031371447811447815
-0.06437539682539682
-0.04673744855967077
0.06011666666666667
-0.05984270152505444
-0.17350370370370372
-0.11310185185185184
0.10933333333333334
-0.16666666666666666
0.062012304978971665
-0.35919999999999996
0.021762678062678065
-0.06420620490620489
-0.15482888888888888
0.09640185185185185
0.0
-0.2188125
-0.07552962962962961
-0.05604920634920634
-0.19055185185185186
-0.13765000000000002
-0.1114930402930403
-0.06654224965706447
-0.012898417755991298
-0.22468333333333335
-0.11017333333333333
-0.2548875
-0.134725
-0.0693190476190476
-0.06941561178285317
-0.10985555555555554
0.04588681013028841
-0.026540580407247077
-0.12370555555555555
0.22607291666666665
-0.1138066012407849
-0.025416666666666667
-0.07885724867724865
0.19382663817663817
-0.010556565656565662
0.033611111111111126
0.038223809523809514
0.04061865079365079
-0.028082491582491566
0.05231111111111112
-0.11556018518518518
-0.25605555555555554
-0.07858293650793652
-0.023960504201680704
-0.2288048500881834
-0.03732555555555556
0.08320555555555553
-0.12556913580246912
-0.10301666666666666
-0.06394885361552029
-0.0074577441077441214
0.11113333333333336
-0.0605095238095238
-0.18076666666666666
-0.22361543209876542
-0.10638359788359786
0.035524999999999994
-0.01632996632996632
0.019490079365079366
-0.196631593714927
0.178089417989418
-0.19605155555555553
-0.06531172375382903
0.13955000000000004
-0.14472579365079366
0.10752666666666667
-0.28194444444444444
-0.059575925925925914
-0.07379555555555554
-0.06301333333333332
0.08240924963924963
-0.21287823129251704
0.024033333333333334
-0.1203725925925926
-0.10565694444444444
0.0508460214388786
-0.1386273148148148
0.03939
-0.17135476190476187
0.013727054172679188
-0.10893948412698412
-0.10899679487179488
-0.16739676527176528
-0.25224985754985757
-0.033743181818181804
-0.028948888888888875
-0.1094388888888889
-0.272577380952381
-0.054280555555555575
-0.23971111111111112
-0.06581845730027548
0.09680000000000001
-0.10307499999999999
-0.010498765432098768
0.21103333333333332
-0.03579524212596838
-0.0996047619047619
-0.17371666666666666
-0.023480112044817935
0.05406666666666667
0.17411333333333334
-0.042022222222222204
0.1812646464646465
-0.019153333333333345
-0.006357328385899831
0.4636
0.015078785588309404
0.10968666666666671
0.026046712018140572
0.10035079365079365
-0.14923333333333336
-0.16031857142857142
-0.03278333333333331
0.027844444444444467
-0.08027830687830688
-0.1301809523809524
0.13042460317460317
-0.1642111111111111
-0.08614040404040403
-0.07733333333333332
-0.054655291005290985
-0.23398395061728397
-0.019096969696969696
-0.15295873015873018
0.384725
0.089025
-0.0033338023088022952
0.03776666666666665
0.005949999999999993
-0.2205904761904762
-0.5065296296296297
-0.002733333333333333
0.17266666666666666
-0.11407190476190476
0.07026489040060468
-0.17803968253968253
-0.046338095238095234
-0.021022222222222237
-0.09477569444444445
-0.1501486607142857
-0.15303022432113342
0.0820802721088435
0.14224662698412696
0.0790147947731281
-0.20701666666666665
-0.059096006550768444
-0.026588888888888895
-0.11945185185185186
0.20595185185185183
-0.21735000000000002
-0.19525
0.03378356481481481
0.0876939393939394
-0.124
0.10872274250440916
0.3670055555555556
0.06666666666666667
0.11564444444444444
-0.18919166666666665
0.06566444444444446
0.04344682539682541
-0.01596444444444443
-0.21767777777777778
-0.10423873015873016
-0.033256050298907464
-0.12136805555555556
-0.31799559884559886
0.25923333333333326
-0.31005
-0.08897992424242425
-0.0820929012345679
-0.18996944444444444
0.1514848845598846
0.07077777777777776
-0.08295833333333333
-0.1987151515151515
-0.17988749999999998
-0.07649392097264436
0.11460555555555556
-0.08941208112874777
-0.16338857142857144
-0.09004171075837741
-0.1967579365079365
0.07735
0.1096925925925926
-0.27367160493827164
0.05406666666666665
0.3653321649029982
0.06879523809523809
-0.059645237457218496
0.05204737373737373
0.15328333333333333
-0.09678876016646115
0.07336222222222223
0.18691666666666665
-0.04058484848484847
0.054228343079922005
0.05789777777777779
-0.07603703703703703
0.13220833333333334
0.015242222222222232
-0.06838079365079368
0.027122222222222225
-0.16005000000000003
-0.13739166666666666
0.0803661616161616
-0.01664555555555558
0.0014262786596119976
-0.13002448979591838
-0.08288095238095239
-0.18828518518518522
-0.1394031144781145
-0.14259426112981669
-0.0039955555555555395
-0.1804111111111111
-0.09999999999999998
-0.013717075517075497
0.091725
-0.09871038961038962
-0.087052
-0.09796349206349204
0.028283772387410904
-0.06078884818884819
0.06895589791472144
-0.0447539021164021
0.025048290598290612
-0.027760449735449735
-0.13743333333333332
-0.027021296296296283
0.04178333333333334
-0.11292698412698411
0.04637777777777776
-0.08664326738747025
0.1810333333333333
-0.29802181818181817
-0.066866341991342
-0.07854012345679014
0.10405833333333335
-0.04129872448979591
0.03754999999999999
-0.006938888888888883
0.09585333333333335
-0.19240000000000002
-0.3473151515151516
0.24257037037037035
-0.13328888888888887
-0.16998888888888888
0.13396666666666665
0.1478676767676768
-0.10935041572184429
-0.12756555555555557
-0.07826518518518522
-0.051766666666666676
0.16795000000000002
0.1848
-0.03940000000000001
0.024873099415204675
0.3889
-0.10751534391534394
-0.1527666666666667
-0.09930000000000001
-0.024249999999999994
-0.17171851851851852
-0.004762433862433857
-0.01727777777777778
0.20533333333333334
0.01559925925925929
0.025563541666666672
0.1689004329004329
-0.04406111111111113
0.3885
-0.05205798059964728
-0.2516515873015873
-0.1746888888888889
-0.07027449464116133
-0.2744111111111111
-0.03494792768959437
-0.25043333333333334
0.4922333333333333
-0.056298901098901094
0.15483333333333335
-0.10480329966329965
0.07203492063492063
0.02534187327823691
-0.11164722222222222
-0.15257500000000002
-0.12189382716049384
-0.1299292448292448
0.17500000000000002
-0.2845962962962963
0.22880565656565657
-0.014632613168724273
-0.03724814814814814
-0.1724484126984127
-0.15349006466784246
-0.1668666666666667
-0.09722222222222222
-0.08880999999999999
-0.00953624338624339
-0.1171
-0.057333333333333326
-0.16157500000000002
-0.0950375
-0.07597111111111111
-0.24839999999999998
-0.18499999999999997
-0.20429074074074074
-0.12249255214482486
-0.3340638888888889
-0.038343939393939395
-0.01877097505668933
-0.07466666666666667
0.01783835125448029
0.020553580246913578
-0.194825
-0.14889681429681428
-0.031201818181818154
-0.02999777777777779
0.16463849206349207
-0.01237453229032178
0.06448624338624336
-0.07926646825396826
-0.053517989417989416
-0.2895666666666667
0.1499
-0.07008484848484847
0.14184523809523808
-0.10177777777777779
-0.10951111111111113
0.09953333333333332
0.01648253968253967
0.01060793650793653
-0.006821491301907974
-0.32924567901234564
-0.08348888888888889
0.07977222222222223
0.17049761904761904
-0.03372628968253968
-0.25
-0.06533333333333333
-0.27550317460317464
-0.039368518518518504
0.08965714285714288
0.19251492063492068
0.22434444444444446
-0.011108333333333331
-0.08495449735449735
0.03438585858585858
0.19230831443688587
-0.3006333333333333
-0.3622
0.050133695349484815
0.045533333333333335
-0.08173333333333334
-0.15143796296296294
0.1009
-0.23850000000000002
-0.02888169934640525
-0.08462444444444445
0.15777407407407407
-0.22916666666666666
-0.35246666666666665
0.23582222222222224
0.15582000000000004
-0.043582010582010576
-0.043633333333333336
-0.07356767676767677
-0.10944697145061728
-0.1315147186147186
0.02901048581048578
-0.07912104377104379
0.06455634920634917
-0.0046537037037037085
0.05715185185185185
-0.05056022727272728
-0.08111898148148149
-0.10852796296296296
-0.08333333333333333
0.005814814814814815
-0.11904761904761905
-0.20223333333333335
-0.00019512967875037757
-0.03092222222222221
-0.026681439483985464
-0.004535702783528883
-0.09495411255411257
0.16666666666666666
0.001398484848484834
-0.17079166666666667
-0.144725
-0.11213703703703705
-0.13764722222222223
-0.033096018627836815
0.28436666666666666
-0.025025925925925924
-0.26963888888888893
-0.24862169312169313
-0.264754025974026
-0.1579222222222222
-0.3110439814814815
-0.18509351851851852
0.02096666666666666
0.0
-0.12300833333333334
-0.1003534075118671
0.1598
-0.08112610907610907
-0.2415666666666667
-0.2589888888888889
-0.013465873015873023
-0.15309135802469134
-0.020442592592592596
-0.3313
0.28380976430976435
0.04064444444444445
-0.16225
0.008796536796536811
-0.07760476190476191
-0.04113555555555557
-0.04347847222222223
0.05898333333333333
0.16046929292929293
-0.018864444444444434
-0.065875
0.2665714285714285
-0.04494444444444445
0.11844014088250931
0.018666666666666665
-0.17485968253968254
0.06607999999999999
0.04530666666666668
-0.15488257575757577
-0.1295791967291967
0.0726098765432099
0.03048095238095239
-0.06737041014541015
-0.027000000000000007
-0.0012945019553715353
-0.24859012345679013
0.01898333333333334
-0.04200000000000001
-0.1628553058053058
-0.15781507936507935
-0.0395826278659612
0.15913333333333332
-0.17281666666666665
0.14398055555555556
-0.3650111111111111
-0.034091330891330894
-0.03467592592592591
0.05086049382716049
0.007460762594076122
-0.06904
-0.12720885540036483
-0.0984244005994006
-0.0036010893801965253
-0.02763333333333332
-0.22707083333333333
0.11003707482993197
0.04448472222222222
0.08819722222222222
-0.15576507936507936
0.05429335016835018
-0.13288333333333333
0.03450213293650794
-0.13034351851851853
-0.07942763080540861
0.14638867262004518
-0.10943888888888888
-0.03363690476190476
0.12301666666666666
0.10538333333333333
-0.018420517676767684
-0.2536315235690236
0.21729999999999997
-0.1354796635463302
-0.009444642857142865
-0.14934817460317462
-0.11199999999999999
0.15553176206509542
0.0006055555555555559
-0.05647283950617282
0.10973139730639732
0.01885555555555557
-0.1789611331569665
0.15558412698412696
-0.1277304761904762
0.011977777777777782
0.0618778203106907
-0.01435833333333332
-0.038297049247049256
-0.038297049247049256
-0.038297049247049256
-0.26533333333333337
-0.038297049247049256
-0.24500317460317458
0.40537530864197535
-0.17106407407407406
0.02441666666666666
-0.28563333333333335
-0.17603333333333335
-0.228125
-0.2748111111111111
0.07277460317460317
-0.3325888888888889
-0.15457301587301586
-0.1046183116883117
-0.04492515432098763
-0.1969279365079365
0.03803333333333333
-0.11719999999999998
-0.36333333333333334
-0.07780333333333335
-0.017277777777777753
-0.15806666666666666
0.029516752219229003
-0.16660821869488537
-0.012211111111111117
-0.07953333333333334
0.020780952380952362
0.14335925925925927
0.02840113378684807
0.028703703703703703
0.049972222222222244
-0.16742542794895732
-0.3116666666666667
0.012866666666666667
-0.17801
0.08723428571428571
-0.1817246913580247
-0.18225024420024424
-0.231
-0.37125384615384616
-0.26673555555555556
-0.2470111111111111
-0.1395833333333333
0.0
-0.1350079365079365
-0.07744868312757203
-0.12196269841269841
-0.16105714285714284
0.032969629629629627
-0.4041333333333334
0.036583838383838385
-0.016510258671369765
0.04315
0.09191492063492063
-0.1875
-0.200575873015873
-0.037444949494949496
-0.0767034632034632
-0.14961105935127672
-0.02124999999999999
-0.2043118326118326
-0.06895954415954415
0.08552222222222221
-0.10548743386243388
-0.19508095238095238
-0.132013468013468
-0.2239909090909091
-0.19036996336996337
-0.3575
-0.09712744107744109
-0.028817623117623134
-0.020876190476190454
-0.002554582667107975
-0.2757833333333333
-0.0988755291005291
-0.4746166666666667
0.13396666666666665
-0.30075
-0.010524242424242436
-0.13502592592592594
-0.2508986111111111
0.05676666666666667
0.017608531746031744
-0.12749894179894183
-0.07726296296296298
0.024014285714285728
-0.2823353086419753
-0.0037527777777777763
0.07553888888888889
-0.3704
-0.08616666666666667
-0.022746666666666665
0.03379381914381914
0.02294676928010263
-0.1716333333333333
-0.2200923611111111
0.11061666666666665
-0.1684388888888889
-0.1565857142857143
-0.05510666666666666
0.049237037037037044
-0.4693666666666667
-0.06380886118249111
0.10278783917607448
-0.07608526734365242
-0.20968720238095237
0.012143147079258176
-0.2886396825396826
-0.13782975308641976
-0.16198333333333334
0.022070061728395058
-0.05752222222222223
-0.4622
0.13237777777777782
-0.011706666666666643
0.062449039335150426
-0.19869444444444442
-0.2608722222222222
0.06547777777777776
-0.02619896584896587
-0.03412698412698412
-0.23581896825396823
-0.05348333333333333
-0.05234603174603173
-0.01306666666666667
-0.22199325396825398
0.07920257173382174
-0.05997222222222223
0.03673910371475897
-0.06119545454545455
-0.3948560846560847
-0.3941545454545454
0.17287851851851854
-0.10938236030944364
-0.15645555555555557
-0.046633211233211236
-0.09339325396825399
0.24071604938271607
-0.04911673881673883
-0.12480601851851852
-0.024058333333333334
-0.2414806349206349
-0.24051111111111112
-0.10517444444444445
0.0028736111111111093
-0.021639323275930416
-0.06878681791459572
-0.08055676937441643
-0.04571666666666666
-0.19765174603174604
0.10933333333333334
-0.2559666666666667
0.025216666666666665
-0.1899618612868613
-0.14259396825396825
-0.12570555555555554
0.034333333333333334
-0.2729592592592593
0.11563703703703702
-0.015109523809523804
-0.059182751322751304
0.11645
0.23821780303030304
-0.17942265512265512
-0.1689180537055537
0.0810670634920635
0.06569305555555556
0.13665968253968255
-0.05176748236331569
-0.09043425925925928
-0.027596825396825408
0.05162114577631819
-0.07535079365079365
0.07526848484848482
-0.17756486635058066
-0.05783333333333333
-0.21265925925925924
-0.15663809523809524
-0.2018311111111111
-0.19998333333333332
-0.05131428571428571
0.04147962962962961
-0.19356666666666666
0.08058205128205131
-0.04378333333333334
-0.30676298701298704
-0.15151111111111112
0.20033353174603175
-0.12419646464646465
-0.04648506493506493
-0.09659999999999998
0.007952777777777762
-0.015113541666666674
0.17521111111111112
-0.08158083900226756
0.3196
0.08813024691358025
-0.08888888888888889
-0.0338698051948052
-0.013837500000000011
0.03426666666666667
-0.008059012345679009
0.02608095238095237
0.23968333333333336
-0.2155222222222222
0.16462222222222223
-0.18146666666666667
-0.158604126984127
-0.06959936507936511
0.10200460157126824
0.031093181818181815
-0.18184740259740262
0.0015528717915081688
-0.08600396825396826
0.20146666666666668
-0.14611666666666667
-0.09011666666666666
0.05063333333333333
0.01972460317460319
0.09315043022820803
0.08758333333333336
-0.21227070707070705
0.32749461279461284
0.014600000000000021
-0.1264833333333333
-0.14459285714285716
0.0
-0.03942566137566137
0.009961111111111124
-0.22729646464646466
0.31346666666666667
-0.1104074074074074
0.13773333333333335
-0.021913804713804736
0.028600000000000014
0.20778444444444447
-0.10864791666666668
-0.08421175213675212
-0.1497666666666667
0.14049999999999999
0.08738306878306878
-0.04856111111111111
-0.04459207223752678
0.035076719576719595
-0.06993333333333333
-0.08397882447665055
-0.08006944444444444
0.004299135802469138
0.022516666666666667
0.06768611111111111
-0.16377645202020202
0.10759545454545455
0.009833748202414875
0.31187654320987657
-0.3368666666666667
0.04054675925925926
-0.16645
0.22935925925925926
-0.10100748299319727
0.09955555555555555
-0.4643333333333333
0.14476444444444445
-0.000714814814814807
0.08333333333333333
-0.2908118055555556
-0.156325645342312
0.1764259259259259
-0.04583415167548499
-0.000414111668059045
-0.08226582010582008
-0.10272222222222221
-0.11183888888888889
0.06129523809523807
0.007821247563352812
0.030299999999999994
0.06063777777777777
0.08531111111111113
0.0007889266817838007
-0.021533292633292633
0.030355555555555556
0.012929842873176214
0.06389497354497352
-0.18835111111111114
-0.08043333333333336
-0.19381111111111113
-0.3465722222222222
-0.00893333333333333
0.003366666666666666
-0.04853333333333334
-0.031483465085639
-0.23103333333333334
0.07135396825396825
-0.036152733686067036
-0.7259666666666668
-0.2718185185185185
0.12915714285714286
-0.06918
-0.0030292592592592407
0.0503903318903319
-0.18173345782757547
0.01929053410686064
0.06565
-0.1267457142857143
-0.35423333333333334
0.04623611111111111
0.0016712121212121105
-0.06071915343915343
-0.08393513131118395
0.23066587301587302
0.010733333333333345
-0.15403673469387755
0.1782055555555556
-0.0998335648148148
0.10358333333333336
-0.1711593788156288
0.022796652389350813
-0.04006052481052481
-0.039698418972332006
0.06066666666666665
-0.028170535557632312
0.22051604938271605
-0.32907654320987656
-0.17257911146092966
0.26286666666666664
-0.02610811287477957
0.3929
-0.006291005291005292
-0.10510067340067338
0.04072222222222222
-0.11728482142857144
0.44543333333333335
-0.0736216931216931
-0.03488270345175105
-0.0917711111111111
-0.09898851851851853
-0.020175081884605695
0.0626712962962963
-0.09372619047619046
-0.09810333333333333
-0.2262456131170417
-0.050642857142857156
-0.11940687830687831
-0.09803111111111111
-0.05555555555555556
0.11954666666666668
0.11954666666666668
-0.10597500935278713
-0.02908666666666666
-0.19908888888888887
-0.11996666666666667
-0.007358597883597902
-0.05708088888888891
-0.02036490500240501
-0.12842648966994205
-0.11485111111111113
-0.07505947089947092
-0.023400000000000004
0.017696564304734208
-0.04583333333333334
-0.20671666666666666
-0.04865298786181138
-0.21047619047619048
-0.03356417233560089
-0.19848333333333334
-0.3690805555555556
0.08022222222222224
-0.11305907049907045
-0.10506303030303031
-0.019495238095238104
-0.4076203703703704
-0.18182546296296295
-0.214522962962963
-0.03516198941798942
0.007717313345091116
0.08850555555555556
0.12886392496392496
-0.053355555555555545
-0.05997661782661783
0.0763946208112875
-0.08677777777777777
-0.17147277524484972
0.04458564814814816
0.18350079365079366
0.0309
0.41463333333333335
-0.11690370370370372
0.12766719576719576
-0.14222698412698412
-0.44277083333333334
0.14963015873015872
0.06935833333333334
-0.02806868686868687
-0.32654444444444447
0.04355111111111112
-0.17153333333333332
-0.032042128198080576
-0.24804895833333332
-0.23117555555555555
-0.11318809523809524
-0.21434585437710438
-0.017534640522875844
-0.12904920634920636
-0.13734644746787603
0.13702499999999998
-0.20100211640211638
0.037466666666666676
0.029664715893268523
-0.28778333333333334
-0.10170888888888889
-0.025865608465608467
-0.1786639571878134
-0.22864000000000004
-0.10984949494949493
0.14097724867724867
-0.04608973565015232
0.09113968253968253
-0.14199435626102294
-0.11771333333333334
-0.11589791666666666
0.15933333333333333
0.004319179894179903
0.14781666666666668
-0.19092530864197532
0.11778337112622826
-0.22411469237832873
0.0734932579765913
-0.11930493827160493
0.051849999999999986
-0.0719111111111111
0.012494312169312164
-0.0009866666666666541
0.11558333333333333
0.09110183715461495
-0.2749333333333333
0.026496296296296313
-0.11755441595441594
0.05555555555555555
-0.0003666666666666633
0.09403596278144379
-0.1932425925925926
-0.05797063492063494
-0.106
-0.07704563492063492
0.10314166666666665
-0.2076740740740741
-0.06675185185185184
0.04606666666666667
0.005982098765432102
-0.16724814814814815
-0.2635277777777778
0.003958944251101118
0.11643333333333335
0.03920028860028859
-0.07868888888888892
0.08734920634920636
-0.04652283950617286
0.1310984126984127
-0.1485861111111111
-0.0928021645021645
0.053625
-0.00728095238095237
0.14534444444444447
-0.16168148148148148
-0.019815132275132263
-0.0888888888888889
-0.08220370370370371
-0.0672375
-0.01598061224489795
-0.022483333333333338
-0.07551666666666666
-0.14583333333333334
-0.2089
0.029620740740740725
-0.13799814814814812
0.014386363636363642
0.028198148148148156
-0.14674074074074073
-0.07236507678829109
0.012912962962962979
-0.006409465020576118
-0.0017666666666666757
0.03711587301587301
-0.6088999999999999
0.08651666666666667
-0.09804666666666666
-0.21296666666666667
-0.022280468502690737
-0.009397979797979785
-0.03803333333333333
-0.12805
-0.1157690476190476
-0.08208888888888888
0.10215895061728396
0.2829813492063492
-0.33213333333333334
-0.03194583333333333
-0.24093333333333333
-0.06694872053872057
-0.07068541666666667
-0.12980810485810487
-0.13310000000000002
0.0428888888888889
-0.056540476190476176
0.03535679012345679
-0.05004222222222223
-0.0236111111111111
-0.13333333333333333
0.1780520833333333
-0.09221180555555557
0.010575427812927826
-0.0750276231704803
0.0785
-0.17027242798353912
-0.24005555555555555
-0.18232222222222225
-0.1575666666666667
-0.04911777777777776
-0.04389772727272726
-0.030722601010101002
-0.045980864197530884
-0.02930679012345679
-0.11011752305665351
-0.44530000000000003
0.6416333333333334
-0.027777777777777776
-0.03718250000000001
-0.08436666666666666
0.12657962962962965
-0.07139506172839506
0.00502136056791228
-0.027551566951566964
0.11219509700176367
0.6128888888888889
0.09310555555555555
0.03380899470899471
0.07173333333333333
0.11105787545787547
0.07222500000000003
-0.10669047619047618
-0.024525925925925934
-0.01886458104285485
-0.03282525252525251
-0.45845802469135805
-0.2503166666666667
0.41263333333333335
-0.34732222222222225
0.08333333333333333
0.07148333333333332
-0.05425814814814816
-0.05418571428571428
-0.10246666666666666
-0.17770617283950618
-0.08184722222222222
-0.09104984508955098
-0.002496825396825405
-0.35246666666666665
-0.20691249999999997
0.05704215167548501
-0.406262962962963
-0.02962962962962962
-0.0878131313131313
-0.23723265306122446
-0.3708
0.09870000000000001
-0.15983858585858585
0.08648888888888889
-0.3152333333333333
-0.19174761904761906
0.26887546296296294
0.009315151515151518
-0.04042592592592592
-0.08333333333333333
-0.08445454545454545
-0.004807585470085474
0.06907530864197528
-0.10792962962962964
-0.27369629629629627
-0.10829624819624822
-0.09671090534979426
-0.10353333333333335
-0.029723248520187272
0.06395925925925929
-0.08488
0.06569256535947711
-0.21018888888888887
-0.07301944444444446
0.05622359567901238
0.03961326306543699
-0.3306929292929293
-0.22486985280151947
0.2969333333333333
0.0
-0.16885833333333333
-0.10055731225296442
0.08111111111111112
-0.19616506629441413
0.33726111111111107
-0.2573369312169312
-0.3876833333333333
0.15852959183673468
-0.1222111111111111
-0.053644444444444446
-0.10330408684546614
-0.14908972222222225
-0.26514814814814813
-0.13526584362139918
-0.08079933031720472
0.34918333333333335
-0.1117929012345679
0.08658055555555555
0.22809444444444446
-0.04689724066057399
-0.059467619047619054
-0.0932022222222222
-0.18579999999999997
-0.19618888888888888
-0.17862407407407407
-0.1378111111111111
-0.16569444444444445
0.12800000000000003
-0.16
-0.14197333333333334
0.012064368320890048
-0.06058901515151516
-0.2434037037037037
-0.14785728747795412
-0.030576147439305323
-0.14462777777777777
-0.1640484126984127
-0.02499971139971141
0.07799898989898991
-0.08708113553113551
-0.18201694413268488
-0.04566043320105819
-0.07888148148148146
0.02190555555555555
-0.22073333333333334
-0.2323326278659612
-0.3895609053497943
0.024447619047619062
-0.16642842712842712
-0.12412186948853617
-0.17500000000000002
0.14967499999999997
0.08685257936507938
-0.4097444444444444
-0.11427256235827661
-0.43194285714285713
-0.14286666666666667
-0.122400777058791
0.042767544492544496
-0.08403641975308644
-0.040859444444444455
-0.1022519756838906
-0.049606481481481474
-0.107106734006734
-0.05406444444444444
0.019587500000000008
0.013322619047619041
-0.05563924162257496
-0.15202222222222225
0.1113627604166667
0.056174346641013305
0.1678772486772487
0.08367850056689342
0.5193
-0.14649823045267488
-0.10185185185185186
-0.39591666666666664
-0.007463095238095231
0.10831851851851855
-0.18751296296296296
0.017730124372981538
0.01172777777777779
-0.09044166666666664
-0.041096272246272235
-0.0172
-0.025733333333333334
0.18790000000000004
-0.06288271604938273
-0.18045555555555556
-0.010790793650793634
-0.008822947158661443
0.23973333333333335
0.12040000000000001
-0.017210479797979794
-0.07100617283950618
-0.1513958333333333
0.11848333333333333
-0.20172876984126983
-0.009811111111111112
-0.049496296296296295
-0.16518333333333332
-0.008783333333333332
-0.11216666666666668
-0.10079985143482682
-0.02757462566548066
0.3349333333333333
-0.09650555555555555
-0.06853888888888889
0.13369259259259256
-0.09336909722222224
-0.004506290417401517
-0.07623333333333333
-0.17443481481481482
0.02784129677729678
-0.05924691358024692
-0.004800593233926546
0.16747222222222216
-0.1519024691358025
-0.12982013888888888
0.08594646464646465
-0.16397037037037035
-0.02291666666666667
-0.0682333012666346
-0.21059999999999998
-0.21806388888888892
-0.08375510662177328
-0.4117
-0.17075462962962962
-0.02023580246913581
-0.038453791887125256
0.12630833333333333
0.02803968253968252
-0.05275277777777778
0.054459863945578224
-0.25791111111111115
0.010855555555555582
-0.1701
0.020113888888888893
-0.26850666666666667
-0.06357142857142857
0.057166666666666664
-0.03759506172839505
0.09084681484856923
-0.035140246913580246
0.05467638888888889
0.02702638888888889
-0.09989999999999999
0.5474333333333333
-0.030917502309565786
0.044419191919191935
-0.06684021164021163
0.04774761904761904
0.01802402597402597
0.013694495980210256
-0.003613888888888898
-0.09790648148148147
-0.12719166666666668
-0.43516666666666665
-0.03194026434421349
-0.17853680555555554
-0.20607839506172843
-0.05887070707070707
-0.04586071428571429
-0.10615000000000001
-0.14398038548752834
-0.32715
-0.1141124118165785
-0.14362182539682541
0.46764629629629634
0.04717666666666667
0.009905060988394295
0.20101111111111114
-0.5368055555555555
-0.09568888888888889
0.0999420274170274
-0.03509629629629631
0.14836983575837742
-0.05541999999999999
0.08267264765885456
-0.09961666666666667
-0.18317777777777774
0.1047251851851852
0.055662500000000004
0.1497977777777778
0.09717261904761904
-0.04367959870817014
-0.12025000000000001
0.23297333333333337
-0.39630000000000004
-0.09048888888888888
-0.07239488536155203
-0.15481117424242424
0.18270634920634923
-0.1250509259259259
-0.12375000000000001
0.03608553791887126
-0.12441666666666666
-0.12432222222222221
-0.38471111111111106
-0.0452
-0.37820000000000004
-0.17830925925925925
0.060484523809523814
0.00785555555555558
-0.24727222222222223
-0.08478076923076926
0.028238461538461546
-0.12794126984126983
-0.003955325987144154
0.09057037037037037
-0.20624166666666666
0.16316761904761903
0.0664347923681257
-0.07194197530864195
0.06248159371492704
-0.039983333333333336
-0.1910271645021645
-0.24047481481481484
0.5140555555555556
-0.09515740740740741
-0.28342
-0.8749666666666668
-0.012571387342815927
-0.061415238095238106
-0.2610610149110149
0.03220103174603173
-0.023306580687830692
-0.0650928297755884
-0.07055137566137565
0.04655238095238098
0.037917755991285405
-0.4477333333333333
-0.07291666666666666
-0.01817777777777779
-0.01417567271160911
-0.18910000000000002
-0.32803333333333334
-0.019855555555555553
0.09770277777777779
-0.05143148148148149
-0.11792499999999999
0.06673256373256375
0.07445810185185182
-0.10411111111111111
-0.13425555555555557
0.05584074074074074
0.006439279415469888
-0.06587529761904762
-0.004717685185185211
-0.02720115568954856
0.5575666666666667
-0.0721278787878788
-0.0132805996472663
0.0
-0.3590263888888889
-0.06167013859156717
-0.03374603174603174
-0.33863333333333334
-0.14971728395061729
-0.0759769312169312
0.16666666666666666
-0.16338835978835978
0.06780333333333334
-0.13333333333333333
-0.12462588383838384
0.028237037037037043
0.04659050505050503
-0.021915873015873
-0.10591190476190476
-0.1785751322751323
-0.23755
-0.13888888888888887
-0.10246666666666666
0.02287962962962964
0.04964166666666667
0.0
0.06276666666666667
-0.07978333333333332
-0.04491950323339213
0.046213250233956005
0.05001944444444445
0.10033333333333334
-0.08991111111111111
0.2614083333333333
-0.02349596419325983
0.20040707070707073
0.20413333333333336
-0.09964053287981857
-0.01807529761904762
-0.08559223484848484
-0.030130555555555546
-0.21526501795162511
0.09766141414141412
-0.12064623148148146
-0.1418703703703704
0.006366666666666697
-0.050305185185185175
-0.11726570885904218
-0.13013333333333335
-0.03209087301587301
-0.12445555555555556
-0.24859333333333336
0.03453582766439908
-0.04330185185185184
-0.1166719095719096
-0.015168904922238241
-0.17260846560846566
0.19227916666666667
-0.07252497911445278
-0.04831333333333332
0.009571240702400128
-0.027697069597069593
-0.0896156177156177
-0.04981728395061729
-0.15676111111111113
0.07222222222222223
0.039642222222222225
-0.20193425925925923
0.010108886929257285
-0.019367390289449126
-0.0756626984126984
0.2101259259259259
-0.28918333333333335
-0.0020285425685425684
0.5147333333333334
0.03237499999999999
-0.0368825396825397
-0.12350555555555555
0.15934444444444443
-0.16614
0.004069858906525577
-0.15432222222222222
-0.09685061327561327
0.004255303030303026
-0.0020722096245905652
-0.003977655677655678
-0.04211370851370853
0.12058333333333333
-0.03439183011775606
-0.1579492063492063
-0.03946666666666667
-0.1547604938271605
-0.0782952380952381
0.012573809523809524
-0.05027949494949496
0.06342592592592594
-0.0964
-0.11060617283950619
-0.05277857142857143
-0.4786530864197531
0.5356238095238095
-0.08217037037037035
-0.10458333333333332
-0.033099537037037045
0.002494444444444447
-0.05637777777777778
-0.16148333333333334
0.2922777777777778
-0.3297777777777778
0.09113989417989417
0.22175824915824918
-0.2846111111111111
-0.04368628472222222
-0.4179777777777778
-0.02559400871459695
-0.22155479129923575
-0.17391262626262627
-0.11918333333333332
-0.11098888888888891
-0.0739030303030303
-0.10796990740740742
-0.10115448532948533
0.025522431441712456
-0.04875941987906276
-0.2050826278659612
-0.0984
-0.0997648148148148
0.014649999999999996
-0.221175
-0.08123194444444444
0.38606060606060605
-0.03244139660493827
-0.25349926538108364
-0.1305925925925926
0.13512089947089947
-0.05935555555555556
-0.26473703703703705
-0.09188888888888891
0.2326611111111111
-0.045597817460317436
-0.06745759637188208
-0.3430685185185185
-0.22757622574955907
-0.07163333333333331
0.0037111111111111095
0.10009251859251861
0.119025
-0.0009629629629629757
-0.029814814814814822
-0.3256196355085244
-0.08656213466868228
-0.003962962962962964
-0.06286028693528695
-0.1381592592592593
-0.18243061728395063
-0.1557111111111111
0.00398753086419754
0.26804999999999995
-0.03416666666666667
0.2331679012345679
0.10062794612794611
-0.02192550264550265
-0.25976666666666665
-0.09952380952380953
-0.050894444444444444
0.02866868686868688
-0.021990211640211643
0.016666666666666666
-0.11060370370370369
0.023020000000000013
-0.12466610229276893
0.01720178571428571
-0.005631746031746025
0.005733333333333333
-0.0652769230769231
0.0
-0.14285238095238095
-0.04029126984126983
-0.10195291806958473
-0.06636413690476191
0.02745092592592593
-0.07510402591235926
-0.16666666666666666
0.14290386243386244
-0.20187201159951162
0.05668214285714283
-0.12675555555555554
-0.1678888888888889
0.09473333333333334
-0.05508303229337711
-0.08669166666666667
0.01942222222222223
0.04340740740740743
0.2016
-0.13625833333333334
-0.03797979242979243
-0.12575757575757576
-0.09642004292004291
0.10366172839506173
-0.23702222222222225
-0.5905666666666667
-0.08743690476190476
0.017229166666666667
-0.03617222222222222
-0.04370787771898882
0.025496969696969716
0.04609212962962963
-0.2151166666666667
-0.004984906204906214
0.04802915163540163
-0.07745460317460319
0.2764814814814815
0.10206666666666668
-0.1397988888888889
0.00711295133627556
-0.02824761904761905
-0.21110666666666666
-0.0574952380952381
0.1954888888888889
0.11513333333333332
0.01766666666666668
0.020506552706552716
-0.033416930648617005
-0.3469441558441559
-0.05728518518518517
-0.13541666666666669
-0.002468938003443092
-0.0311
-0.00844680134680135
-0.16666666666666666
0.07280972222222222
-0.163274202340869
-0.30925242905242906
-0.03155238095238094
-0.09958333333333334
-0.16972586980920315
0.3708
0.019144444444444447
-0.005781481481481471
-0.24053055555555555
-0.1871283950617284
0.09926137566137565
-0.059858333333333326
-0.1162214814814815
0.23748333333333335
-0.003579999999999995
0.00936666666666667
0.045532142857142854
-0.0581375
-0.16096031746031744
-0.29031666666666667
0.09313333333333333
-0.06845984848484848
-0.05854222222222222
-0.13401666666666667
-0.13436666666666663
-0.11512666666666667
0.006989826839826833
-0.14955
0.0005523809523809547
0.08356814814814818
-0.17968918518518517
0.02248928571428571
-0.12040000000000001
-0.12040000000000001
-0.06730460009761481
-0.11365257936507937
-0.07264451851851851
-0.02438160707605151
-0.18176666666666666
-0.054559226190476186
-0.3196
-0.0882241798941799
-0.2654601036823259
-0.11665006858710562
-0.1312878787878788
0.14561785714285713
0.058022222222222246
-0.17400620490620491
0.03854656084656083
-0.21557857142857142
-0.1626351851851852
-0.24457037037037035
-0.07524880952380951
-0.052083333333333336
-0.019288744588744567
0.10933333333333334
0.2927444444444444
0.0
-0.40726666666666667
0.09091111111111112
-0.05361333333333332
-0.06703439153439153
0.035052046783625744
0.006592352092352094
0.34957619047619043
-0.14285238095238095
0.23380555555555552
0.009066666666666667
-0.01114224664224663
0.05608333333333334
0.061455000452222665
-0.14393333333333333
0.023498741382074705
0.0
0.14057777777777777
-0.08562842805449127
-0.08822222222222222
0.09331496598639455
-0.2183675925925926
-0.06995282186948854
-0.47655000000000003
-0.27405
-0.12792916666666668
-0.07172634920634922
-0.11666666666666665
-0.006000264550264547
-0.27585
-0.05355925925925925
-0.06984478114478114
0.034068114478114475
-0.22581709401709402
-0.05941369248035915
0.21091111111111108
-0.05598958633958636
-0.06623418803418805
0.1309494547597996
-0.06309602821869488
0.09101206349206349
-0.07409999999999999
-0.10740740740740741
-0.0946
-0.10721234567901235
-0.06366296296296295
-0.28055555555555556
-0.14558395061728394
0.26446134920634917
-0.2521929292929293
0.041077777777777776
-0.16718333333333332
0.10418222222222225
-0.22505555555555554
0.08916464646464646
0.21873333333333334
-0.008874074074074081
0.06215925925925925
0.16688333333333336
-0.03214583333333333
0.06651851851851852
0.0863679012345679
0.008426666666666657
0.019811111111111095
-0.27666666666666667
-0.05620833333333333
-0.26330000000000003
-0.1346549206349206
0.47307777777777776
0.07226415343915343
0.09336363636363637
0.03743472222222222
0.013242483660130719
0.05548653198653195
-0.21765154320987654
0.05548653198653195
-0.052460978835978854
0.09866666666666667
0.12390444444444444
-0.17228796296296298
0.1108095238095238
0.044233333333333354
-0.21650370370370373
0.015783333333333333
0.02890909090909091
-0.14012716049382715
-0.16666666666666666
0.025368518518518512
-0.30093333333333333
0.004933333333333329
-0.07967777777777778
-0.12036285714285712
0.05819592592592593
0.10632222222222222
-0.021933333333333343
6.481481481479072e-05
0.01591111111111111
-0.09888933933933934
-0.26676666666666665
-0.00871851851851851
-0.15644047619047619
-0.017735873015873
-0.26487301587301587
-0.0829327160493827
-0.1731666666666667
0.05440962962962964
0.13236444444444442
-0.11705918367346939
-0.2989656084656085
0.05735246449456974
0.02061994047619048
-0.010053839987173333
-0.1777296296296296
0.026466666666666677
0.4953
-0.09300714285714286
0.05233497835497838
-0.02873333333333335
0.04335587024933432
0.20445899470899467
-0.3537333333333333
-0.16851619047619049
0.06848888888888892
-0.17172777777777778
-0.0005742504409171114
-0.16439958847736627
-0.45413333333333333
0.09106666666666667
-0.40009999999999996
-0.18375
-0.02553333333333334
-0.09083296296296296
0.047988888888888886
-0.18948333333333334
-0.09834938271604937
-0.38020000000000004
0.05182010582010582
0.06762951205173429
0.06354588744588745
0.11181162171162169
-0.2518925925925926
-0.1745
-0.2049979591836735
-0.08358888888888888
0.0031848214285714327
0.11043333333333333
-0.11735185185185183
0.09060000000000001
-0.0821771277741866
0.25928703703703704
-0.02134537972315749
-0.2417686609686609
-0.05870833333333333
0.03582539682539684
0.16666666666666666
0.12127460317460319
-0.08634186948853617
-0.11501111111111113
0.007818578643578655
-0.07675578231292517
-0.08813333333333334
-0.10910000000000002
0.023790972222222224
0.2577333333333333
0.18640879629629628
-0.17016168831168832
-0.01245209876543212
-0.1426875
-0.12766666666666668
-0.3020481481481481
-0.04248518518518518
0.015000000000000013
-0.028250000000000025
-0.16332539682539682
0.0
-0.11199999999999999
-0.008700703630217512
-0.16243999999999997
-0.14363737373737373
0.06363333333333333
0.09330047619047617
-0.009723673857007176
0.0
0.21252444444444443
0.30611666666666665
-0.03832739956888104
-0.24587222222222224
0.0255777777777778
-0.21584427609427612
-0.03179624017957353
0.015932804232804243
-0.1666728540305011
0.01588000000000003
-0.14448919552669554
0.29274285714285714
0.04857769016284643
0.13201893004115225
-0.045003566529492466
-0.01012676080533223
-0.07823456790123458
0.0018915824915824997
-0.23254444444444444
-0.5101111111111111
-0.063475
-0.13291904761904763
0.10365833333333334
-0.07804251207729469
0.008405555555555555
-0.12950222222222224
-0.053027160493827184
0.043666666666666666
-0.14850148148148148
0.019376543209876567
-0.16666666666666666
-0.12226285714285716
-0.29334444444444446
-0.14431208397337433
-0.01995277777777778
-0.19393650793650796
-0.09487175324675323
-0.03809828042328043
-0.4456333333333333
0.038277181871626306
-0.16033983371126226
-0.2963
-0.17295484848484852
-0.052083333333333336
-0.01628518518518517
0.006920296296296304
-0.012822727272727283
0.15985555555555558
-0.0021313011063011276
0.03802644770688248
0.012758333333333335
-0.019830555555555556
-0.017578542167708835
-0.025090123456790108
-0.4115666666666667
0.39817777777777774
-0.10652698412698412
-0.019775555555555557
-0.023527228455006242
-0.08463492063492062
0.07439047619047617
0.12287034632034637
-0.2709095238095238
-0.21315185185185181
-0.18345740740740743
-0.007522222222222226
-0.21162444444444448
0.10160251322751325
-0.47726031746031744
0.038147474747474784
-0.13411861471861475
-0.0247888888888889
-0.16184761904761905
0.06261666666666665
-0.06710953541260557
0.003738888888888884
-0.09970449735449737
-0.35441111111111107
-0.13845906432748536
0.07765
0.04480555555555554
0.17485277777777783
-0.05461666666666667
0.17147619047619048
-0.05662136752136752
0.11969999999999999
0.3940730158730159
-0.0686324074074074
0.043031890331890345
-0.3408975308641975
-0.05408521051058931
-0.1590138888888889
-0.07022763532763533
-0.27196666666666663
0.35072398989898995
-0.17401999999999998
0.20945925925925926
0.05466666666666667
0.10906296296296296
-0.08212962962962962
0.01460636810279666
0.4134
-0.19235
-0.1441111111111111
-0.17609166666666667
-0.026488888888888878
-0.2172166666666667
-0.03089666666666667
-0.3066964726631393
-0.13294666666666663
0.05643888888888889
-0.14881666666666668
0.0763849206349206
0.010285185185185184
0.15794074074074077
-0.08903344556677889
0.02153333333333333
-0.07161015873015873
0.36223333333333335
-0.1805314814814815
-0.0669945054945055
-0.11386296296296296
0.2143111111111111
0.022068974014336894
0.025332291666666663
0.034
-0.03937841581076877
-0.10234000000000003
-0.03717777777777779
0.07290833333333334
-0.008137383863699657
-0.5082833333333333
-0.12914430079724196
-0.031590476190476176
0.03834285714285712
-0.047684250669964956
-0.06085796590241035
0.002690235690235678
-0.14884550264550261
0.20186666666666664
-0.1453774665421724
-0.1765018365472911
-0.0978861111111111
0.03719574915824917
0.05178333333333334
-0.035267701863354046
0.02608148148148148
-0.0997057794057794
-0.16666666666666666
0.13884801346801348
-0.035842517006802715
0.09878333333333333
0.19393333333333332
-0.08816904761904763
-0.025864285714285683
-0.02267407407407407
0.11340987654320989
0.1903
-0.11199999999999999
-0.04075
-0.07593645378879298
-0.10527777777777776
-0.4923666666666667
-0.48125
0.05501018518518519
0.011243771043771042
-0.05190895915678523
-0.16666666666666666
0.01616666666666667
-0.10746666666666667
-0.07371164021164024
-0.15057099792568543
-0.13775185185185182
-0.04749590643274856
-0.172715873015873
0.035485185185185154
-0.16051678222571084
-0.09340257936507934
-0.008899999999999983
-0.3768185185185185
-0.13125
0.05862382716049382
-0.11989999999999996
0.3858
0.0068215277777777805
-0.041731746031746036
-0.07811109960892572
-0.13905151515151515
0.33102539682539683
-0.443975
0.17606666666666668
-0.057333333333333326
-0.24453737373737372
0.4882250000000001
0.06788611111111113
-0.0646333333333333
-0.21380606575963723
-0.03438199588477365
-0.08536239316239314
0.022655555555555578
0.1688459595959596
-0.36743333333333333
-0.09686898148148149
0.08983741496598636
0.03536203703703702
0.15542444444444445
-0.09494458874458873
0.004860000000000013
-0.09279907407407408
0.04633999999999997
-0.10288888888888888
0.11969999999999999
0.03986666666666664
-0.28990046296296296
0.0065462962962962905
-0.21222962962962963
-0.06366666666666666
-0.022020370370370357
-0.11811666666666666
0.13883492063492067
0.13768777777777777
-0.04489697413697415
-0.05082663139329805
0.2743506802721089
-0.18406754850088183
-0.05126913580246914
-0.05964999999999998
-0.3730777777777778
0.023073968253968246
0.0937851851851852
0.27325333333333335
-0.20899126984126984
-0.18133333333333335
-0.0702
-0.24493762626262627
-0.12909341563786006
0.07886666666666668
0.05923214285714285
-0.041425252525252525
0.076
-0.07892777777777778
-0.2558037037037037
0.1517666666666667
-0.1585307112640446
0.128975
0.08776888888888885
-0.02930606060606061
-0.23972777777777776
-0.2328037037037037
-0.24308518518518518
-0.10720004409171074
-0.1864388888888889
-0.12430413105413107
-0.22299166666666667
0.11333333333333333
-0.154101278659612
-0.003810545186735672
0.033377777777777784
0.005622222222222223
-0.018946031746031756
-0.1198351851851852
0.06639458689458692
-0.021826666666666678
-0.002738333333333324
-0.25045
0.12847037037037037
-0.365974074074074
-0.05358333333333334
-0.3751229166666667
-0.05379166666666666
-0.1875
-0.3463333333333334
-0.042937435802966585
-0.21274462962962962
-0.25379999999999997
-0.008301538461538449
-0.12809103641456585
-0.046668181818181775
-0.06944444444444446
-0.15435888888888885
-0.12413666666666666
-0.1637790764790765
-0.3313
0.32348181818181815
-0.1272397222222222
0.18896825396825398
0.0428909090909091
-0.08597962962962963
-0.11468
-0.08178888888888888
0.14464814814814814
0.17415925925925924
0.22939999999999997
-0.031348148148148146
0.34760555555555556
0.18579037037037038
-0.1483485008818342
0.04157222222222225
-0.07553987093153762
-0.21013088897634355
-0.22005432098765434
-0.3196
0.022524669980225537
-0.11156296296296299
0.03533481481481482
-0.14338675595238096
0.14143333333333338
-0.03602592592592594
0.22022592592592596
-0.049856315289648616
-0.06698333333333333
-0.3082009259259259
-0.06403111111111108
-0.16362345679012347
-0.1232037037037037
0.006036507936507937
-0.02921180137444505
-0.0993440645773979
0.3002
0.00926326530612244
-0.07964708816560669
-0.029087729906777538
-0.14054207978401526
-0.024441666666666664
0.2934
0.29854285714285717
0.010599999999999998
0.06831111111111111
0.28507104377104375
0.04552287006974507
-0.2421920634920635
0.03408694885361552
-0.25986243386243385
-0.09289204244829247
0.10577685185185186
-0.0571015873015873
0.3789666666666667
0.08061333333333336
-0.07601999999999999
-0.0570494252873563
0.02736574074074073
0.12869814814814817
0.15408415637860082
0.018328512639623745
-0.012718749999999996
-0.0034061728395061628
0.0075794351381308035
-0.03970254629629629
-0.007822839506172866
-0.4223875661375662
-0.3011
0.1712861111111111
0.04566790123456791
-0.24256666666666668
-0.037388888888888895
-0.0018024087024086876
-0.05673333333333334
-0.12279523809523808
-0.022611688311688305
0.11186444444444443
-0.16736175778953558
-0.06886984126984129
-0.08333333333333333
0.06205185185185184
0.0309
-0.07106464228203359
0.23430000000000004
-0.1466857253857254
0.10747215608465611
-0.08753453410421003
-0.034848258091115254
0.08544242424242425
0.1105016687016687
0.14302499999999999
0.18020370370370373
0.01116230158730159
-0.13527481481481482
0.19122499999999998
-0.022164814814814793
0.3072925925925926
0.08215482202982204
-0.043971639471639457
-0.0423522152744375
-0.13021975308641973
-0.13165887445887448
-0.03441111111111112
0.054489218717790146
-0.023573356070450163
-0.11376516075388025
0.012936666666666674
0.13014722222222222
-0.026313960113960116
-0.3334
0.02235763668430336
-0.07786795162509448
0.021150000000000002
0.01380863095238094
-0.0680739393939394
-0.19001333333333337
0.10612295667295668
-0.033411851851851825
-0.06499955648926237
0.12088482603815938
-0.028688888888888885
-0.01292541152263372
-0.030526948439851653
-0.12290617283950615
-0.12680338624338625
-0.2697811965811966
-0.0022460317460317506
0.2556888888888889
0.04073088023088023
-0.0018488888888889
0.07105132275132275
-0.08866322751322753
0.25312962962962965
-0.13798209876543208
-0.16047901234567902
-0.033322222222222225
-0.012717283950617275
-0.28402383665716996
-0.10653442932728645
-0.017882222222222226
-0.041213333333333324
0.15382777777777779
-0.1910126984126984
0.17355
-0.14289753086419751
0.10358888888888888
-0.29344166666666666
-0.07548893637226968
-0.004406525573192229
0.02152592592592593
-0.14710592592592592
0.07799404761904762
-0.09642817460317461
0.091625
-0.16666666666666666
-0.18413333333333334
0.29342962962962965
0.10728333333333333
-0.04127083333333333
-0.02154347952242688
-0.03705185185185184
-0.4453333333333333
-0.06446666666666666
-0.23997777777777776
-0.1627952380952381
-0.05195601851851852
0.014799999999999999
-0.047825957992624644
0.18886137566137562
-0.16078418577307463
0.09197714285714287
0.0011333333333333195
-0.16666666666666666
-0.042804166666666664
-0.15876333333333334
0.1407
0.3557777777777778
0.0062000000000000015
-0.048451500297088536
-0.11730507936507935
-0.10320502645502644
-0.058319444444444424
-0.11198148148148146
-0.02345873703016561
-0.09094888888888887
-0.01883919753086419
-0.09166666666666666
-0.03806111111111111
-0.22266666666666665
-0.0910281746031746
0.09225
-0.42483333333333334
-0.13222927350427352
-0.08895777777777779
0.05989417009602196
0.015289880952380949
0.05548640350877194
0.017361111111111112
0.023874074074074065
-0.08706543209876542
0.1501019047619048
0.22924444444444445
0.17648293650793648
-0.11502755102040817
-0.08145333333333332
0.20657999999999999
0.06666666666666667
-0.11105833333333333
-0.1822984126984127
-0.002256902356902355
-0.3035333333333334
0.0827375
0.13684166666666667
-0.16908794871794872
-0.6239666666666667
-0.20572781518892633
0.04562777777777779
0.32503333333333334
0.1870666666666667
0.14180606060606063
-0.22168444444444443
0.03511095238095238
0.04545555555555553
0.020718702173247602
-0.3789666666666667
-0.11826666666666667
-0.07090666666666666
0.004242592592592603
-0.052462962962962954
0.08593333333333335
-0.16666666666666666
-0.08887555555555555
-0.0006666666666666673
0.0046250000000000084
0.31995
-0.05243333333333333
-0.1576872053872054
-0.08670338164251208
-0.177725
-0.2315222222222222
-0.05424444444444445
-0.06620555555555556
-0.09468333333333334
-0.0020000000000000018
-0.11870952380952382
-0.39266666666666666
0.03834811327561329
0.0
-0.18371494708994707
0.13655555555555554
-0.06051358024691358
-0.06213562610229276
-0.029566666666666668
-0.10040974025974025
-0.05656732804232805
0.11638333333333332
-0.04258518518518517
0.04591111111111112
0.13111506172839507
-0.17046666666666668
-0.01713280423280425
-0.2313388888888889
0.03919666666666666
0.27861851851851854
-0.1418611111111111
-0.11441579743008314
-0.23255238095238098
-0.31505
-0.10297283950617282
-0.03469999999999999
-0.09131386884720216
-0.20033333333333334
-0.05131072124756334
-0.028566255144032937
0.1164102777777778
0.3185777777777778
-0.18075555555555556
-0.19330555555555554
0.30446666666666666
-0.09497222222222222
-0.39511111111111114
0.061759829059829095
-0.15469999999999998
-0.10515833333333334
-0.14433108866442199
-0.038977777777777764
-0.002924424803591452
-0.060687777777777764
0.00021333333333332463
-0.0809
-0.1176895061728395
-0.12467241715399612
-0.08937037037037036
0.03333333333333336
-0.15869727891156463
-0.18438507936507934
-0.14653174603174604
-0.1664875387702974
-0.14297596371882088
-0.1291441287878788
0.26450818876596655
-0.022473333333333335
0.06777407407407408
-0.00313333333333334
-0.46787222222222224
0.10778395061728396
0.1547130735930736
-0.09954159318048206
0.04978682539682539
-0.21740833333333334
-0.29511728395061726
0.075085498664809
-0.056776643990929694
0.19464955908289241
0.0070986385717379625
-0.015133333333333332
-0.19823333333333334
-0.3114166666666667
-0.2873583333333333
0.12690909090909092
0.09375455614344508
-0.17460317460317462
-0.16666666666666666
-0.44073333333333337
-0.16559259259259262
0.10584761904761904
-0.07040982142857143
0.07487619047619047
-0.14525000000000002
0.032891111111111114
-0.03923333333333334
-0.01102410843125129
0.0008055555555555594
0.08680666666666666
0.04451111111111113
0.35471111111111114
-0.06429023569023568
-0.18579999999999997
0.04082840909090909
-0.08959555555555555
0.059849999999999993
-0.04095851851851854
-0.14881404788627012
-0.11250079365079364
-0.0566894276094276
0.08264007936507937
0.026646996576408327
-0.07376666666666666
-0.10944000000000002
-0.06975110488639898
0.0
0.05439444444444445
-0.14448055555555556
-0.11582520549409438
-0.0593468253968254
-0.013399682539682517
-0.032915555555555545
-0.1233577601410935
-0.14864000000000002
-0.3921370370370371
-0.257675
-0.2096761904761905
-0.15355396825396825
0.029501811768478454
-0.16238462846677132
0.18485158730158732
-0.12524126984126982
0.008600000000000016
0.09607089947089946
0.18323333333333333
-0.0004964561582208663
0.0781
-0.1333
0.17174444444444448
-0.10325
0.01855000000000001
-0.025544444444444453
-0.017744444444444438
-0.32535000000000003
0.036183333333333345
-0.24968888888888888
-0.07407870370370369
-0.05368333333333333
-0.21375864197530867
0.06356597222222223
-0.03553444444444445
0.001988888888888892
-0.16666666666666666
0.0765949494949495
0.3525666666666667
0.12774722222222223
-0.036411111111111095
-0.07882666666666666
-0.10765925925925927
-0.15747037037037034
0.02046458333333334
0.02046458333333334
0.02046458333333334
-0.04533333333333334
-0.014205555555555555
-0.07428422318422317
-0.005300692029898371
-0.10170121212121212
-0.1543404761904762
-0.18863518518518518
-0.07060740740740738
-0.10000000000000002
-0.065125
-0.34755851851851843
-0.4701444444444444
-0.06521296296296296
-0.07646666666666667
-0.15533686868686872
-0.19128749999999997
-0.125
-0.08185200577200577
0.027643366402116416
-0.013761728395061732
0.12761944444444442
-0.14809111111111115
-0.15846190476190478
-0.27266913580246915
0.008680246913580242
-0.07246666666666667
-0.17416543209876542
-0.057183333333333336
-0.09461616161616161
0.017440375939849633
-0.12921798941798943
0.005577777777777788
0.013933597883597887
0.10614000000000003
-0.14122939814814814
-0.10194074074074073
-0.12849021164021165
-0.09595631313131313
-0.0872888888888889
0.01709082190957191
-0.03863295436667285
-0.7415333333333334
0.37818730158730157
-0.3008222222222222
-0.16684444444444446
0.038316666666666666
0.0870341352117668
-0.1854555555555555
0.0037314814814814654
-0.02914968253968254
-0.052940493827160484
-0.10962354497354498
-0.24978333333333333
0.05568888888888889
-0.15085540123456792
-0.34570000000000006
-0.25254000000000004
0.0242116402116402
0.1794263794406652
0.07392222222222221
0.05206904761904759
-0.011785185185185185
-0.16343968253968255
-0.023319812823576258
-0.05632968841857732
0.06050416666666669
0.2557122354497354
0.1046888888888889
-0.0036694444444444474
0.05293333333333335
0.021506746031746033
0.06814999999999999
-0.01785714285714286
-0.005859365004101863
0.0015017316017316013
0.09045567765567768
-0.18047499999999997
-0.21610555555555555
-0.08406584362139918
-0.47857037037037037
0.14420000000000002
-0.2030490740740741
-0.18446666666666667
0.08773966364323506
0.07229972582972581
0.054891383219954674
-0.022463492063492064
-0.10371071428571431
-0.25630151515151517
-0.0883418062904174
-0.027511111111111135
-0.1479777777777778
-0.14285555555555554
0.0
-0.11167264957264955
-0.11454995904995906
0.032797668997669
0.07754065656565656
-0.04533333333333334
-0.01548333333333333
0.1211638888888889
-0.04533333333333334
0.04133333333333334
0.10321818181818183
-0.09569876543209878
-0.21263555555555555
-0.01993333333333332
0.10438075396825397
-0.09534579124579125
-0.07945333333333335
0.19238333333333335
-0.16782777777777777
0.16463333333333333
-0.10537333333333333
0.12468968253968254
0.0659
-0.13333333333333333
-0.3563
-0.2739768518518519
0.0846231040564374
-0.13572407407407408
-0.1834472222222222
-0.04551527777777778
0.037316666666666665
-0.061027160493827164
-0.17396155202821864
0.04545454545454545
0.11113315696649027
-0.1852555555555556
-0.0804888888888889
-0.26467433862433865
-0.013025661375661357
-0.010291666666666671
-0.12556666666666666
-0.06959999999999998
0.020620634920634928
0.1104390476190476
-0.11180282758177494
0.022316666666666655
-0.17069444444444445
-0.03899166666666666
-0.06745000000000001
-0.05249978632478632
-0.16612567901234568
-0.27822314814814814
-0.04817433862433862
-0.07368333333333334
-0.09264126984126986
-0.052083333333333336
-0.07195925925925926
-0.25878333333333337
-0.01731041666666666
0.08871296296296298
-0.18268773448773448
0.10924603174603172
0.05255555555555556
-0.17949777777777784
-0.20766666666666667
-0.23199999999999998
0.05821111111111112
-0.029967037724180582
-0.17122444444444448
0.05094397328260964
0.039594920634920656
0.03347222222222224
0.12690555555555555
-0.2905929292929293
-0.03600533910533908
-0.1159
0.0
-0.06820156523397704
0.16666666666666666
0.00537455330101778
0.02332109187109189
0.17770555555555556
-0.1577637037037037
0.1009
-0.10078148148148147
0.07681481481481485
-0.07973999999999999
0.040733333333333344
-0.052080185185185195
-0.10752777777777778
-0.05775
-0.17859999999999998
-0.0786835978835979
0.05403333333333334
-0.09038333333333333
-0.2881777777777778
0.09834126984126985
0.1743759259259259
-0.17033333333333334
0.11229444444444443
0.03453404040404041
-0.04197873015873017
-0.08333333333333333
0.14719839679595972
-0.02789841269841271
0.024498194833488945
-0.028266666666666662
0.04294814814814816
0.0
-0.19417777777777778
-0.04064999999999999
-0.23939722222222223
0.14989969135802464
-0.12579962962962965
0.09410793650793652
0.1564392857142857
0.020450000000000006
0.008060648148148145
-0.03654666666666668
-0.021508333333333334
0.014016666666666658
0.11765873015873014
-0.0606511111111111
-0.22958888888888887
0.1743759259259259
-0.12725416666666667
-0.06902222222222222
0.042100000000000026
-0.10929333333333335
0.21832222222222222
-0.20533333333333334
0.11358518518518519
-0.08487037037037037
-0.17623333333333333
-0.30658888888888886
-0.16976481481481484
-0.15624149659863945
0.06838333333333332
-0.21585555555555555
-0.16653714285714286
-0.09264814814814815
-0.014980687830687844
0.13345185185185185
0.0320185185185185
-0.31050555555555553
0.036475
-0.4506333333333334
-0.12813333333333332
-0.07442431457431459
-0.30356666666666665
-0.09364469696969697
0.1610012345679012
-0.13614074074074076
0.14819721019721016
-0.12721719576719578
0.0062013051146384375
-0.11921388888888888
-0.3567925925925926
-0.10534305555555556
-0.09714025286882431
-0.020158572740390932
-0.1231888888888889
0.03248229166666664
0.04898123582766443
-0.5803333333333333
-0.10833333333333334
0.04866039886039886
-0.12755590277777776
0.2921370370370371
0.04025972222222222
-0.16564444444444446
-0.024493145079937526
0.24888030303030298
-0.09463941798941798
0.18103167794529862
0.0034666666666666643
-0.0425084656084656
-0.09260135338345864
-0.2555688888888889
-0.18612222222222222
-0.10303333333333335
0.2609761904761905
-0.30025555555555555
-0.026493333333333324
0.041434391534391546
-0.1398325396825397
-0.027266531986531988
-0.03432962962962963
-0.06575652557319223
-0.243387037037037
-0.0037313612313612334
-0.04410238095238095
-0.06555555555555556
-0.251462962962963
-0.22761666666666666
-0.4135777777777778
-0.08884208754208756
-0.058775
-0.06232002743484224
-0.19223333333333334
-0.07548333333333336
-0.002983333333333338
-0.2898608305274972
0.013696043771043798
-0.06363333333333332
-0.2474333333333333
-0.13204358585858586
-0.198725
-0.030675505050505047
0.09459781144781147
-0.12030282186948854
-0.21598690476190474
-0.11697777777777779
-0.27691230158730157
-0.01240941798941799
0.0887736961451247
0.16666666666666666
-0.3649925925925926
-0.15571333333333334
0.08352222222222223
-0.15387777777777778
-0.03474814814814816
-0.12888758417508414
-0.17076481481481479
-0.18608333333333335
-0.342752380952381
-0.1593888888888889
0.2845111111111111
-0.03220555555555555
-0.14845
-0.16483703703703706
-0.13349166666666668
0.23473915343915344
0.05415661375661374
-0.0572142857142857
-0.2072283950617284
-0.24229259259259261
-0.10187058682058682
0.03253846801346801
-0.28125000000000006
-0.0991011111111111
-0.03272857142857144
-0.012713131313131303
-0.027313333333333325
0.1418111111111111
-0.08073456790123458
0.08646296296296295
0.06720902777777778
-0.009079377104377099
-0.45975555555555553
-0.14179814814814815
-0.20920101921470344
-0.05265555555555557
-0.025039999999999996
-0.0787042328042328
-0.13852666666666666
0.010577086656034013
0.138
0.014250000000000004
0.13675185185185187
-0.02660703703703705
-0.21524197530864198
0.0014111111111111223
-0.042768253968253955
0.03746666666666668
-0.15464259259259258
0.021617460317460317
0.0565343209078503
-0.05675079365079366
-0.24606666666666666
-0.04144922558922559
-0.11191111111111111
-0.014526109076109092
-0.18565555555555557
0.017673441951566966
0.027032539682539682
-0.3759333333333334
-0.10785
-0.051334343434343455
-0.09361666666666668
-0.0749320767195767
0.025508333333333338
-0.01615833333333333
-0.06348074074074073
0.15151111111111115
0.07278309523809523
-0.026938333333333325
0.18126951566951569
-0.21830833333333333
-0.1128383237133237
-0.20624444444444445
-0.33075000000000004
-0.01986666666666666
0.009395833333333334
-0.20198888888888888
-0.111193430335097
0.0
-0.052083333333333336
-0.08427372134038802
-0.16153777777777778
-0.45444999999999997
-0.06911111111111112
-0.42792499999999994
-0.09225750915750919
-0.06955555555555555
0.060503571428571434
-0.056499735449735446
0.013122222222222238
-0.25000833333333333
-0.19824232804232808
-0.06613333333333334
0.13276170634920637
0.030991111111111108
0.0
0.00044615384615385767
-0.011502807726864323
0.07454111111111111
-0.10283555555555557
-0.18597333333333332
0.005092460317460311
0.17695714285714284
-0.08076477940783496
-0.24591428571428572
-0.03214285714285713
0.2915111111111111
-0.01399999999999999
-0.007329629629629621
0.0897747474747475
0.042266666666666654
0.1670172839506173
-0.2379851851851852
-0.005875151515151486
0.26194900793650794
-0.12167222222222224
-0.030115873015873026
0.116481746031746
-0.1864148148148148
0.0024049382716049353
0.01723333333333336
-0.028233333333333336
0.027804761904761898
-0.08333333333333333
0.05170238095238095
0.11688585858585858
0.18079259259259262
0.255427664399093
-0.1278335342424524
0.018524100789741187
0.14259835652442795
-0.06430000000000001
-0.08449999999999998
-0.14905555555555555
-0.1316510101010101
0.04896865079365079
-0.12827115384615384
0.08756481481481482
-0.02597283950617285
-0.21184166666666662
0.016253791887125214
0.016583892866392867
-0.23361666666666667
-0.04372063492063492
-0.08003194444444445
-0.14301481481481482
0.1002864197530864
0.07845493025493029
-0.009002586713697802
0.10599828738512951
-0.041666666666666664
0.06611909916744474
-0.03850648148148146
0.10803888888888892
-0.06944444444444443
-0.2294972222222222
-0.0589868783068783
0.0
-0.06666666666666665
0.19352592592592596
0.15418765432098766
0.06741041666666665
-0.28785
-0.0792392784992785
0.18931666666666666
-0.0792
0.16209444444444443
-0.11353201562106324
-0.026781818181818184
-0.11243148148148147
-0.22986913580246915
-0.10071524858191526
-0.35956666666666665
-0.06862541743970314
-0.16825714285714286
-0.012504074074074063
-0.13543333333333332
0.08175925925925925
-0.14832698412698414
-0.23794614598364597
-0.25692056932966023
-0.22346666666666667
0.5456333333333333
-0.16070666666666666
-0.31373015873015875
0.267334126984127
-0.03453333333333334
0.022688034188034167
0.004274242424242412
0.047568165784832445
-0.0006533333333333206
-0.05880925925925928
-0.12632222222222222
-0.009802741702741688
0.09133333333333336
-0.15502063492063495
-0.015964660493827155
-0.1126870803270803
-0.02058796844181458
-0.12868053818609376
-0.30019999999999997
0.0145361728395062
-0.12166666666666669
-0.027165277777777778
0.1640111111111111
0.1267111111111111
0.044300000000000006
0.5858
0.04866316137566137
-0.1159
-0.04436137566137568
0.16666666666666666
0.019370833333333354
-0.08045185185185183
-0.125
-0.01934870559334845
-0.004061111111111108
-0.32726666666666665
-0.007943767806267802
-0.18901079365079365
-0.010961309523809524
-0.3379095238095238
0.018987049062049077
0.05281069958847736
-0.27310867724867727
-0.0807
-0.05270191369477084
-0.08193555555555554
-0.015535353535353541
0.36011728395061726
-0.022596296296296305
-0.13190003885003884
0.10166666666666667
-0.09530370370370371
0.03460592592592595
-0.12671018518518518
0.08853179413179409
0.06333333333333334
-0.12486000000000001
-0.040686588103254755
0.12819333333333335
0.09084444444444444
-0.0035333333333333514
-0.14969333333333334
-0.18835370370370372
0.07153333333333332
-0.2564703703703704
-0.2191053872053872
0.08691111111111112
-0.2924111111111111
-0.618
0.14433333333333334
-0.030747619047619024
-0.3486269444444445
-0.011464444444444452
0.14617500000000003
-0.0957269841269841
-0.2080666666666667
-0.04206666666666666
-0.1304253968253968
-0.04982108843537412
-0.09999999999999999
-0.006028291893291886
-0.14802
-0.08593333333333335
0.03226666666666669
0.4316055555555556
-0.11175079365079366
-0.18306666666666663
-0.103375
-0.014984217171717171
-0.14353333333333332
-0.14255714285714285
0.08376825396825395
0.1687587301587302
-0.07417983539094651
0.1299577441077441
-0.015137248677248675
-0.08333333333333333
0.01936788787344342
-0.16187692307692306
0.013695061728395066
-0.06627666666666666
0.1139
-0.05511770660752143
-0.019167089947089922
0.025000000000000005
0.03919333333333336
-0.06376666666666667
0.23444380952380958
-0.02563989898989899
-0.07862380952380953
-0.01614880952380952
0.019387505827505813
-0.07064444444444444
0.011583333333333334
-0.030532261303511308
-0.14292666666666667
-0.12895333333333334
0.10662403628117915
-0.016416446516446498
-0.2290425925925926
0.0028465952037380524
-0.11891111111111112
-0.22219999999999998
0.018029629629629635
-0.04409999999999999
0.07001
-0.15664166666666665
-0.40776666666666667
-0.08179510582010582
0.1968
-0.21012222222222224
0.029118803418803425
0.10636666666666666
0.0038401360544217714
0.08355833333333333
0.07906000000000003
-0.059819535557035564
-0.16269506172839507
-0.04496944444444445
-0.033837483680340834
0.03419393447461627
0.0
0.0
-0.05239583333333334
-0.054299999999999994
-0.0015277777777777946
0.0685190476190476
-0.2908569641998213
-0.11052380952380954
0.029836111111111136
0.10631550505050509
-0.12726666666666667
0.12850497280497283
0.1949054232804233
0.05511775793650795
0.06264770723104057
0.14665555555555557
-0.09785483405483407
-0.25289999999999996
-0.048544444444444425
0.06363989243080152
0.04732222222222222
-0.186775
-0.1424915509259259
-0.03841944444444444
-0.1584
-0.16470820105820105
-0.09445740740740739
0.007838216060835096
-0.051349382716049406
-0.15057222222222222
0.08333333333333333
0.0416734126984127
0.006011111111111134
0.09794761904761902
0.022690476190476195
-0.08933633156966488
0.007098033910533902
0.0425784961052322
0.17543333333333333
0.03681818181818182
0.3313
-0.10129444444444445
-0.12727606615469708
-0.11564656084656084
0.028303703703703702
-0.012866666666666665
0.059068888888888914
0.0004847222222221966
0.02973091458805745
-0.5489222222222222
0.0432919312169312
0.10943037037037036
-0.17405026455026454
-0.2203932098765432
-0.11199999999999999
0.03260640146319158
-0.07637333333333335
-0.16565
-0.10397200577200576
-0.2591777777777778
-0.015911111111111115
-0.06693695887445887
0.01632545454545455
0.0
-0.24236888888888886
-0.03523333333333332
-0.049999999999999996
-0.32537777777777777
0.25514444444444445
-0.37742222222222227
-0.15582518286456884
-0.19561770451770452
0.18883888888888892
-0.4493666666666667
0.06385333333333336
0.10217979797979798
-0.23706666666666665
0.2303481481481481
-0.10157873015873016
-0.02725502645502646
-0.19250208333333332
-0.057523611111111116
0.3551333333333333
-0.2326
-0.1488068783068783
0.13051944444444444
0.0514
0.1933777777777778
-0.08274424603174603
-0.39053333333333334
-0.017730864197530838
0.04828819444444445
-0.0063777777777777505
0.023080687830687813
-0.055555555555555546
0.022037777777777785
-0.044607407407407394
-0.040467037037037044
0.2011111111111111
-0.02294307359307361
0.06666666666666665
-0.21420000000000003
0.22455
-0.10174444444444443
0.07985646945646947
-0.19028333333333333
0.0511878988295655
-0.3995166666666667
-0.023338249158249152
-0.3846
-0.07494444444444445
-0.04146846726550076
-0.08351111111111109
0.09012237654320987
0.02231835317460316
-0.0032777777777777684
-0.2264178504622949
-0.24269074074074073
-0.0976
-0.2567309152127334
0.06618231332937215
-0.08813619729036394
-0.058977777777777775
0.13384629629629627
-0.0064587962962963
-0.2971761904761905
-0.0754021164021164
-0.13890555555555553
-0.047633809523809516
0.27777777777777773
-0.024349382716049372
-0.3008638888888889
-0.28009047619047617
-0.24324764309764313
-0.1163
-0.19814867724867727
0.17361111111111113
-0.12584146825396827
-0.019855102040816336
-0.09999999999999999
-0.3096666666666667
-0.2587833333333333
-0.34716296296296295
0.04122777777777779
-0.06282222222222221
-0.016629629629629633
-0.065995987654321
-0.1711222222222222
-0.024589191232048387
-0.044572222222222235
0.02915855780022447
-0.13831666666666667
-0.12478961904761908
-0.017688888888888903
-0.19143333333333334
-0.2930530864197531
-0.23153834175084176
-0.07693703703703704
-0.5609388888888889
0.12900277777777777
0.29663333333333336
0.5320962962962963
-0.3077259259259259
-0.0215198172198172
-0.028666666666666663
-0.19435679012345677
0.0006049382716049415
-0.07162638842441033
0.2285052154195011
-0.1870437037037037
-0.017711291486291487
0.19355538720538723
-0.07287301587301588
0.28706666666666664
0.0
0.13943703703703705
-0.09705925925925925
0.0037409216464363293
-0.04005777777777777
-0.011304761904761908
0.0
-0.08888888888888889
-0.05712530864197531
-0.03389444444444445
0.06310763888888887
0.006726760276760276
-0.02840755011172655
-0.1612925925925926
0.16785333333333338
-0.030267619047619033
-0.11191666666666666
0.3929
0.011380390107976313
-0.2494576719576719
0.10181901455026454
0.009627546296296289
0.1237598765432099
0.28391666666666665
0.0631
-0.25611999999999996
-0.04285
0.056150462962962965
-0.13077999999999998
-0.09987407407407407
-0.16269915824915826
-0.24960555555555555
-0.045612345679012324
-0.060877504409171064
-0.08324326131687243
0.3060388888888889
0.026374928774928776
0.023383333333333336
-0.08811901709401711
0.10709024943310656
0.11944191919191917
0.01468871291310316
0.17405925925925922
-0.024773544973544993
-0.04603819444444445
-0.12302999999999999
0.2067625
-0.2942037037037037
0.18263518518518515
0.12296666666666667
-0.05783088023088023
0.208324025974026
-0.29505555555555557
0.03762037037037038
-0.04526507936507936
-0.03757548076923078
-0.025675396825396834
-0.26139444444444443
0.009250264550264578
-0.08382499999999998
0.01100000000000001
-0.03205283446712017
-0.0051534325943416726
-0.0006866666666666502
0.16555
-0.09116666666666666
-0.02087222222222222
0.0883646059593428
0.015376455026455035
9.25185853854297e-18
0.05919761904761905
0.02995317460317461
-0.01721719576719576
0.14487407407407407
-0.06423121693121693
-0.4173
-0.2227259259259259
-0.12455026455026456
-0.10716666666666665
-0.06895531238309015
0.15960000000000005
-0.0032044444444444356
-0.08451755433119067
0.14176114718614719
-0.158562962962963
0.018906060606060593
-0.0018111111111110874
-0.01266468531468531
-0.026098547008546986
-0.20023564814814818
-0.07166481481481479
-0.11146203703703701
0.020212962962962964
-0.08397499999999998
-0.06644750402576492
-0.15789259259259258
-0.1774888888888889
-0.015761111111111104
