-0.06813289682539682
-0.016108436213991755
0.024716207912457933
0.2676611111111111
-0.16244814814814815
0.13329656084656086
-0.04946820987654321
-0.11635
-0.03470416666666667
0.0632166666666667
0.0267777777777778
-0.1386265873015873
-0.2104222222222222
0.0722998412698413
-0.35246666666666665
0.5530499999999999
-0.13499166666666665
-0.2638587301587302
0.014415740740740738
-0.06455333333333331
-0.01505
-0.1479222222222222
0.19021604938271605
-0.08378000000000001
-0.04446666666666666
-0.16333333333333333
-0.07903333333333333
-0.020425925925925913
-0.1519194444444444
-0.16953703703703704
-0.007716666666666668
0.11637333333333337
0.17299830246913575
-0.2037482993197279
0.07333703703703705
-0.033966666666666666
-0.04932499999999999
-0.043152910052910054
-0.0039966049382716045
-0.4589666666666667
0.1626540740740741
-0.13915
0.10617407407407409
-0.04067824074074075
-0.25190000000000007
-0.3222055555555556
-0.14001555555555553
-0.2180492357436802
-0.252
-0.05696031746031744
-0.10400037792894938
-0.19509444444444446
-0.20976296296296296
0.11671851851851851
-0.04535531249999999
-0.05506234567901234
-0.11280625300625302
-0.012972222222222237
0.14903472222222222
-0.05076574074074075
-0.04129907407407408
-0.16568968253968253
0.044107936507936506
-0.08904166666666667
-0.06299285714285713
-0.06970522678967125
-0.05959769921436588
-0.07325396825396825
0.008942592592592594
-0.08270864197530862
-0.08064920634920636
-0.26381111111111116
-0.050550000000000005
-0.07251006734006732
-0.08269232804232803
-0.15225
-0.0348086247086247
-0.21538333333333334
-0.15864814814814818
-0.3314796296296296
-0.013261111111111107
-0.20358981481481478
-0.05748405797101447
0.11748055555555555
-0.21525111111111114
-0.1447150205761317
-0.04460744949494947
-0.17484809523809522
0.03369060846560847
-0.041688477366255146
-0.09090297017797018
