-0.06437579934685196
-0.13216666666666668
-0.03734444444444443
-0.10474285714285714
0.09331666666666666
-0.25209166666666666
-0.06471940218511647
-0.44908888888888887
0.039883333333333326
-0.3323507936507936
0.01345833333333333
0.12917402116402116
-0.23111666666666664
0.02696214470284238
-0.045539047619047625
-0.15103746031746032
-0.05296666666666667
-0.006313333333333333
-0.027395454545454546
-0.3003488888888889
0.029534567901234543
-0.08722698412698411
-0.24263538961038958
0.12462000000000001
-0.1856169312169312
0.059417738791423015
-0.02712526984126983
-0.35246666666666665
-0.1309388888888889
-0.17260555555555557
-0.12487200854700854
-0.1692354797979798
-0.06940952380952382
-0.033218585858585836
-0.15908827160493827
-0.18429555555555555
-0.09417613378684808
-0.1587666666666667
-0.25531301587301586
-0.0637488888888889
-0.14968796296296297
-0.13409444444444443
0.029699452399452392
-0.11821555555555556
-0.13322275132275133
-0.05048333333333333
-0.35246666666666665
0.13563824855699855
0.44730952380952377
-0.004072398589065246
0.11390780423280424
-0.09878444444444445
-0.13
-0.14764444444444444
0.0
-0.30519999999999997
0.019433333333333358
-0.0516622222222222
0.08224888888888891
-0.21741666666666667
0.1731206349206349
0.08333333333333333
-0.12869777777777777
-0.045828888888888884
0.16463333333333333
-0.5568333333333334
0.2339925925925926
-0.07332473015873016
-0.39185555555555557
-0.005755689268461012
-0.088175
0.04648401124338625
0.02217037037037038
-0.1656888888888889
-0.029446296296296304
-0.02447355201257642
-0.04267777777777778
-0.08333333333333333
0.01917142857142859
-0.01960533910533913
-0.02142720057720059
-0.5191333333333333
0.13413333333333333
0.21330000000000002
0.0
0.19132619047619048
-0.22324166666666667
