1
1
13
1
0
2
1
1
3
11
20
3
7
6
12
1
-2
-1
2
4
13
11
1
3
15
4
15
3
10
1
1
-7
2
9
0
1
1
3
4
6
0
7
1
4
1
1
5
1
2
-9
1
1
3
2
3
2
1
1
1
-5
2
1
11
1
1
14
2
3
1
1
-1
2
6
1
12
1
3
1
1
7
2
3
4
3
1
5
1
1
2
1
1
1
0
5
0
3
1
10
4
5
6
2
1
3
0
-3
2
28
3
5
1
1
1
6
1
9
1
2
3
3
14
1
8
5
0
3
14
2
2
2
3
1
2
1
1
1
10
-1
0
-1
4
1
15
77
2
2
1
6
2
0
3
1
4
2
2
1
1
1
1
2
3
1
2
1
3
2
1
4
5
1
3
0
6
2
5
4
5
3
3
5
1
2
1
1
4
10
1
0
2
6
1
-2
2
0
1
4
4
2
11
3
2
2
3
7
7
3
2
2
2
2
1
3
2
0
6
6
7
1
1
5
2
2
0
1
2
1
11
1
1
2
-1
3
5
1
1
7
1
1
2
2
2
7
1
-1
2
2
1
1
3
3
1
2
2
13
1
2
2
3
2
1
10
0
3
20
1
3
1
1
1
0
-5
2
1
1
1
0
1
0
1
-8
2
2
1
3
1
1
1
8
2
1
3
10
0
2
0
1
1
4
0
10
1
10
1
3
3
5
2
1
0
1
1
1
9
1
7
1
1
4
22
3
2
2
7
4
1
2
1
1
4
1
0
7
1
3
3
11
1
2
-3
1
1
1
1
1
5
12
1
1
0
11
1
3
1
2
2
4
0
1
2
2
3
1
-4
0
2
0
1
6
1
-1
1
0
6
5
2
1
5
3
8
1
4
1
1
1
4
1
1
35
3
2
1
1
-1
1
2
-9
1
22
8
2
14
0
1
1
29
-3
5
10
3
21
17
1
3
1
3
1
2
509
0
4
2
6
3
1
4
5
2
-5
2
6
-5
1
16
4
6
1
0
2
1
3
1
2
3
1
4
2
5
1
0
0
1
2
1
0
1
-2
2
1
4
2
0
1
0
0
82
-6
4
74
10
-1
1
2
3
-1
1
2
0
-7
7
0
4
4
1
1
1
1
3
2
2
1
1
2
1
-1
17
9
2
1
16
2
1
-3
1
1
10
1
1
1
1
1
4
3
1
1
-2
5
0
7
1
1
1
2
1
1
3
1
1
7
2
1
2
3
5
1
0
4
8
1
1
6
3
2
3
3
17
44
17
6
-2
1
5
1
10
24
1
1
1
9
-7
37
1
5
3
-10
1
2
19
5
38
3
1
1
-4
2
6
1
1
1
6
0
2
12
1
3
2
1
1
2
3
2
5
1
1
-6
1
0
7
1
3
9
-2
2
3
0
1
2
3
1
2
2
1
2
2
1
6
3
1
5
6
3
1
4
0
1
4
0
4
3
2
3
1
2
1
2
1
3
2
-6
2
0
8
4
0
2
8
2
7
3
3
4
4
2
13
8
1
2
4
4
1
3
1
1
1
8
1
1
1
3
2
43
1
2
11
5
4
3
4
43
7
1
-1
1
0
4
1
2
1
1
6
1
10
11
15
0
7
6
6
2
1
15
2
3
31
3
3
1
0
1
1
1
4
2
1
1
1
1
-5
0
7
14
1
2
8
1
1
11
3
1
1
1
9
3
4
6
8
1
3
1
6
2
1
3
2
1
6
5
3
1
1
0
1
7
2
1
2
74
2
42
1
14
2
0
3
3
3
-3
1
10
2
1
4
-1
2
15
1
7
7
6
20
3
1
3
1
2
2
-2
4
-1
4
1
2
8
-1
1
1
2
1
16
2
1
1
41
6
1
19
4
2
2
6
14
1
8
4
6
5
137
-2
-3
0
9
2
3
0
6
2
25
-1
-2
2
10
1
9
1
6
2
1
2
3
11
2
0
2
1
5
2
3
1
8
2
1
3
6
5
1
-1
3
1
5
1
2
12
3
-10
1
2
2
28
1
3
5
3
1
2
2
1
1
3
2
1
25
-6
3
23
3
0
63
3
1
3
4
6
2
1
4
10
2
3
4
2
2
5
1
5
1
9
41
-1
2
1
1
5
1
1
2
1
1
30
0
1
5
-1
12
1
2
-14
5
-4
0
-3
1
0
1
1
2
5
7
4
1
2
1
4
7
1
3
1
1
3
2
0
3
5
1
2
1
5
1
2
4
10
2
6
153
8
0
3
48
24
5
6
2
14
19
2
5
0
0
2
1
20
2
6
9
9
5
-1
2
1
1
4
1
3
1
2
2
3
4
6
7
1
6
2
5
107
3
2
3
1
1
4
1
1
1
1
2
1
1
1
5
13
4
15
7
6
-1
2
1
1
-4
1
5
9
6
1
3
-5
3
1
3
1
4
0
8
2
7
16
1
1
12
4
17
3
-6
1
17
2
4
9
1
24
2
1
1
1
3
1
1
7
1
-1
0
5
9
1
4
2
1
1
2
1
1
4
0
1
-12
2
4
9
1
1
2
5
3
1
6
2
1
21
4
3
0
1
7
8
3
2
1
15
1
1
1
6
1
10
1
1
-1
1
-8
4
-1
1
6
1
44
3
2
0
29
18
6
1
4
1
1
2
1
0
1
1
-2
3
3
2
8
0
8
5
2
13
8
1
0
1
3
4
2
3
1
2
1
2
0
1
13
3
1
3
1
1
1
9
10
2
1
1
2
7
-2
2
2
1
1
5
1
1
-1
1
1
1
-4
0
8
1
3
7
1
1
4
2
4
5
3
4
2
2
2
6
11
5
9
3
1
1
1
0
1
5
2
1
1
16
4
1
2
6
2
-1
1
-12
1
1
3
2
1
2
2
1
-1
1
3
1
2
1
2
1
-19
3
2
2
4
0
0
3
2
1
-1
2
6
6
3
1
0
2
1
1
14
3
3
1
-3
-5
5
3
3
2
4
-2
2
1
5
-1
4
2
2
1
3
5
7
8
1
-2
1
0
1
1
4
6
1
-1
1
2
1
1
3
1
1
1
-1
2
0
2
1
2
2
0
1
1
2
1
1
1
1
2
1
2
1
1
1
5
9
11
22
4
5
3
10
3
49
1
55
19
3
4
1
6
1
-4
2
0
1
-3
2
17
8
41
0
6
3
0
2
2
3
39
1
2
8
0
1
1
0
1
1
38
7
0
1
2
1
0
-1
2
1
0
224
15
6
0
1
10
4
9
11
9
8
3
1
8
1
6
8
2
3
0
0
6
1
1
1
-7
4
3
1
1
6
1
1
2
0
8
1
2
1
1
1
1
2
1
27
1
15
5
1
3
2
3
0
1
1
1
2
14
3
1
0
10
3
1
2
1
0
23
-3
2
1
1
1
1
21
2
1
16
6
2
1
0
8
1
37
10
3
0
8
62
3
0
1
14
2
12
1
13
55
2
0
155
1
1
4
-3
1
1
6
1
0
1
1
9
17
3
2
2
1
1
8
2
5
1
1
-7
3
1
0
5
2
1
4
0
2
3
1
9
1
6
1
3
9
5
4
3
2
4
5
1
6
1
2
-1
1
2
3
1
0
1
9
1
2
1
8
-1
2
3
1
2
1
4
1
3
3
1
1
1
2
0
6
1
3
3
1
3
1
4
6
1
4
4
1
1
1
1
1
3
2
1
1
1
1
1
3
1
1
-2
5
10
3
8
1
1
1
1
4
2
3
3
9
1
1
1
1
2
2
0
0
5
3
1
3
2
2
2
1
2
7
0
1
2
2
2
2
4
7
1
7
1
51
0
2
7
1
2
0
10
1
1
3
6
1
4
5
1
1
-1
1
3
4
1
1
1
0
2
1
1
1
2
7
2
2
1
1
46
-1
4
1
1
12
4
1
0
5
4
2
1
7
4
1
7
1
1
29
2
8
1
3
5
2
1
1
2
2
1
2
0
