2
2
15
49
2
0
6
1
6
3
3
11
8
1
1
1
2
1
2
1
1
1
0
0
2
2
2
1
2
0
0
1
15
1
2
2
1
2
1
2
0
3
1
6
1
0
10
11
9
5
5
8
9
20
2
3
4
1
2
4
2
3
2
2
2
4
3
2
0
2
1
1
3
1
-1
1
5
1
5
1
3
1
1
7
5
-7
3
6
5
3
7
1
4
2
2
3
12
4
3
1
4
1
-4
15
1
9
2
2
1
4
4
1
2
1
1
5
-3
1
3
1
32
25
5
3
-4
17
4
3
2
5
0
3
14
1
1
-1
24
1
2
0
1
8
1
1
6
9
2
2
4
2
1
3
-4
3
2
1
0
1
1
7
1
6
4
2
-2
-1
1
5
-4
12
3
3
6
1
0
4
6
6
13
2
28
2
5
1
3
3
1
3
1
0
3
1
4
-1
0
2
8
1
3
14
6
7
2
0
4
0
-2
3
0
70
1
1
1
1
3
1
3
0
1
1
2
3
1
0
-1
-4
5
5
0
1
2
4
1
-3
5
1
1
1
6
3
-5
1
1
8
1
18
1
8
3
1
1
1
1
2
1
15
1
40
7
24
1
0
2
1
2
1
-5
5
5
11
1
2
3
15
1
1
-1
3
3
4
1
2
1
2
1
1
1
5
1
-4
10
1
1
2
1
1
9
42
4
1
2
2
23
1
20
2
12
5
5
3
1
4
1
3
1
1
-1
22
5
3
2
0
1
6
7
1
2
1
2
1
1
1
1
1
1
5
1
1
8
5
2
0
1
3
5
1
1
11
0
7
9
1
2
1
16
1
1
1
2
1
1
16
2
1
23
2
2
-1
1
3
2
2
-2
-7
1
1
9
9
1
8
40
-4
7
6
3
2
-2
7
53
3
15
2
5
-1
3
3
2
119
3
15
1
2
4
-1
1
3
1
1
-2
3
11
3
5
2
8
2
1
2
1
6
3
4
18
0
-1
7
1
0
1
-1
2
1
-6
1
1
1
2
1
2
1
1
3
0
1
19
1
1
1
3
0
0
3
3
1
-1
1
9
2
3
4
1
2
1
11
-2
3
4
1
2
3
1
2
3
1
2
1
2
1
1
7
2
4
1
1
4
2
3
2
3
2
0
2
2
5
1
4
-6
1
1
1
1
2
1
8
2
0
2
0
5
6
5
12
2
1
1
2
-1
17
1
-1
2
-3
1
2
2
-2
0
2
6
0
1
2
1
1
1
1
2
4
1
40
1
7
5
3
16
3
8
9
6
2
3
1
6
1
6
1
1
1
1
0
-3
4
2
1
1
5
10
2
0
2
2
3
0
1
2
2
1
1
1
-2
1
12
5
1
3
2
1
1
6
6
2
1
1
2
3
1
1
5
1
5
2
1
