2
1
1
1
1
1
1
1
1
2
1
1
2
1
1
1
1
1
1
1
1
1
1
1
1
1
1
3
2
25
7
6
1
38
1
10
1
4
1
6
21
25
0
3
1
1
2
3
1
1
1
1
0
3
5
1
3
3
1
0
0
0
1
0
-3
0
2
2
3
0
1
1
0
4
6
0
7
1
12
-1
-1
3
0
1
-5
2
2
18
0
1
2
3
0
1
1
1
1
3
1
2
6
2
3
0
2
2
1
3
-1
1
4
1
3
3
1
44
3
2
-1
1
5
1
1
1
1
1
11
1
12
9
17
2
8
1
1
2
1
0
0
5
2
1
5
1
5
1
4
161
1
17
8
2
97
-2
9
3
1
5
1
2
-1
9
20
1
3
2
1
-1
3
15
4
73
2
4
2
2
3
7
10
3
0
0
2
3
2
1
12
9
1
1
8
1
1
3
2
2
5
-1
0
3
1
2
1
2
1
1
2
1
5
1
0
1
2
2
101
22
1
2
7
2
1
4
3
1
-1
1
6
3
2
1
10
1
4
1
0
7
1
1
3
1
0
81
4
1
2
28
1
16
-2
1
7
1
9
1
77
-2
2
1
8
3
4
1
1
6
1
8
3
2
4
-2
2
2
1
1
-1
3
4
2
21
7
2
1
1
2
5
2
1
1
1
1
1
1
1
1
9
3
-7
13
2
1
2
10
2
26
4
13
4
4
2
2
1
5
-2
2
1
3
75
46
1
8
1
3
2
2
1
1
1
2
2
1
2
1
3
2
1
1
2
1
1
1
5
8
1
1
2
2
2
1
1
1
1
9
1
1
1
0
1
2
4
1
2
1
2
6
1
2
7
1
2
2
1
1
2
1
2
2
2
-1
3
10
2
1
25
2
3
6
2
1
3
1
1
1
3
2
2
3
1
1
0
5
1
1
1
2
3
1
1
0
1
14
-3
3
13
1
0
20
9
1
24
2
1
1
1
2
1
19
0
7
1
5
9
4
4
7
2
9
3
1
1
1
2
1
71
211
1
5
1
3
1
239
0
2
1
1
1
2
0
18
1
1
3
2
8
13
10
2
1
1
3
1
1
2
5
15
4
1
1
3
1
1
1
1
1
2
1
2
3
3
2
1
2
4
1
4
2
1
2
2
3
1
-1
1
1
2
0
5
5
3
3
1
4
4
2
1
1
1
1
9
1
1
1
2
2
1
1
1
2
1
6
1
15
0
2
2
1
2
3
1
1
0
13
1
10
3
2
1
2
4
2
0
5
1
2
1
10
6
1
4
2
2
5
3
-6
11
1
2
3
1
1
3
0
7
0
2
2
3
8
1
3
10
2
1
1
0
1
3
1
2
-1
2
2
2
-1
4
1
2
1
1
3
2
1
1
1
31
1
-5
1
1
4
1
1
3
3
2
3
2
1
10
0
2
2
1
1
1
0
3
2
1
2
5
3
2
9
2
4
1
4
4
3
1
2
3
1
38
1
4
1
1
2
1
1
29
5
-1
3
5
7
247
2
1
3
3
0
27
1
1
1
9
2
1
-21
1
1
1
1
8
2
1
1
3
2
1
-6
-3
3
2
8
6
6
1
15
6
-1
7
2
438
4
0
1
13
1
1
1
5
1
4
1
3
9
0
0
2
1
1
20
2
2
1
-2
6
23
1
2
1
1
1
11
1
1
1
-1
-9
-7
1
1
-1
1
2
0
-7
1
1
3
1
2
2
15
12
1
5
-1
6
1
2
3
1
-1
-1
1
7
3
1
-1
1
0
5
1
1
-4
0
2
2
0
3
1
1
15
1
7
14
1
6
2
4
-5
16
1
6
2
1
-4
1
1
2
-2
1
5
4
3
2
1
4
11
9
4
5
3
1
2
2
1
1
1
2
4
1
1
2
1
2
7
2
17
5
1
12
5
3
2
8
2
3
0
1
1
2
1
3
3
3
1
2
1
2
1
14
13
1
2
6
1
1
4
1
3
1
3
1
2
1
1
1
0
1
0
2
1
1
2
1
3
15
1
7
2
2
1
1
0
1
1
1
0
1
3
1
-1
0
1
1
1
5
1
2
2
1
2
4
1
2
2
4
1
4
36
1
12
2
-1
2
2
4
2
5
1
8
2
8
5
6
8
14
3
1
0
1
1
4
2
2
1
9
-1
3
2
2
76
0
3
5
3
0
4
0
1
1
1
7
0
2
8
30
2
12
1
1
4
0
-1
1
1
0
2
1
1
2
1
1
2
3
12
8
1
1
1
3
2
0
3
1
0
1
5
1
1
1
2
2
9
3
1
0
1
1
1
1
3
0
3
14
3
5
1
0
1
2
1
1
2
3
6
1
3
5
-2
1
7
-1
3
3
6
1
1
5
1
2
18
1
1
7
57
2
4
1
1
2
1
1
1
1
2
2
1
2
4
2
5
1
-2
2
1
9
1
4
3
15
1
-4
1
3
3
-1
2
2
1
4
1
8
1
1
2
2
2
1
1
2
3
1
1
27
3
7
5
5
1
1
1
0
7
440
2
4
2
-1
6
-3
3
2
1
1
1
0
35
0
0
-8
9
3
2
1
2
1
3
69
43
2
5
2
3
1
3
1
5
16
2
10
-6
8
2
1
12
-2
2
1
1
1
-1
1
0
1
5
1
1
9
1
1
6
2
1
0
2
2
3
3
43
1
1
1
1
1
3
1
-2
3
3
1
1
2
0
1
8
1
2
0
1
1
1
1
2
0
8
2
1
1
1
1
1
2
1
1
6
1
1
2
5
2
1
1
10
4
1
1
1
4
1
2
1
4
-5
2
2
5
1
7
2
2
12
2
2
1
1
1
2
-6
1
2
1
2
-2
2
1
1
5
2
3
0
8
2
3
1
8
1
2
4
0
4
2
1
3
6
9
2
3
5
1
1
1
19
1
2
4
0
1
1
-1
2
-4
1
2
3
26
2
5
8
1
29
8
0
0
1
1
0
-1
8
1
1
2
3
1
5
1
2
2
1
1
1
2
3
1
1
2
1
1
-1
1
1
1
2
1
1
3
1
1
9
1
4
17
1
1
19
1
27
11
4
1
-2
9
2
4
2
-1
3
3
1
1
6
1
2
2
2
8
4
2
2
2
2
5
2
0
1
3
3
-2
1
2
1
2
1
1
1
1
2
0
4
2
1
1
12
8
18
1
1
1
1
1
3
1
1
10
4
1
1
1
1
9
9
1
3
3
1
1
1
1
2
1
1
4
1
1
564
11
3
0
1
4
2
1
1
5
2
2
1
1
5
1
3
1
1
2
4
2
1
6
2
11
5
1
1
2
1
2
-2
0
1
-7
4
2
12
5
1
1
8
6
1
6
1
1
1
3
3
11
3
2
1
1
3
1
1
3
2
1
1
2
1
1
1
6
11
4
6
1
10
2
0
2
2
3
9
-4
1
5
1
1
2
2
1
2
1
3
1
2
1
2
6
4
1
5
3
-4
2
9
5
15
1
2
1
2
1
1
1
1
11
2
6
1
2
2
1
2
3
3
2
3
2
3
1
1
2
2
37
-1
3
-2
2
-1
2
8
1
1
11
-15
5
10
3
1
3
1
0
19
1
6
1
0
6
1
2
31
13
24
-10
7
1
2
11
1
1
-5
2
1
5
3
2
-2
6
-2
-2
1
-1
1
0
1
1
2
1
17
1
-7
14
4
1
1
21
1
2
1
1
4
2
1
16
1
5
1
1
1
0
2
1
24
1
12
17
2
2
1
2
7
0
1
1
1
1
11
4
2
1
1
6
1
3
1
10
1
1
7
2
1
1
17
3
1
1
2
-7
0
2
1
1
17
0
19
4
7
1
2
0
117
0
14
1
18
58
1
3
1
4
43
1
2
3
-4
4
1
10
3
2
1
1
8
59
2
2
1
1
1
1
1
1
1
1
3
2
2
1
16
1
2
1
2
3
2
-1
1
1
1
2
18
6
1
3
2
-2
1
-3
1
-1
1
1
1
1
5
1
2
2
1
2
3
10
1
-1
1
6
3
-3
3
1
3
4
1
0
7
4
1
1
21
3
5
3
2
2
89
1
25
1
2
6
3
2
6
5
1
1
1
1
2
2
2
1
1
1
3
1
1
1
0
2
1
7
1
1
4
2
1
1
1
4
3
37
8
2
1
2
1
1
2
2
1
4
2
1
1
2
2
1
1
3
3
1
1
6
1
1
6
1
3
1
0
1
1
0
4
1
13
1
0
1
3
3
16
-4
-2
18
1
59
13
4
3
0
1
1
1
1
2
1
1
1
10
-1
1
-1
1
7
1
12
2
1
1
25
0
12
1
0
0
3
1
1
-2
3
1
1
5
3
2
4
2
1
-4
1
0
2
14
4
2
0
1
2
1
0
8
1
0
1
2
1
-1
35
2
1
1
5
35
1
2
2
1
4
4
2
-1
2
15
2
0
7
2
1
1
2
19
1
1
1
-4
6
4
1
2
7
2
5
1
1
0
2
4
7
1
19
-29
33
8
1
3
2
2
5
0
2
2
-2
45
3
2
1
2
-10
29
-2
20
-2
25
0
3
1
2
1
3
2
2
2
1
2
1
1
1
2
1
3
3
-1
30
162
2
1
3
22
3
2
4
-11
2
3
2
1
3
14
2
0
2
1
1
4
4
8
20
1
0
1
1
1
4
0
8
12
-3
1
8
3
6
1
13
2
1
1
3
37
3
4
1
1
4
2
10
33
2
15
2
24
20
41
9
1
1
7
0
1
2
1
2
1
21
1
2
1
1
2
7
2
1
6
3
2
1
8
1
1
2
3
1
2
13
2
6
3
1
2
1
4
1
2
3
-12
2
5
-1
1
1
1
1
1
-1
10
1
3
12
5
1
1
2
3
1
1
1
2
20
3
2
2
1203
1
2
1
2
2
1
-4
1
3
4
4
2
-5
10
18
1
1
0
1
1
5
3
2
1
3
1
1
2
3
1
1
1
2
1
3
5
10
1
1
45
3
1
0
3
1
3
1
23
1
1
1
3
1
2
0
2
2
20
1
5
4
2
1
1
1
2
3
1
-1
0
1
7
1
-1
10
2
0
0
5
1
1
0
56
3
1
1
1
3
-1
1
9
3
4
1
-1
1
1
1
4
3
2
11
2
1
2
13
1
1
1
2
12
19
6
1
-10
-1
3
1
24
7
4
6
2
7
10
1
2
9
-5
16
3
6
2
1
1
2
0
2
1
-2
-2
4
-11
13
-3
12
6
14
3
-3
2
8
2
7
2
3
2
3
1
5
1
2
1
4
7
2
1
5
1
1
2
2
1
4
6
5
0
7
1
0
1
5
1
0
2
-1
1
1
4
1
1
3
1
5
-1
5
1
2
3
4
3
1
2
1
1
7
-3
2
16
1
0
3
6
2
-13
9
38
1
1
1
4
1
0
6
2
3
-5
2
4
8
2
1
33
-6
-1
3
0
6
1
1
1
3
2
-1
6
8
13
10
3
1
8
3
3
2
1
1
1
2
-1
1
3
1
1
2
2
1
6
1
5
0
1
1
2
2
1
1
1
2
4
1
7
2
1
1
1
0
0
2
1
1
3
5
2
2
1
1
1
1
5
1
3
190
6
1
8
1
122
2
2
3
13
1
5
28
2
1
1
1
2
7
1
1
1
-3
1
1
1
1
1
1
1
5
0
7
6
1
1
1
5
0
1
1
2
4
1
3
1
1
3
1
3
1
1
2
10
1
1
1
3
1
2
2
-7
2
6
1
1
2
2
1
1
32
4
1
3
3
5
1
2
1
1
11
1
5
0
7
1
0
1
3
2
1
1
1
1
5
2
1
1
1
1
3
5
1
1
1
0
1
1
1
3
4
1
2
2
4
1
9
1
4
2
2
1
1
13
2
47
1
2
1
2
18
2
4
1
11
0
1
1
2
1
2
28
1
1
1
1
2
1
0
1
0
1
1
1
3
1
1
8
4
1
1
2
7
-2
2
7
1
0
1
-1
123
3
-2
2
2
1
2
0
3
1
1
-2
2
6
4
39
1
2
2
-2
0
5
9
5
4
0
15
1
1
0
1
12
1
0
3
4
1
1
11
2
2
3
1
-6
1
1
1
3
-1
1
3
1
1
3
16
-1
1
1
18
0
1
1
1
-1
1
5
1
5
8
20
3
0
1
1
7
1
1
6
7
6
1
1
6
1
12
-1
15
0
1
2
2
0
6
1
5
2
9
35
1
0
2
-1
3
2
1
3
11
7
2
1
3
16
4
1
1
1
1
4
5
-3
1
1
0
4
0
3
4
1
2
2
1
1
11
5
1
-4
5
1
5
17
-1
1
1
6
5
1
0
0
1
1
3
3
2
-4
2
5
1
1
1
1
1
1
1
1
1
1
6
1
1
1
1
1
1
6
9
6
1
68
1
1
7
1
1
2
1
2
2
2
1
3
2
8
2
1
-4
-1
4
3
1
1
27
2
1
11
2
4
4
8
0
5
1
0
4
1
1
2
2
1
2
5
0
1
4
1
1
2
1
13
1
26
67
1
7
1
12
13
6
5
6
1
3
2
-2
2
2
4
1
6
7
3
0
2
3
1
2
2
1
1
1
1
1
3
2
1
4
4
2
1
2
2
13
1
1
6
1
1
2
1
3
1
1
1
1
3
7
1
0
2
2
-5
1
1
2
1
3
2
1
6
2
1
3
3
4
2
1
2
14
3
1
1
4
20
-1
4
3
9
5
0
2
3
1
1
1
4
3
1
5
-5
2
1
6
22
4
2
1
4
1
7
1
0
2
18
1
13
1
1
0
4
2
1
1
5
1
6
-2
1
1
2
1
0
-1
1
1
1
1
2
1
2
1
1
1
6
0
6
2
3
1
3
3
1
1
1
0
1
1
1
3
3
16
0
1
1
-6
10
-9
16
7
1
-4
11
-8
19
29
22
13
2
8
13
5
1
6
1
-9
26
1
-2
17
29
5
2
2
2
2
1
-1
5
6
1
15
3
2
3
3
7
-14
17
0
1
138
9
8
3
13
4
1
1
1
7
1
2
1
1
1
2
1
11
1
1
1
1
1
3
2
1
5
3
1
0
1
1
2
8
1
5
6
8
1
1
14
1
1
-1
1
8
1
31
2
1
3
2
8
15
820
1
34
5
1
4
45
1
1
11
9
2
1
1
13
2
1
1
3
1
2
5
6
-2
2
1
1
1
1
1
3
1
10
2
4
1
2
2
2
1
3
1
1
2
0
1
0
1
1
3
1
9
1
1
1
-1
2
3
4
66
1
2
1
4
1
2
1
3
2
2
3
-1
6
1
1
1
1
2
1
1
34
2
1
3
1
1
31
5
3
1
19
2
3
0
1
97
-1
1
1
1
4
33
4
3
3
1
2
1
1
1
105
7
3
5
2
4
1
27
-1
1
1
1
-6
2
2
1
15
1
4
5
1
8
10
4
3
1
6
0
1
5
1
8
-4
1
0
5
1
1
6
16
5
5
2
1
2
0
4
1
2
1
2
4
1
1
1
1
1
1
2
1
1
1
1
1
3
7
1
1
3
6
1
1
0
2
2
2
3
2
1
1
3
1
1
0
1
5
1
2
2
21
0
1
1
1
3
1
1
1
38
12
29
8
1
1
13
4
0
1
4
2
4
4
2
1
1
7
0
2
8
3
0
10
12
1
2
1
2
1
1
2
3
3
16
2
2
1
6
15
1
1
4
-4
2
4
1
1
6
1
6
-7
3
4
1
3
9
1
8
6
10
14
12
18
1
22
5
1
1
8
21
5
264
1
3
1
2
1
4
0
7
9
2
2
2
3
5
2
3
1
0
1
1
10
-1
1
5
16
3
30
-1
4
18
2
15
1
1
-1
3
1
1
49
1
2
1
1
1
15
1
2
5
1
3
0
-1
2
4
-1
1
1
1
202
12
3
1
1
1
1
3
0
2
1
7
1
6
1
1
3
2
-1
1
1
2
2
1
2
1
1
1
21
39
0
2
1
1
1
1
-4
1
4
1
5
2
1
7
1
2
1
1
1
0
5
1
0
1
3
1
1
2
1
1
4
1
36
1
1
1
11
1
1
1
2
2
1
2
3
1
3
0
19
2
1
1
0
3
2
1
1
33
1
2
1
2
5
3
-1
-7
1
1
1
1
1
2
1
1
1
1
4
1
12
0
1
1
48
1
1
1
1
1
1
1
1
1
0
1
1
1
1
-1
17
1
1
3
1
1
11
2
1
4
2
2
2
1
1
3
2
2
2
6
2
12
28
-5
3
-1
2
1
1
2
5
1
2
2
1
2
1
-1
1
4
1
1
1
10
1
1
4
1
1
1
0
0
2
1
5
4
1
5
1
2
1
2
3
1
17
1
2
1
0
3
1
2
3
2
5
0
3
-2
1
1
1
0
2
1
7
2
1
1
13
1
1
5
2
1
1
3
-38
9
1
-1
1
4
1
-6
1
1
1
3
3
1
2
1
1
1
1
1
1
1
1
1
1
1
2
4
1
5
1
1
4
6
2
1
2
2
5
1
1
12
9
3
6
1
1
1
1
1
1
1
1
2
1
1
1
2
2
1
4
1
2
1
1
2
2
1
0
1
1
2
1
2
1
1
1
1
5
1
2
1
1
4
1
4
1
1
1
6
3
1
1
1
9
1
2
1
6
