73
1
2
1
1
1
4
1
7
1
9
3
9
3
11
1
6
1
2
16
3
1
1
2
-3
3
3
1
1
1
2
3
2
0
1
2
13
2
3
13
-10
13
-8
9
1
2
13
-3
-2
4
0
4
5
-4
1
-2
-2
1
5
3
5
5
-6
-1
3
2
-2
5
6
5
-2
-1
4
1
1
1
5
0
6
1
1
0
1
0
2
1
1
1
-1
1
1
2
2
2
-1
3
2
-1
2
1
1
-1
0
2
1
2
0
1
1
1
0
1
18
-5
10
4
2
-2
2
1
3
2
1
1
1
-2
8
1
5
1
-10
13
6
1
1
2
3
1
3
2
6
3
-1
177
4
4
-1
1
3
2
0
2
1
19
7
2
1
1
1
1
2
1
1
3
4
1
1
1
7
1
1
2
1
3
32
4
3
2
2
5
9
3
3
2
2
0
2
1
5
1
5
2
3
-4
-3
1
2
0
1
1
1
-1
0
0
3
1
-8
2
2
1
1
7
1
0
1
2
0
1
2
1
1
-4
1
0
4
1
3
1
1
2
2
5
1
6
3
1
2
1
1
3
1
1
7
1
1
65
1
12
2
3
1
3
4
2
1
3
1
1
4
-4
0
0
2
1
11
5
3
4
3
0
1
-2
9
1
1
5
1
-5
-3
1
2
3
1
1
0
1
15
-1
6
2
3
5
-3
1
1
179
1
1
1
1
3
2
2
3
3
0
5
2
1
7
5
2
3
39
1
2
1
3
2
10
0
3
2
3
2
8
0
1
-3
2
1
2
1
7
1
3
0
1
1
4
1
-4
52
7
-2
-5
1
1
3
3
5
17
1
5
2
1
7
3
3
1
1
1
1
1
6
7
3
2
2
0
-3
1
-1
2
2
-1
12
14
3
2
3
20
1
10
9
20
2
11
4
14
0
7
6
1
1
3
-1
9
7
2
2
1
4
0
1
0
2
2
-2
1
5
7
1
2
2
1
1
18
20
1
1
7
12
5
1
3
-2
2
1
1
6
1
1
2
1
1
2
1
1
1
1
2
2
1
1
1
1
1
1
1
3
1
1
36
1
8
-1
2
1
-2
3
39
16
44
-3
2
2
5
-4
1
1
1
1
9
3
1
6
1
2
0
1
11
5
1
1
1
3
1
3
1
2
2
1
1
1
3
0
3
0
3
2
22
-2
37
1
4
5
9
5
8
10
2
20
5
1
5
3
1
0
13
1
14
1
11
1
0
1
7
1
2
1
1
3
1
1
2
2
13
-1
5
1
1
3
1
4
6
5
3
3
15
3
6
-1
1
8
0
11
4
2
0
3
2
1
1
1
2
4
0
0
1
16
26
36
3
19
7
3
4
5
8
6
8
5
1
1
2
3
1
3
1
1
1
1
1
6
2
55
1
2
2
2
1
1
-1
2
3
1
2
1
1
1
3
1
4
3
1
5
1
1
6
4
7
8
3
2
2
1
-1
3
3
5
1
0
3
-2
1
1
14
-4
17
1
1
