2
2
1
0
1
4
1
2
1
7
1
16
9
-2
5
2
0
13
2
8
1
1
3
1
3
8
4
1
-6
37
3
2
2
2
0
1
0
1
1
1
1
1
3
3
1
0
22
0
0
1
2
9
1
12
1
8
3
0
4
5
2
2
1
3
2
5
1
3
2
13
1
5
1
2
3
0
6
1
1
5
8
1
2
5
1
12
1
2
1
1
1
1
14
7
3
1
6
2
7
1
6
7
1
-6
2
39
1
2
2
1
2
2
1
2
2
2
0
1
3
1
1
2
3
0
1
1
3
7
2
14
6
7
1
3
5
3
-1
2
32
2
1
2
2
-4
23
1
20
11
1
1
5
0
1
6
8
5
0
2
1
3
2
11
1
1
17
12
3
1
0
2
3
2
1
5
1
3
1
8
10
4
-4
-5
0
-4
2
6
3
1
1
-1
2
5
2
11
6
3
1
1
2
1
7
1
3
5
3
3
2
3
0
5
3
1
7
0
2
-1
6
7
1
1
2
2
29
2
1
17
30
4
13
10
122
20
9
2
7
-4
1
0
1
1
32
2
1
25
1
14
1
1
4
4
1
2
1
15
11
20
6
0
15
26
1
5
2
-1
13
1
1
0
2
0
1
2
2
1
5
9
2
5
3
2
0
8
28
0
1
2
53
3
-2
2
47
1
1
0
2
2
2
3
0
9
1
-1
18
1
1
5
-3
5
1
9
3
3
1
1
0
1
2
4
2
3
0
1
3
1
2
1
-1
-1
0
10
1
1
-2
1
1
1
2
1
6
1
1
1
1
0
-1
1
11
1
0
9
7
0
6
1
1
1
1
2
3
16
4
2
1
0
3
1
0
6
1
14
-3
4
0
2
0
6
4
4
4
1
7
5
0
3
5
1
3
0
2
2
-2
1
1
2
4
1
0
1
1
1
0
2
1
8
1
2
1
2
1
1
1
1
1
1
4
1
1
0
1
15
17
1
2
1
0
1
13
1
0
1
2
1
6
1
1
2
1
11
1
5
36
1
1
0
2
-6
1
0
1
1
1
1
1
3
16
2
2
12
1
1
12
1
1
1
25
25
2
3
26
1
-1
4
2
1
2
8
1
1
1
1
2
10
2
3
2
-3
11
2
2
-1
2
4
2
1
2
0
3
4
1
5
5
13
11
-14
15
4
1
0
0
3
1
3
-3
0
1
12
2
2
2
9
2
11
9
1
-1
-4
3
1
2
1
0
2
2
1
3
1
1
3
2
2
6
3
1
4
1
1
1
1
1
5
9
3
1
4
1
1
1
10
3
4
7
1
1
1
0
1
1
1
1
6
1
13
3
1
1
12
5
0
2
-1
8
0
1
1
0
2
1
4
1
2
3
47
3
1
2
0
2
4
3
1
2
12
2
1
12
23
9
3
2
7
3
1
-1
5
0
0
10
3
10
1
1
2
2
6
3
4
1
2
7
3
2
1
6
39
2
14
1
3
6
1
0
0
2
1
2
1
20
1
1
11
6
6
9
7
4
1
6
-1
5
2
2
2
13
1
-1
1
2
2
8
1
3
1
1
2
2
1
1
2
1
6
16
5
8
-5
-11
9
-11
-4
12
7
-2
24
1
-2
2
0
-1
5
4
1
2
25
4
7
0
-1
8
8
1
5
-3
2
-8
1
1
2
1
2
1
0
7
12
16
15
1
8
0
2
0
1
1
1
1
3
0
2
41
2
3
21
3
9
7
20
5
11
2
1
2
1
2
3
1
-2
2
2
0
2
5
1
2
1
1
14
-2
1
7
4
-1
1
5
5
3
17
5
5
1
-1
-1
2
0
1
47
1
24
7
2
1
3
3
1
1
0
0
0
1
3
4
-2
2
3
61
33
20
7
3
1
-1
0
11
30
1
3
4
1
5
4
3
2
1
-2
4
1
3
1
2
0
3
2
4
0
1
1
1
2
1
1
-1
3
0
1
2
-4
1
3
18
3
3
12
2
5
2
1
-1
1
1
1
0
13
1
18
4
3
2
1
1
1
2
1
1
0
2
2
1
1
4
1
1
1
1
7
1
2
17
0
1
5
1
3
1
1
1
1
2
0
1
1
2
1
13
-8
6
5
0
0
1
1
2
2
1
1
-1
1
0
3
0
1
6
1
2
-1
2
0
3
-1
2
3
36
2
9
2
1
1
3
5
12
1
1
55
1
1
2
0
5
4
10
50
3
5
9
1
3
1
1
1
-1
5
0
3
9
4
5
5
9
3
-1
1
0
25
1
3
2
1
-10
1
1
1
2
1
1
1
1
3
1
5
1
5
1
-1
1
3
1
1
1
0
3
1
15
1
4
2
10
1
4
3
1
-3
1
1
1
1
-6
1
6
3
6
3
11
1
-6
-1
3
6
3
2
2
3
3
4
2
2
5
56
4
3
1
1
5
-2
0
2
3
2
3
3
1
3
3
1
1
-1
1
8
1
9
14
4
6
3
2
1
2
1
3
1
4
5
-1
6
1
3
1
1
3
0
-1
2
1
1
5
53
2
2
1
2
1
1
2
1
-5
14
1
0
19
0
2
5
1
1
15
2
1
4
1
5
2
3
4
3
6
2
2
1
3
2
3
4
1
3
1
2
1
1
2
1
-1
2
1
-3
2
1
3
2
2
8
2
4
1
-3
4
1
1
1
2
1
4
9
42
10
2
1
20
12
7
2
11
0
2
5
6
1
2
6
17
1
0
-1
2
8
1
2
1
8
0
4
11
1
9
1
2
7
9
4
1
2
1
3
1
1
0
84
7
13
0
0
2
2
1
1
2
2
1
9
-1
3
1
17
3
5
1
4
7
3
1
3
2
2
1
3
3
2
2
19
20
3
1
3
53
23
1
23
5
4
1
9
1
9
4
4
6
3
6
7
9
0
-4
1
1
2
4
8
6
1
1
235
4
2
36
5
1
54
2
-4
-3
5
0
3
14
165
1
1
-1
2
2
4
2
2
2
-4
12
1
3
0
1
2
11
1
3
0
0
5
1
62
1
9
3
2
1
1
1
1
5
1
1
-3
-1
1
20
4
54
1
2
14
1
-13
2
6
1
1
8
2
1
1
-1
1
1
3
7
1
2
1
1
3
1
1
2
1
-1
-12
1
-15
1
1
2
1
1
2
4
1
1
3
-1
1
0
1
1
1
1
1
3
0
0
2
1
1
1
2
8
1
5
9
4
18
2
1
1
3
10
9
2
41
2
2
0
1
11
5
1
1
2
11
3
1
11
0
6
4
3
1
1
16
1
1
1
1
2
7
-1
2
4
1
11
5
2
2
1
1
6
1
7
1
-4
2
1
-1
1
3
1
1
1
0
0
2
3
3
2
2
10
1
0
2
-1
6
9
0
2
1
8
9
4
2
-5
1
1
3
1
1
0
4
1
1
3
-1
1
1
3
0
6
2
7
3
14
1
2
2
15
23
1
2
1
92
18
8
3
4
1
8
4
3
-1
727
1
-1
-1
0
9
3
1
2
0
4
3
5
18
1
2
1
2
1
1
3
3
-1
1
1
2
21
3
2
1
0
2
1
3
1
1
1
2
1
2
2
1
1
1
1
1
1
2
3
1
1
1
1
1
2
1
1
2
6
3
11
22
23
24
1
1
-5
3
1
1
1
1
-2
1
7
7
2
2
1
3
1
1
1
3
1
1
2
4
4
1
0
1
2
1
3
4
1
1
2
-5
1
4
7
0
0
1
3
4
1
-6
1
0
1
0
3
7
2
1
2
4
2
7
-2
-5
1
2
3
2
1
1
3
1
1
1
1
2
2
0
2
1
2
2
1
1
1
1
3
4
0
2
2
-1
6
6
2
2
1
2
1
7
2
2
2
2
1
2
2
2
15
2
10
8
1
8
1
6
2
3
2
2
2
5
21
0
9
3
5
-3
3
