-13
-1
2
1
7
1
-1
3
8
2
0
7
9
1
-2
0
2
2
3
3
2
1
4
1
3
1
3
77
2
79
407
3
6
15
52
3
2
1
1
1
-1
1
7
5
2
5
4
1
2
1
0
1
11
2
11
7
8
-13
2
11
5
2
-1
10
2
1
5
1
2
1
3
0
13
3
16
2
3
-3
1
2
2
1
8
6
1
18
22
1
1
3
5
2
1
5
1
2
10
2
6
0
1
1
1
0
1
47
1
6
1
1
1
3
2
3
2
8
2
2
2
1
1
1
1
6
1
1
146
1
5
1
1
6
4
2
1
1
11
7
3
33
4
2
1
1
1
3
3
2
1
1
25
23
3
3
1
2
8
3
7
1
1
1
2
9
3
-1
71
12
1
1
1
2
1
1
1
2
1
1
1
2
1
1
1
3
1
2
11
1
1
2
1
1
1
1
17
1
2
2
2
1
7
4
1
2
1
13
12
1
1
2
0
19
1
1
5
1
1
37
1
2
2
1
3
-4
1
1
-5
0
1
16
12
1
2
2
5
7
2
-1
5
2
3
1
1
2
1
4
-1
3
0
1
2
2
2
1
1
3
10
2
1
3
1
6
1
11
1
49
3
-4
10
4
3
0
1
3
6
1
1
2
2
3
4
3
5
0
2
0
47
1
2
1
0
1
1
1
3
3
23
2
7
1
3
1
0
4
7
2
3
1
2
6
0
5
1
-2
2
5
6
3
1
2
1
4
1
1
5
2
-5
1
0
3
1
1
2
4
5
3
1
4
8
14
3
11
2
2
2
1
2
6
6
5
2
4
4
2
2
3
5
7
-2
1
2
2
1
1
-2
-2
2
-2
2
3
33
0
3
1
1
29
1
3
0
1
0
2
9
1
1
3
3
2
1
10
1
7
1
1
1
1
-5
1
1
2
3
1
1
0
1
20
4
1
1
1
4
2
7
4
1
1
2
1
1
3
11
2
2
2
2
8
2
3
3
0
2
2
0
2
-1
9
0
1
1
0
3
2
1
2
1
1
1
1
1
1
0
2
1
1
0
0
1
5
2
1
6
2
3
2
1
-1
1
2
1
0
1
20
3
1
2
1
4
1
5
0
1
1
8
15
2
2
3
1
1
1
1
2
1
1
5
0
-1
2
2
11
1
7
2
2
3
2
8
1
4
2
1
10
1
1
3
2
1
2
4
5
3
13
2
1
5
2
1
22
3
2
1
4
10
7
-1
1
2
8
60
2
1
7
3
1
1
1
2
3
2
1
1
1
3
3
2
2
2
1
2
12
-4
4
3
1
8
1
2
-1
6
5
10
17
-2
6
1
2
1
-2
3
5
1
1
1
4
15
2
4
3
1
1
11
3
1
1
2
5
6
2
0
1
1
11
0
2
45
3
1
4
1
-13
20
3
1
5
-4
6
10
8
2
1
3
6
5
3
1
14
-5
1
1
3
9
1
1
3
7
4
1
1
37
6
7
1
1
14
17
-12
115
6
-2
2
2
1
2
5
0
-13
6
4
-8
-9
6
18
1
2
18
1
2
5
50
3
-1
1
22
3
10
1
1
1
-1
4
3
2
1
1
0
0
5
8
1
1
1
9
34
4
0
1
4
23
1
29
-10
6
2
4
-4
-9
1
-1
8
-1
2
1
43
1
1
1
2
1
-6
1
1
2
-1
2
5
3
5
2
0
1
1
-2
1
3
8
4
1
4
3
2
1
1
22
1
1
1
3
-6
1
1
-1
1
1
1
2
1
1
4
1
3
1
4
1
1
1
7
1
3
1
1
1
5
-1
1
2
2
3
1
2
1
3
1
0
1
1
1
1
3
2
2
5
-1
-2
2
0
2
2
1
1
1
1
1
2
1
5
1
56
0
3
1
1
2
3
4
4
2
6
2
10
1
2
1
1
34
3
0
1
17
6
2
1
3
1
5
3
1
35
1
2
22
0
5
1
1
1
0
0
2
2
1
18
6
4
8
5
2
1
1
1
18
-4
5
5
2
1
1
6
1
5
2
45
1
6
10
1
1
9
16
2
1
4
5
2
1
2
1
3
0
2
2
7
1
2
2
1
0
1
8
2
3
1
2
5
1
1
1
6
2
1
1
1
1
2
3
1
1
1
11
1
3
7
2
1
1
1
28
5
2
0
5
30
0
0
3
0
1
0
-1
1
1
3
1
5
1
4
1
2
5
2
2
4
31
7
1
1
1
1
4
-26
2
1
1
8
3
1
8
-2
4
2
1
2
2
3
3
3
3
2
3
1
1
39
4
26
2
28
2
2
1
0
2
1
-8
-1
1
1
3
2
6
-11
1
2
-1
-4
-11
4
2
2
2
4
-6
-5
3
3
1
0
1
2
2
1
1
1
12
1
1
1
12
4
1
4
8
2
2
1
5
0
1
1
1
2
0
3
2
2
2
3
1
1
2
1
1
1
0
6
3
10
13
1
1
2
0
1
2
1
1
-1
1
6
1
9
1
1
1
1
2
1
1
1
1
1
2
1
2
1
2
2
1
1
1
2
1
1
2
1
2
1
19
1
1
1
-5
2
23
2
-16
2
7
24
-11
20
15
3
3
1
4
2
4
11
1
1
-9
-10
-1
8
9
5
8
6
-6
4
2
3
9
4
-2
2
1
3
8
6
3
5
6
1
1
15
1
2
4
2
18
1
3
1
0
0
-3
2
-2
1
3
1
1
1
-2
4
0
2
1
70
40
1
1
2
1
2
0
-1
14
2
2
1
1
7
1
2
1
1
1
3
1
1
1
1
1
2
2
1
2
0
1
0
6
2
1
2
5
16
3
2
12
1
6
2
0
2
2
2
1
1
4
1
27
3
4
2
25
-1
1
3
6
2
3
1
10
2
8
4
2
0
-1
1
-12
54
5
-7
20
2
10
0
2
34
5
3
7
17
40
6
2
1
-1
1
5
0
6
-5
0
1
3
9
7
48
2
3
6
1
2
1
4
2
1
4
2
5
8
10
3
1
15
5
1
1
1
1
8
2
-14
3
9
3
1
5
2
1
1
1
1
2
1
3
-1
-1
1
1
2
3
1
1
16
2
3
1
3
5
0
1
1
1
4
1
1
3
2
2
0
2
2
1
1
10
0
3
4
1
1
19
2
2
5
0
13
7
1
1
5
1
1
1
3
3
1
1
2
8
-4
1
2
1
0
3
3
3
2
2
3
3
1
1
2
2
1
0
1
-2
1
102
1
4
12
3
3
1
1
1
-2
1
1
6
0
1
1
0
5
30
4
3
9
1
2
2
1
1
5
0
3
1
5
1
2
1
8
5
3
1
1
1
-1
1
1
1
0
1
4
10
-3
2
2
1
3
2
3
-1
2
2
1
2
1
0
13
1
3
3
1
2
2
-1
1
3
2
1
2
3
10
2
3
2
3
2
2
3
2
3
1
2
0
-2
1
4
1
1
2
2
2
2
3
2
2
1
3
5
5
-6
1
2
2
5
1
1
1
1
2
3
1
8
1
1
5
9
1
7
3
1
1
1
4
2
2
1
1
3
1
2
1
-5
3
2
1
1
1
2
1
2
3
13
4
1
1
3
3
9
1
2
27
1
3
2
1
279
2
27
1
2
4
-1
6
4
3
1
26
1
5
12
0
7
2
1
2
5
-1
3
1
2
2
4
5
5
23
-1
2
-2
1
4
5
19
8
1
-1
1
2
1
2
1
1
0
1
1
1
2
1
-1
8
1
8
27
1
1
1
3
1
33
1
1
1
2
1
10
2
1
-1
1
1
1
1
1
1
2
5
1
1
8
15
2
1
1
1
2
1
-2
2
2
1
10
13
2
-1
1
54
1
0
1
1
1
1
4
1
12
1
4
4
2
1
0
1
1
1
0
4
6
2
2
0
2
2
2
-1
1
0
1
3
1
13
2
1
1
2
3
-4
1
1
1
7
1
3
3
1
0
1
1
0
2
2
1
8
20
8
1
0
2
2
1
1
3
0
2
1
6
1
2
1
2
0
1
4
0
0
2
2
2
11
1
7
1
0
4
3
2
1
2
1
2
0
1
1
1
1
1
1
3
2
1
0
2
1
5
1
1
2
0
1
1
1
1
0
0
5
9
0
1
1
19
5
0
1
-2
1
0
2
1
1
1
1
1
1
3
2
1
1
2
0
2
1
2
2
5
3
3
1
0
4
2
1
1
2
2
1
3
1
2
-1
1
0
0
3
1
5
1
2
1
1
1
6
1
1
1
2
1
1
1
1
0
15
1
1
-1
1
2
7
1
2
3
1
4
1
5
2
2
1
1
3
4
1
1
3
1
1
1
1
4
1
1
2
2
1
39
2
1
1
1
2
1
1
23
1
1
1
1
2
1
3
33
2
2
2
8
10
2
-1
1
1
1
3
6
5
1
1
2
1
1
1
9
1
2
15
1
3
10
10
1
1
0
56
2
9
4
1
1
2
4
9
5
1
1
1
1
3
2
22
1
1
5
1
8
24
4
9
-8
6
3
4
1
-5
12
3
-1
2
-1
1
14
9
4
1
4
4
3
-4
-1
2
12
4
11
1
1
1
6
5
2
2
9
7
0
5
2
2
1
2
1
4
1
1
7
1
5
3
-2
1
5
1
1
2
1
15
1
1
3
1
3
8
5
2
3
7
1
3
2
1
5
1
5
5
8
4
10
1
1
3
16
20
7
1
1
2
1
4
1
2
3
27
5
5
6
1
3
1
1
6
3
2
1
0
2
4
15
-2
4
1
3
2
1
5
0
1
5
11
13
1
2
-1
2
2
2
1
2
1
1
2
1
8
18
0
9
27
5
1
0
14
2
-1
0
1
11
11
1
3
14
5
4
1
7
1
1
9
2
1
4
1
1
18
2
1
0
9
1
3
3
4
1
-4
5
0
3
4
2
243
1
1
1
1
1
3
2
-6
5
1
1
1
1
2
1
5
1
1
1
1
6
2
5
3
1
2
16
1
3
17
1
1
1
1
1
2
1
2
1
46
16
3
9
29
28
21
1
1
1
2
9
1
1
6
1
1
1
1
1
2
10
2
1
149
2
2
13
1
10
17
1
10
1
3
1
1
0
6
4
1
9
3
8
1
21
2
1
0
34
6
-2
1
1
24
1
1
1
6
0
-2
8
8
1
0
8
178
-1
7
2
4
2
1
1
1
2
0
10
-1
349
13
8
1
2
2
1
1
4
1
13
3
-10
2
1
-8
16
4
-1
1
2
-1
3
3
1
2
1
-1
1
4
1
2
4
2
1
2
5
1
1
1
1
6
1
17
5
1
6
2
3
3
1
10
1
1
1
1
0
2
24
1
-1
1
2
13
2
2
18
1
4
1
1
1
1
2
0
1
-6
6
12
13
1
1
1
2
6
4
1
1
1
1
2
1
1
3
4
1
1
1
1
1
1
0
3
2
3
5
9
3
1
7
3
1
5
15
3
2
6
2
2
18
1
2
10
1
28
1
145
4
5
3
5
2
5
1
1
7
6
14
2
5
1
1
13
1
1
3
2
2
-1
8
1
1
-1
16
6
2
2
5
0
1
45
0
-1
10
7
3
1
5
0
6
1
2
2
1
1
2
57
1
0
2
0
0
1
1
2
7
1
1
4
4
1
2
1
1
2
1
1
5
3
3
-7
2
1
3
-2
10
1
2
0
-5
1
1
1
6
7
21
3
4
1
7
1
1
-5
6
4
1
3
1
2
89
285
3
0
5
1
9
2
-3
12
-9
-4
49
16
4
0
1
6
-1
1
44
1
3
-2
2
5
2
16
5
-8
1
3
1
1
1
4
1
3
2
2
10
1
1
2
9
1
12
1
3
3
5
17
-2
18
1
14
60
39
4
24
8
1
8
2
12
2
-3
-3
3
1
1
8
1
9
1
1
2
1
5
1
1
179
1
1
1
3
1
5
0
14
1
1
1
1
1
1
1
33
1
1
29
3
3
1
-3
1
6
1
2
4
1
3
-2
3
11
1
1
2
1
1
2
2
1
1
0
1
1
1
1
1
1
44
18
2
1
1
9
1
3
6
2
75
1
9
1
1
2
1
4
1
3
1
2
0
17
0
2
2
1
1
2
1
23
1
-1
0
2
1
1
1
1
-1
2
1
0
1
0
1
2
1
1
19
8
1
3
1
2
1
2
4
2
1
1
1
2
1
6
2
2
1
2
2
0
3
1
1
2
3
1
1
2
1
1
1
1
1
20
1
1
1
1
1
1
0
2
25
2
2
1
11
6
1
0
2
2
2
24
1
2
6
1
1
3
1
3
8
5
4
3
5
1
2
1
1
1
6
3
3
1
2
3
1
1
1
1
0
1
1
1
0
7
9
1
18
1
-1
1
5
3
1
1
0
1
1
1
1
-1
1
1
2
1
1
4
1
3
1
7
1
19
2
3
1
10
2
1
15
2
2
1
1
1
1
1
2
2
2
2
1
42
0
5
1
-1
4
2
2
1
1
1
1
1
1
2
1
1
5
1
1
1
1
2
3
20
3
1
1
3
1
1
1
1
2
2
1
1
1
6
2
2
2
1
1
1
4
1
1
6
3
2
2
1
6
1
1
1
1
3
1
2
2
1
2
1
7
-2
1
2
2
2
1
3
1
3
1
1
1
1
1
2
0
1
2
1
3
2
1
23
2
1
1
1
1
1
2
1
1
1
3
2
2
1
2
14
1
6
1
1
2
1
1
1
1
1
4
0
2
14
1
1
1
1
14
1
3
2
2
1
6
1
1
1
2
1
1
3
2
2
3
1
1
1
3
1
1
7
9
3
2
1
0
3
1
2
3
2
2
3
1
1
3
4
2
1
2
2
10
5
0
1
3
5
2
0
2
0
0
1
1
0
3
13
1
-2
7
3
-6
1
15
3
19
1
42
1
-1
1
1
1
5
3
4
3
1
7
1
7
3
1
4
2
1
1
1
-8
1
1
1
3
2
2
1
2
2
4
35
1
1
1
1
4
1
1
17
4
2
1
7
5
2
1
1
1
-1
0
2
2
1
5
1
1
0
2
3
1
1
5
1
2
0
3
11
19
1
1
6
8
1
9
3
8
5
1
9
0
2
6
1
2
1
4
2
1
2
3
2
2
2
1
1
1
4
-4
2
5
3
1
7
4
1
11
18
2
1
2
1
2
1
2
4
1
1
13
3
3
4
26
2
2
0
1
0
12
34
3
1
1
2
1
1
0
-3
0
7
1
1
1
6
3
1
3
2
0
1
145
1
17
1
1
114
18
22
1
3
0
1
1
1
3
1
2
6
2
1
1
6
2
3
7
1
2
2
1
12
1
2
3
1
7
1
4
2
2
1
16
3
1
2
2
3
2
4
2
1
-3
1
4
1
1
1
3
1
0
2
2
1
3
1
1
2
1
4
23
13
6
0
5
4
3
1
2
2
1
5
1
10
1
1
3
2
5
4
2
3
3
3
1
2
0
0
5
1
1
2
3
1
5
1
1
1
1
2
1
1
2
1
3
1
1
1
2
85
1
1
15
4
3
1
1
1
14
2
4
4
1
1
2
7
2
2
2
5
1
4
2
2
1
3
19
1
5
22
5
7
2
2
20
2
6
5
1
2
1
4
4
3
3
1
3
2
6
0
3
1
2
1
4
1
2
1
1
1
6
2
3
2
1
3
2
19
4
1
0
2
1
2
0
1
1
1
29
1
2
2
1
1
1
3
1
1
2
1
1
1
1
1
1
15
7
0
3
1
1
1
3
1
1
0
2
2
1
0
-2
1
1
1
4
3
1
2
17
2
30
1
1
3
1
1
27
1
1
1
1
3
2
28
1
-8
5
2
1
6
0
1
9
5
3
5
12
1
2
152
3
2
11
59
2
0
1
1
3
2
1
3
1
1
3
0
0
1
1
2
6
-3
3
1
3
1
2
1
5
0
1
1
1
-1
1
1
1
2
1
1
1
0
4
1
0
2
1
1
-1
1
1
1
1
1
10
1
1
1
1
-7
191
3
1
19
11
23
1
18
2
3
-2
2
4
2
4
4
0
8
1
1
1
1
5
1
1
19
18
3
15
1
1
-1
2
1
1
30
1
2
8
2
1
1
4
3
2
4
2
1
1
1
7
1
14
3
1
1
5
1
1
3
1
4
8
1
4
7
4
13
4
2
1
1
23
3
1
1
4
3
2
1
5
6
3
5
0
2
2
3
1
1
1
1
1
1
1
3
1
10
3
1
1
26
1
6
1
2
1
1
1
-9
2
16
3
2
4
2
0
1
1
0
2
1
0
0
2
3
11
2
2
0
2
0
1
9
22
24
3
10
-7
29
2
20
2
1
12
-4
8
2
1
1
4
1
12
-1
1
-2
2
3
1
1
1
0
4
1
1
3
0
-2
1
1
3
8
1
2
1
1
2
1
1
2
3
3
1
3
1
7
1
8
16
1
6
2
2
4
1
23
6
0
6
2
23
2
3
2
1
2
1
3
1
-1
15
1
0
1
1
1
1
1
6
1
2
10
1
2
1
1
1
1
6
3
3
7
2
5
37
18
1
2
1
-1
-8
2
1
5
2
1
14
1
2
2
1
1
1
2
2
1
11
1
5
1
2
3
2
0
1
2
3
18
2
1
-2
0
2
1
1
50
1
2
6
2
1
1
1
1
1
6
2
1
12
1
2
2
1
-1
4
1
1
2
1
1
1
7
1
1
4
1
1
-4
1
1
7
2
2
2
1
2
1
5
7
4
7
1
1
1
0
2
1
2
0
1
16
2
1
0
1
2
6
0
3
1
0
0
1
1
-5
1
3
-7
6
1
5
4
1
3
2
1
3
2
3
3
4
1
4
4
3
1
1
1
1
4
1
0
1
2
1
2
1
5
1
1
2
1
2
3
2
2
2
3
2
0
1
0
1
1
15
2
2
3
2
2
0
2
4
1
1
1
2
1
1
16
1
1
2
1
0
4
-1
1
1
7
4
1
3
1
1
4
1
1
7
3
1
4
3
4
2
1
3
1
11
1
1
2
1
1
1
7
1
1
1
1
1
1
2
1
1
-1
1
3
3
1
2
1
1
1
3
3
2
3
3
1
1
1
8
1
2
