1
1
1
1
4
1
3
2
2
1
-4
2
1
3
16
2
6
-1
1
53
33
2
-5
3
2
36
1
4
7
-1
-3
1
1
2
45
4
22
5
1
1
1
1
7
4
6
2
2
1
1
5
4
2
3
6
6
20
1
5
-1
2
1
1
82
2
1
2
1
11
1
0
0
-4
3
2
13
12
-1
2
-8
1
2
3
1
1
39
1
-1
2
15
2
1
1
1
3
2
2
16
0
17
2
2
2
3
30
2
1
7
1
1
8
1
1
4
0
1
2
1
2
5
1
2
7
16
1
1
1
1
1
1
1
3
3
3
12
3
1
1
21
1
1
1
1
1
3
3
3
2
2
25
4
23
10
3
1
0
2
23
3
8
0
0
1
1
2
1
66
4
2
28
2
1
12
1
3
5
-3
4
1
3
3
11
23
20
1
5
20
1
1
0
3
1
1
3
2
1
23
2
5
2
0
1
3
1
2
2
5
2
1
2
2
1
2
5
3
1
1
1
1
1
4
1
1
1
1
3
1
1
1
0
-1
1
0
3
2
3
1
1
3
0
1
3
1
6
1
10
1
11
2
2
1
1
1
-11
6
2
11
0
2
1
1
1
1
0
5
3
1
9
2
1
2
0
3
2
2
7
3
24
1
2
-5
24
1
12
3
1
0
1
1
1
7
1
9
3
1
6
-2
1
1
2
9
1
1
1
16
1
2
1
1
1
3
2
-2
1
3
1
2
4
1
1
-2
2
2
2
1
-1
19
1
1
10
1
10
0
1
1
7
1
2
31
2
4
1
2
2
3
0
0
2
2
0
1
1
2
0
1
5
1
1
2
1
1
2
-6
28
-2
1
7
5
1
2
1
5
1
7
37
15
0
2
1
8
2
16
2
1
2
4
3
3
1
1
16
2
1
-1
1
0
7
8
2
1
1
2
2
15
4
2
10
5
7
10
3
4
3
2
1
1
2
1
1
23
0
3
3
4
4
0
3
3
4
13
1
2
3
1
8
0
1
18
2
9
-8
13
1
12
27
3
2
3
1
6
0
1
1
5
-3
1
3
-2
2
6
1
1
2
2
-2
2
2
1
8
1
6
3
1
0
3
2
7
1
2
1
3
1
0
2
2
3
7
8
2
3
2
12
3
1
3
2
1
2
3
1
1
1
1
5
-1
3
152
2
1
5
1
0
1
2
2
8
19
1
0
2
9
1
1
0
1
54
1
-3
1
10
14
3
1
1
1
7
2
1
10
1
5
6
21
1
1
1
12
2
1
1
7
1
1
8
1
2
2
9
2
0
11
3
1
1
2
2
6
7
-1
2
6
1
4
0
1
1
3
2
1
1
1
15
2
1
1
1
2
0
1
9
1
1
1
2
2
5
1
1
1
2
1
0
1
3
2
1
0
1
1
2
2
2
1
2
11
2
1
1
-4
1
4
-5
1
1
15
1
7
13
4
4
1
2
7
3
7
5
1
10
2
1
3
3
2
6
-1
2
2
3
1
5
3
7
3
12
8
18
1
11
1
1
6
1
-2
1
-2
2
1
1
1
2
2
9
3
4
2
286
15
2
2
2
4
3
1
2
2
3
16
10
1
1
2
15
1
1
3
1
2
1
3
2
3
2
2
1
4
1
2
5
-2
1
21
5
2
1
1
1
5
1
1
3
2
1
0
2
1
1
0
1
1
1
1
2
1
1
3
4
4
1
4
1
8
2
5
2
1
3
0
2
1
5
1
10
2
3
2
1
2
2
1
1
14
1
1
-5
5
1
1
1
1
0
1
1
3
8
-3
3
6
2
2
1
1
1
6
4
5
3
4
4
5
2
33
3
3
2
3
2
