3
7
-1
2
5
1
1
1
3
2
1
3
1
1
1
9
3
1
1
2
2
1
1
2
1
3
1
5
1
8
2
1
4
1
23
2
12
8
12
2
-1
1
1
4
2
1
11
2
13
8
2
1
3
2
1
2
3
2
2
1
1
5
2
224
2
6
2
1
11
1
1
14
3
0
54
2
2
2
1
3
2
0
1
3
1
9
1
7
8
3
1
2
1
3
1
5
4
12
3
6
2
3
2
1
0
2
2
1
2
1
1
4
1
2
1
1
7
6
1
1
1
1
1
4
6
1
-4
1
3
355
0
1
1
2
1
0
2
1
1
3
3
2
1
0
1
0
2
2
1
6
3
1
1
10
1
1
28
2
3
3
1
1
3
3
1
-2
1
2
0
1
1
2
3
1
5
2
1
4
0
6
0
-4
0
1
1
3
1
2
0
-7
2
10
1
1
3
1
1
0
-3
2
1
12
1
1
87
1
1
14
2
4
2
1
3
1
1
10
17
1
2
2
0
1
43
1
-3
15
3
3
1
3
1
2
4
-1
1
0
0
1
1
7
1
2
1
4
1
3
7
1
2
1
1
1
1
8
7
6
0
2
1
1
1
2
4
1
1
1
1
24
5
6
0
36
1
3
1
4
1
4
7
25
1
2
0
4
2
1
1
2
1
1
14
0
1
23
1
0
1
3
5
-9
1
2
1
1
3
0
3
-3
-4
1
1
11
2
3
1
53
2
8
1
1
12
3
2
1
1
1
1
2
6
1
3
5
2
1
2
3
6
4
1
2
5
2
3
5
1
6
4
4
3
0
1
1
16
2
-2
1
1
-3
58
0
7
7
3
2
4
1
2
1
6
0
1
7
8
1
1
5
2
2
3
2
3
1
5
2
2
7
1
2
1
2
1
1
0
1
1
1
1
1
1
1
7
-1
0
1
1
8
1
3
-2
2
1
15
1
8
1
6
1
1
1
1
2
1
5
-1
0
1
-3
18
1
1
-1
1
1
1
-2
1
1
-12
1
6
1
1
3
1
0
5
4
2
1
-1
2
1
2
2
-8
3
5
6
-4
-3
3
0
2
0
1
3
1
1
1
1
1
3
2
2
8
4
1
20
10
0
1
1
1
1
2
1
10
2
1
1
8
4
1
2
18
2
3
5
1
9
0
1
4
4
1
1
4
4
19
2
1
1
2
7
3
1
4
1
1
1
1
10
1
3
2
29
1
2
1
1
1
9
22
1
2
1
1
2
3
9
3
1
1
1
5
1
1
2
0
1
1
1
9
3
6
9
12
2
6
1
4
1
1
13
3
5
3
3
3
2
3
3
1
1
1
3
-2
4
1
5
1
1
1
1
9
8
2
1
1
2
4
2
1
5
7
-2
2
2
5
1
2
1
1
1
2
1
2
1
16
1
1
3
0
-4
1
2
27
11
1
1
1
2
1
2
2
1
1
3
-1
2
3
-1
7
5
1
5
19
3
1
3
3
14
1
1
1
3
3
1
4
2
3
8
1
29
2
1
37
12
3
2
1
1
9
1
1
1
1
3
1
19
40
3
2
4
56
2
1
1
3
1
2
4
6
1
8
1
2
2
2
3
1
5
4
2
1
3
3
4
2
8
3
3
6
2
3
3
2
-1
2
3
5
4
1
1
3
1
4
8
11
1
3
2
1
1
5
0
-1
1
4
57
1
2
2
2
6
5
3
2
3
1
-2
2
1
2
2
5
1
4
3
2
5
2
13
2
2
10
1
1
3
1
4
1
-5
1
1
1
2
2
2
1
0
2
1
2
2
8
1
45
3
1
3
7
-6
1
1
1
1
2
4
17
1
1
7
2
1
2
9
1
1
-4
1
3
2
7
2
2
5
1
1
-2
2
1
7
3
1
2
3
1
1
22
1
2
1
6
8
2
7
2
5
1
1
1
5
6
3
2
2
1
2
9
13
2
8
1
2
1
-9
11
1
2
1
1
5
1
6
6
2
-1
1
-1
1
2
0
1
2
1
2
2
1
2
2
0
2
4
0
1
1
6
1
10
1
2
6
15
2
1
1
2
4
1
1
1
3
77
9
3
3
4
1
8
1
0
1
1
1
2
3
1
1
2
1
2
0
1
4
1
10
7
6
1
-6
1
1
1
3
1
2
2
3
1
4
1
1
2
2
0
4
8
5
8
10
2
3
1
1
-1
1
1
2
1
1
1
36
-1
19
2
2
8
1
2
1
1
2
5
1
1
1
2
2
10
2
2
1
2
4
2
3
1
1
0
1
-2
3
29
3
2
1
1
1
1
2
-3
3
19
0
12
2
1
2
5
1
1
1
1
3
2
7
1
1
12
1
1
1
1
2
11
5
-1
-3
2
2
1
1
2
1
1
13
1
2
37
8
19
1
3
0
1
1
3
2
1
2
1
1
-11
24
3
3
-2
-3
3
1
1
1
3
1
1
1
1
8
2
5
22
1
1
1
2
17
1
3
-1
1
1
3
1
1
2
1
1
0
1
-5
1
3
-1
2
0
1
5
0
-3
1
1
0
2
2
1
2
2
1
16
1
2
3
2
2
2
1
2
1
0
4
1
1
1
5
1
1
2
7
16
1
5
6
8
1
1
1
2
11
0
0
1
2
2
1
2
1
1
-2
2
2
2
1
1
1
2
2
4
2
2
1
4
1
1
1
1
3
2
1
0
2
5
2
1
1
4
1
1
2
24
1
2
5
1
2
1
11
33
1
1
3
1
1
1
1
1
1
1
1
1
10
5
2
1
5
4
0
2
2
1
1
2
5
24
1
-1
2
-4
16
3
19
1
0
1
-2
1
1
3
3
2
1
2
6
1
1
7
1
1
3
1
2
2
1
4
2
1
1
0
1
2
1
1
2
1
1
1
9
0
0
1
1
5
16
1
1
26
4
1
1
1
0
2
2
1
2
2
1
0
1
1
1
2
2
14
1
1
1
1
1
1
2
2
1
53
0
3
1
1
14
1
1
2
1
4
1
1
7
3
1
1
1
6
3
1
3
2
1
1
1
2
0
22
5
10
13
3
1
1
-1
1
1
5
24
6
3
1
5
3
2
4
2
10
129
2
1
2
1
1
3
7
2
1
8
1
-4
1
1
0
1
15
1
17
1
1
2
0
1
1
1
1
0
-1
2
2
1
5
3
11
1
4
2
2
17
1
78
2
1
10
2
162
4
3
3
9
21
2
-1
1
1
1
1
2
8
1
2
-2
0
161
1
7
1
3
13
0
4
1
4
1
1
1
1
3
4
8
14
3
0
3
2
2
1
1
2
6
1
1
1
1
1
1
2
2
1
2
2
1
2
23
187
1
1
2
0
8
2
1
6
1
1
1
1
2
4
3
6
6
12
2
1
1
1
1
1
2
1
1
1
3
0
2
1
0
1
1
2
2
1
1
2
13
2
1
0
1
2
5
0
1
1
1
3
1
1
12
1
5
1
2
1
1
1
6
1
2
1
4
1
55
26
25
3
1
2
2
3
2
24
22
3
15
14
1
6
7
157
26
3
2
-4
12
-1
5
1
3
6
2
4
15
5
2
21
1
2
0
6
1
-2
1
1
1
1
1
32
1
25
1
1
1
2
4
4
1
1
2
2
9
3
1
23
-1
-1
-10
0
1
1
2
3
-11
1
51
2
1
5
14
1
1
0
1
2
1
0
5
1
5
7
3
2
1
19
3
9
3
4
0
1
3
-1
1
2
1
21
1
3
0
0
15
1
7
2
1
16
3
1
1
3
1
19
1
1
1
1
1
1
5
1
1
-14
-3
2
3
1
1
0
2
0
7
-7
2
-23
4
2
-6
2
0
14
0
4
2
6
1
1
2
7
1
1
1
6
1
3
1
-1
0
1
2
2
2
1
2
0
1
2
1
1
0
1
2
3
1
1
1
2
3
1
1
1
1
3
1
2
2
3
1
0
1
1
1
1
3
2
1
1
2
1
2
13
30
1
2
1
1
2
3
5
-5
2
-52
2
2
18
4
1
1
2
-9
7
0
8
22
1
1
3
3
2
11
8
1
1
1
-2
5
2
1
4
9
3
1
1
2
1
0
3
1
3
1
9
2
2
0
4
1
9
-1
2
3
-4
1
1
3
6
5
2
2
2
1
1
1
2
1
2
1
1
-4
2
4
4
5
1
1
1
2
1
1
1
47
7
3
1
5
2
8
2
1
5
1
2
2
3
2
1
1
4
2
3
1
15
72
1
1
-5
3
4
8
-3
-14
2
1
1
4
1
-7
61
1
2
3
5
5
2
1
12
20
1
11
20
1
50
4
3
0
1
41
3
5
1
1
1
11
2
2
9
7
0
1
3
2
8
1
2
1
1
2
2
5
5
-7
1
1
3
3
1
2
3
3
1
14
5
2
7
4
2
5
1
4
3
2
1
2
2
-14
15
1
51
2
1
1
-2
1
128
0
1
46
3
4
-13
1
6
54
1
1
2
2
8
7
2
0
10
2
78
-1
1
1
1
3
0
10
5
1
3
-1
20
2
1
1
1
232
0
0
2
1
11
1
31
1
1
1
1
1
1
1
3
4
-3
5
2
2
3
1
7
1
9
32
2
24
3
0
25
4
8
1
1
2
2
6
4
1
3
14
1
1
1
14
2
1
2
1
1
1
1
2
3
1
4
1
3
2
1
0
1
8
1
3
2
3
2
-7
-10
1
2
2
3
-21
1
1
1
-2
1
52
9
3
2
2
1
1
7
4
1
2
1
1
0
1
4
1
2
6
2
1
2
1
1
2
0
1
5
1
1
1
1
1
1
3
2
3
2
0
5
3
2
0
1
1
5
2
1
1
1
3
1
1
41
1
1
1
2
5
1
2
5
0
2
2
72
5
1
8
4
2
1
1
7
2
1
7
3
1
8
22
1
-6
2
2
3
2
2
1
1
2
5
1
1
3
1
1
46
1
1
2
3
8
0
1
1
2
2
4
2
5
3
0
1
2
0
1
5
4
4
5
6
9
1
1
3
1
1
1
3
3
1
2
2
2
1
-14
2
14
8
6
3
3
0
0
27
2
2
1
3
22
1
1
1
5
2
1
2
5
0
5
1
1
13
1
1
2
1
4
6
1
2
12
1
2
0
1
1
2
3
1
2
1
0
1
1
3
1
3
1
26
1
1
1
2
3
2
1
44
3
0
13
1
1
2
0
1
1
1
5
5
0
0
5
7
2
3
6
1
1
12
3
2
2
1
1
3
2
2
2
3
1
8
1
2
-1
2
1
1
1
1
29
2
15
1
1
2
1
6
1
0
2
2
1
0
1
2
0
2
3
-1
1
45
6
21
1
4
3
3
1
1
7
3
1
1
22
2
1
3
-2
1
1
3
37
8
1
2
2
2
11
28
1
2
1
1
1
0
5
2
10
1
7
5
1
1
2
4
-1
1
1
1
6
1
28
1
0
4
13
3
3
1
5
11
1
-1
3
2
1
1
-1
1
1
5
37
2
1
1
2
1
6
4
10
2
2
7
3
2
1
27
11
1
0
1
4
2
8
2
2
0
-7
1
1
12
1
4
1
1
3
2
5
4
5
3
1
2
3
4
6
0
1
0
4
2
4
6
1
0
2
2
1
3
3
0
3
2
3
1
3
1
1
2
2
1
1
5
0
2
3
7
2
1
1
4
1
0
1
2
3
1
4
30
2
2
1
1
2
1
3
24
1
-1
2
1
1
14
2
1
1
1
1
2
1
8
18
2
3
24
7
3
12
1
0
1
9
3
1
5
1
1
8
3
2
0
1
0
2
1
1
2
1
5
6
0
2
1
4
3
2
1
1
1
2
1
1
1
2
1
21
4
434
3
0
3
1
3
1
2
1
2
2
1
1
1
1
-4
2
1
76
8
3
1
2
4
1
2
1
5
8
-1
2
-1
1
2
8
4
0
1
3
1
15
4
13
2
3
1
1
3
15
1
2
2
2
3
-1
1
-2
1
1
1
2
1
1
4
1
1
1
0
-19
1
1
1
1
12
1
3
13
1
1
1
1
6
11
5
1
1
1
2
1
1
2
4
12
51
1
7
1
1
4
8
1
17
-5
3
3
3
1
8
1
1
3
1
2
1
1
1
2
3
1
1
1
1
1
1
3
1
0
1
2
1
1
1
2
1
2
1
2
1
1
0
1
5
1
1
1
1
3
5
2
2
1
1
1
2
1
1
2
2
0
1
2
1
2
0
2
1
1
6
1
5
1
1
3
1
-1
1
1
1
1
3
1
1
1
1
3
1
-3
1
-1
5
2
7
0
1
1
1
6
3
1
7
1
6
2
4
1
1
5
-6
1
1
1
2
5
2
2
2
3
1
3
2
3
1
2
3
5
6
3
5
2
1
1
-1
2
6
-1
1
5
829
5
2
1
1
1
1
11
1
2
-1
4
1
1
1
1
12
13
1
2
2
1
3
1
-1
1
2
6
1
2
2
2
1
2
1
1
1
1
-2
5
4
2
10
6
1
1
1
8
5
12
3
-3
7
10
1
6
2
1
3
1
-6
8
1
1
3
2
3
5
3
0
8
2
0
1
3
1
3
3
2
0
5
20
1
0
1
4
17
14
1
1
2
39
1
7
1
8
1
8
2
0
1
5
1
0
2
2
1
2
12
1
1
0
2
2
1
1
2
2
0
1
2
1
60
10
1
1
0
3
5
0
1
15
3
9
1
17
25
7
2
2
2
2
1
1
4
1
4
1
3
2
1
1
1
2
0
-1
9
2
3
-1
1
-1
0
3
1
2
2
2
1
4
7
0
1
15
1
3
2
3
1
-2
1
5
3
1
1
1
1
166
2
1
0
7
1
6
3
3
6
1
3
39
6
57
1
1
38
3
3
2
6
8
13
1
-8
3
5
2
1
5
3
25
2
1
2
1
2
7
2
6
1
1
-1
5
4
12
2
1
5
1
1
1
1
-1
1
69
11
3
-1
1
8
2
1
1
2
1
1
2
6
1
1
1
3
2
1
1
11
1
1
83
3
0
3
6
0
1
1
-1
1
3
3
2
1
6
0
1
2
1
-3
18
3
1
11
3
1
2
1
3
4
1
2
3
0
3
-4
0
1
13
2
2
1
5
1
1
3
1
2
2
5
2
-2
2
-1
6
1
15
4
2
1
2
3
1
2
38
1
1
4
1
3
1
1
3
0
9
1
4
1
3
1
2
1
5
6
9
1
1
1
2
4
1
17
4
-2
1
1
1
30
1
2
2
1
1
1
-7
2
-8
19
3
3
1
6
-9
0
3
1
1
1
1
11
12
0
7
5
3
-2
2
4
0
1
1
-1
2
2
1
3
1
1
17
6
3
13
6
7
9
2
5
3
1
5
4
3
1
1
46
3
1
-2
-12
1
4
1
1
9
3
239
3
48
-4
1
6
3
0
1
0
14
2
3
1
2
3
5
3
6
1
2
3
14
2
2
3
2
3
2
54
6
5
2
1
2
1
1
1
-11
1
2
2
1
0
1
1
6
1
46
1
6
1
3
1
1
2
0
2
1
1
0
1
3
2
1
3
1
1
7
3
6
2
3
14
2
3
1
9
1
0
1
2
2
5
1
1
1
2
1
1
1
3
2
2
3
1
1
1
3
3
1
5
1
0
1
1
2
5
1
9
-1
24
3
1
2
1
2
4
2
1
20
1
3
3
2
1
2
2
1
1
1
-1
1
1
17
17
2
9
1
1
3
5
28
4
1
4
1
1
5
1
0
3
0
1
1
1
1
1
27
2
2
1
3
2
12
1
1
1
3
10
3
10
0
2
1
7
-1
3
1
1
0
1
3
1
1
9
1
17
1
1
1
3
2
1
1
6
1
1
8
1
1
1
1
1
0
2
3
1
2
1
2
1
2
1
10
1
1
1
2
1
169
1
1
26
3
15
1
1
102
3
41
2
1
98
8
3
48
1
2
24
9
-10
-18
2
9
2
1
2
1
3
2
-2
-1
2
36
0
13
20
2
3
1
1
3
1
9
2
15
4
8
0
-4
1
2
9
13
0
10
2
3
0
2
4
9
3
2
2
2
21
19
1
6
1
0
2
5
20
1
2
1
2
1
2
11
2
2
0
1
2
1
0
1
2
0
52
24
0
24
2
1
2
1
8
3
2
2
13
2
0
-3
1
3
1
3
2
1
8
4
7
-1
1
3
1
23
8
3
1
1
1
2
2
1
1
1
1
3
1
8
2
3
10
1
1
2
4
17
9
3
1
1
1
2
2
2
-6
3
2
2
-1
2
1
0
1
1
2
5
1
1
3
1
2
1
1
1
2
1
3
3
1
3
6
1
1
1
2
2
1
1
1
1
1
9
8
-1
1
0
1
2
3
2
1
1
2
0
3
2
0
1
0
-2
7
1
0
1
1
-1
120
6
2
35
1
2
3
1
16
1
1
8
2
2
2
3
1
8
2
1
8
0
2
3
1
1
2
2
1
2
1
-3
2
1
1
6
2
4
8
0
1
1
6
1
2
4
-1
2
1
2
2
-2
4
2
2
3
2
1
4
2
2
6
3
9
1
12
2
2
1
-2
1
1
1
-6
2
5
8
-1
2
1
3
3
5
2
1
32
2
7
1
2
2
16
2
5
1
0
2
7
6
6
1
2
34
0
1
5
32
2
2
2
1
2
5
-2
12
7
-3
2
2
16
2
1
11
1
7
1
0
5
-1
13
1
1
9
1
1
3
0
39
6
1
1
2
3
16
-2
0
1
1
-8
-1
2
1
2
1
-3
5
11
4
2
-1
10
1
-1
-2
1
1
1
2
2
0
2
2
1
2
1
0
0
-2
1
0
-1
1
3
2
-3
-2
38
-1
2
0
1
-1
3
12
3
1
2
1
1
111
21
5
7
1
3
20
1
1
1
1
6
9
0
0
-2
0
1
1
-2
1
1
1
26
1
3
1
2
1
2
2
1
2
1
1
2
5
2
11
1
5
1
5
3
0
7
-3
4
2
3
5
0
1
14
33
14
4
2
2
8
0
8
2
2
1
1
1
5
1
1
2
0
1
15
2
3
1
-1
4
6
4
1
1
1
2
1
3
3
1
5
2
1
3
4
2
3
2
5
0
1
2
1
2
1
7
1
5
71
1
7
2
251
4
1
1
3
2
1
3
1
2
2
2
1
3
7
1
91
1
2
1
1
2
31
1
1
-11
14
7
2
1
16
7
1
3
6
6
1
2
3
1
2
6
2
8
1
9
1
2
1
0
1
1
2
1
1
1
1
2
1
1
1
2
1
1
1
1
1
1
1
1
6
2
2
1
2
-11
1
1
2
2
2
6
2
2
-1
3
3
26
42
136
5
3
24
21
1
-1
1
2
7
10
2
3
2
31
2
11
7
1
25
1
9
3
1
11
1
3
13
5
0
90
32
2
1
1
6
2
1
1
2
4
4
3
2
1
1
1
1
0
9
5
4
1
1
3
1
2
1
1
1
1
7
2
24
1
7
16
13
1
2
1
8
14
1
1
4
6
2
6
2
1
1
7
2
5
0
1
3
1
2
4
0
8
2
1
1
7
2
2
3
2
1
2
27
2
2
2
2
3
3
3
3
2
1
1
1
8
2
1
1
2
3
-8
1
1
1
1
2
1
131
3
8
4
3
4
3
1
10
17
2
3
0
1
1
1
1
2
1
0
5
2
2
2
2
3
4
6
0
1
1
1
8
3
1
2
1
23
4
1
9
7
0
1
6
3
75
1
3
1
1
2
1
1
2
1
1
1
2
1
1
1
1
6
20
1
8
1
0
1
17
3
9
2
0
1
1
11
1
1
1
1
5
5
-1
1
1
1
1
1
6
5
1
18
2
2
1
4
2
1
1
3
1
1
4
1
1
1
1
2
2
2
2
1
4
1
3
2
3
1
9
2
3
1
6
3
28
1
3
2
1
1
1
1
1
50
2
-1
2
1
1
0
10
4
2
2
2
1
1
3
1
1
1
1
2
1
2
2
59
3
2
5
1
22
1
8
3
-14
4
4
1
1
1
1
6
0
13
1
13
11
15
1
13
10
4
7
4
1
78
1
1
2
1
6
8
5
1
30
1
2
2
1
1
2
1
3
0
25
2
1
4
3
1
1
1
1
1
2
1
20
1
1
1
108
-7
5
1
-1
1
5
1
3
1
1
1
1
1
1
2
1
3
1
8
1
1
-4
2
32
1
1
12
3
0
1
1
2
1
1
1
2
2
1
6
2
2
1
2
1
1
1
1
180
1
1
1
2
1
2
55
2
1
1
20
3
0
-3
1
2
0
2
5
0
3
15
1
3
1
1
-3
0
2
1
8
1
4
2
4
0
-6
-3
8
-1
3
-19
2
1
1
5
4
-1
-1
15
5
1
1
3
2
1
10
6
2
1
1
1
1
3
0
1
1
1
0
3
0
1
3
128
11
-9
1
4
0
3
-3
1
3
1
1
1
3
1
1
1
2
10
2
1
1
-3
2
0
11
1
1
4
1
1
1
1
1
3
2
10
13
10
1
1
2
2
2
1
2
5
2
1
5
1
1
11
1
20
-1
1
2
1
2
1
4
2
-21
0
3
21
1
-7
-1
1
18
1
3
2
18
2
1
2
3
2
2
3
6
2
1
1
2
1
3
1
3
1
3
1
1
2
2
1
1
1
1
0
-1
0
2
1
5
2
1
3
4
1
2
1
3
13
3
-1
2
1
1
4
2
1
3
20
1
4
2
4
1
1
-3
1
1
2
1
15
1
2
1
2
4
6
3
2
2
2
1
2
1
1
7
6
1
1
34
1
2
2
1
1
5
0
4
-2
2
1
2
3
3
1
2
2
5
1
7
2
3
1
1
4
2
0
1
1
1
