2
2
3
2
2
1
2
19
9
0
3
7
2
13
1
1
1
1
1
1
1
2
25
18
-2
1
4
2
1
2
44
1
152
1
3
33
61
10
4
21
5
1
1
6
2
7
0
1
1
-1
4
18
-2
2
14
7
3
-5
4
22
1
8
2
2
1
3
3
1
7
2
1
1
1
46
-5
6
4
11
41
-5
8
25
-3
17
17
11
15
3
21
4
0
5
10
9
3
6
7
3
7
-1
2
11
3
1
9
1
2
5
-4
1
1
1
-5
4
2
4
49
8
2
6
2
1
1
1
-1
2
17
0
2
11
13
25
7
17
3
22
1
5
-1
1
-4
1
2
3
2
23
1
1
3
7
-9
-1
1
1
2
-1
2
0
1
2
0
1
1
1
7
2
2
1
1
-3
1
0
1
1
3
1
1
7
1
0
1
4
2
24
12
0
4
5
1
4
10
1
3
2
18
9
2
1
3
1
2
1
13
32
73
1
5
-1
73
7
1
1
1
21
3
8
6
9
5
2
4
9
1
1
3
0
2
3
5
1
-16
2
2
2
4
0
2
1
1
2
1
2
1
1
1
-1
1
4
0
2
0
0
1
1
1
1
2
-1
5
2
3
3
1
1
-1
2
2
19
2
38
-2
2
4
0
1
0
1
1
2
3
8
6
10
3
1
1
1
2
1
1
38
109
-1
1
2
1
57
-5
2
7
13
-1
8
3
3
0
0
2
9
4
10
7
3
2
1
1
1
1
5
1
2
-4
-13
10
4
-6
13
2
9
0
0
3
1
1
5
1
8
6
3
7
13
10
3
1
1
1
1
5
5
3
2
1
1
2
1
6
1
11
-2
5
7
0
1
0
1
1
7
1
4
1
7
-1
-33
17
-7
2
1
2
3
0
1
1
0
2
3
1
1
2
3
1
7
3
1
5
3
-1
2
8
2
3
3
2
1
5
1
2
4
3
18
2
8
15
1
1
1
8
-1
1
10
1
1
1
1
15
1
1
5
-5
1
1
48
-1
1
2
3
3
1
2
8
4
63
-6
-1
31
8
-1
46
-1
0
2
7
40
1
1
3
3
9
28
3
2
3
-12
7
3
3
2
1
2
-2
-2
4
1
2
13
-1
1
1
1
2
2
3
2
-1
12
0
1
1
1
3
2
0
7
2
1
7
3
0
4
2
1
2
8
1
3
-2
1
3
4
1
7
3
0
2
5
2
1
3
1
8
1
45
1
1
22
0
3
1
4
1
2
2
2
5
6
1
1
1
12
7
1
10
2
1
3
21
2
5
35
2
20
-1
-9
2
6
8
3
2
-3
5
6
4
2
1
2
0
6
9
1
5
0
2
2
1
6
-7
3
0
8
1
2
1
2
2
2
4
12
1
3
3
2
2
4
-1
-3
3
-5
-3
1
0
1
5
3
1
2
1
2
2
1
3
-1
1
6
1
1
1
10
1
1
1
9
2
1
5
2
1
-1
-3
-2
3
6
3
5
0
3
2
1
1
1
1
1
2
2
6
1
2
1
1
1
1
24
1
-13
9
-3
-1
6
5
4
0
3
10
3
4
2
2
3
2
1
1
0
1
19
-4
5
3
1
0
1
-4
-2
-1
1
0
2
4
1
3
2
2
18
3
1
3
132
-4
-1
11
2
84
10
0
-5
10
0
3
1
1
6
9
1
0
1
1
5
2
10
-11
1
-5
6
1
1
2
11
1
1
4
1
1
8
2
24
5
8
11
2
1
1
2
11
3
2
2
9
7
1
2
1
11
1
1
4
-1
6
1
34
17
1
2
0
4
1
1
1
0
0
1
8
0
1
1
1
1
1
1
1
12
1
3
3
1
1
1
2
7
64
1
54
23
2
8
-18
17
9
14
8
2
5
7
2
2
1
2
2
2
5
7
19
6
29
-1
-2
4
1
1
3
0
1
2
1
7
1
22
2
2
1
21
3
0
1
1
2
2
1
1
48
1
0
4
1
14
1
1
1
0
3
2
10
1
3
-1
2
-1
2
2
4
2
1
1
1
23
2
