55
8
5
3
2
2
1
1
28
1
1
0
1
-8
2
2
3
1
1
-6
16
-8
5
6
6
-11
3
4
1
0
1
2
50
31
1
1
3
2
4
2
1
1
1
1
3
-2
1
-3
9
7
-6
1
3
1
2
1
47
2
5
15
11
28
1
2
2
3
12
2
2
10
5
-7
1
0
1
2
1
18
12
1
4
3
0
1
1
1
1
4
5
1
-1
-3
-1
0
1
-6
2
1
1
10
1
2
-6
3
2
1
2
2
1
1
8
1
1
12
1
1
7
3
9
3
6
1
3
3
3
1
1
1
-1
12
1
2
-6
17
3
3
5
8
2
7
1
2
1
1
1
2
9
2
1
1
1
1
1
2
0
6
2
2
1
4
3
5
1
6
1
1
2
2
2
6
22
1
0
2
3
2
1
3
8
26
2
5
2
2
5
1
1
4
10
19
3
1
11
2
8
2
0
1
1
1
1
1
2
1
-2
1
1
-9
8
2
2
9
1
3
5
3
1
-7
6
3
3
4
4
6
1
3
1
4
2
3
5
2
3
2
3
3
2
1
-2
-1
2
3
2
1
2
2
1
1
137
-7
16
8
4
2
11
4
3
2
1
3
5
13
4
27
10
-5
1
3
3
8
1
3
-3
0
3
4
2
3
0
1
2
1
1
39
13
8
-2
-2
-2
2
1
3
2
2
0
1
2
1
2
6
1
-1
1
-1
4
5
7
4
17
7
3
1
6
7
6
5
21
2
1
2
15
2
-7
2
5
2
5
3
1
-1
2
2
1
3
2
5
4
2
1
1
6
2
4
0
17
15
4
2
6
5
0
0
3
2
3
1
1
1
9
3
5
1
1
2
1
1
1
-1
1
-6
3
1
1
3
7
3
1
1
1
10
1
8
1
2
-1
1
9
2
3
1
2
0
1
1
4
-1
-8
15
1
1
3
2
2
2
10
5
2
9
8
10
1
1
1
-6
2
2
2
1
1
3
11
7
-6
0
2
0
-1
9
0
2
1
2
8
1
2
5
1
10
-1
2
0
1
1
1
3
1
3
2
-10
58
6
1
44
3
-14
-1
5
1
5
1
0
2
-6
10
-7
3
-1
1
3
0
6
1
1
1
1
-8
25
2
-2
3
0
2
1
-1
1
1
