1
1
2
8
-10
13
1
2
3
1
2
1
1
3
1
3
6
-1
2
1
1
2
5
2
11
1
1
63
15
3
-2
12
4
1
3
1
1
26
11
0
4
1
1
2
2
1
2
0
0
6
1
1
1
2
1
1
3
1
-3
1
1
2
1
1
1
2
1
1
30
1
12
2
-1
2
2
2
4
1
2
1
3
6
2
7
31
7
8
1
7
-4
3
3
-1
1
1
5
3
0
-1
0
5
2
1
5
15
0
-1
2
2
2
2
1
1
7
1
2
9
-2
-1
2
1
1
1
1
-1
-2
4
2
3
0
0
1
5
1
1
7
1
1
1
1
3
1
1
2
-5
2
1
4
0
1
1
9
2
1
4
6
1
3
12
1
6
14
1
40
2
1
11
1
12
3
9
3
1
10
1
1
1
5
1
2
2
1
1
0
1
10
1
1
4
-1
1
-3
17
1
6
1
2
4
4
2
1
0
2
11
13
1
5
2
1
1
1
2
1
1
1
2
2
2
1
1
3
2
1
3
3
3
4
1
0
1
3
0
8
2
2
4
7
0
1
1
7
50
2
17
9
4
5
3
7
-1
1
5
1
0
6
3
4
1
6
1
1
2
1
2
3
14
48
139
3
20
8
47
24
-3
1
0
7
2
1
6
3
1
2
6
19
2
1
1
2
3
3
1
5
2
4
2
1
3
3
1
1
1
1
7
7
1
-1
1
11
2
1
-11
2
0
26
1
4
4
4
2
1
10
1
9
1
1
3
18
5
1
3
2
2
4
1
7
2
1
1
2
0
19
1
1
4
3
0
17
1
6
8
8
1
8
23
1
132
2
-3
2
-1
3
8
3
1
1
3
1
16
1
36
7
2
-3
2
7
1
8
-1
1
1
0
4
3
1
3
12
4
8
1
1
2
29
9
2
6
64
11
3
5
4
7
-3
2
5
5
3
1
1
0
3
6
2
1
17
1
1
1
2
2
2
0
1
2
2
2
1
1
17
5
7
1
1
15
12
19
4
1
17
3
17
7
6
3
6
2
18
19
7
18
1
7
8
1
10
3
-7
1
1
0
8
1
1
-1
3
1
3
2
2
6
-1
1
3
18
-1
18
1
1
6
3
2
1
9
1
9
3
-2
2
10
1
10
4
1
0
1
0
1
2
1
-1
5
-5
7
3
1
13
10
1
2
1
4
2
-6
1
1
2
14
2
2
1
2
10
1
1
1
1
5
2
2
8
2
1
1
1
1
16
1
3
2
6
5
2
1
2
23
-6
2
2
1
2
2
1
11
7
7
-4
1
2
5
-2
2
1
1
1
1
7
2
4
3
1
2
4
2
8
5
2
2
16
10
5
2
1
-7
11
6
-2
4
16
1
1
11
6
1
10
4
5
10
0
11
1
5
1
7
2
2
1
2
1
1
1
1
0
10
1
1
4
1
3
-1
1
4
1
-15
1
15
16
1
12
2
1
11
9
4
1
1
3
3
20
6
45
2
5
9
18
7
1
1
-1
13
-5
5
-1
0
9
2
1
0
3
-6
1
5
1
2
2
5
3
8
-5
1
1
-2
5
6
-2
1
1
4
4
1
9
2
0
2
6
14
3
1
1
5
-5
7
1
1
8
5
0
6
2
1
3
0
6
1
-2
2
1
2
2
8
1
1
13
-7
2
6
0
7
-1
5
3
3
1
2
2
1
6
1
15
1
1
1
8
1
2
7
6
1
1
1
1
1
1
1
1
1
7
8
1
1
2
1
1
0
0
2
3
1
3
1
6
1
1
1
1
11
1
139
4
13
3
1
27
2
10
4
3
1
0
8
1
3
194
20
2
6
1
5
2
1
1
1
5
1
7
2
1
3
1
3
1
1
2
2
1
26
2
1
1
3
1
1
-5
1
1
2
2
3
1
17
1
1
1
0
2
16
1
1
2
1
-1
7
5
1
5
1
2
1
1
6
0
6
1
6
4
3
2
1
-2
1
2
0
1
0
3
1
1
32
0
5
1
3
3
1
3
4
2
3
5
1
1
1
2
1
1
2
7
1
4
10
1
2
4
2
2
3
1
1
1
0
5
1
2
1
103
2
1
2
2
9
5
1
2
3
3
2
1
2
17
5
0
2
1
2
2
2
1
4
6
1
-8
12
1
3
10
1
2
3
1
4
1
2
2
2
0
5
0
-1
1
1
2
0
2
0
0
2
0
1
1
1
1
1
6
1
1
0
1
7
2
-4
6
1
3
13
1
1
1
20
16
23
2
5
1
2
2
0
3
2
1
2
6
2
1
-1
4
1
2
21
7
1
1
1
1
1
1
