7
4
13
28
4
3
-16
2
-1
7
3
12
1
1
16
4
5
2
5
5
4
20
29
-1
1
6
12
3
1
2
1
1
3
-1
3
3
3
2
5
2
1
6
1
13
1
42
51
24
1
1
1
2
2
3
1
3
1
1
6
11
2
3
1
1
1
1
1
1
14
1
-3
1
5
1
2
-1
1
16
2
1
1
-2
2
2
0
2
3
3
33
1
2
8
-4
1
0
4
13
1
-3
0
2
3
-5
6
1
4
24
28
3
3
1
2
3
4
12
6
1
5
1
3
12
3
3
2
5
6
-5
2
6
4
1
2
2
2
3
3
5
17
1
1
1
-1
1
4
1
4
1
3
3
1
1
1
0
1
1
2
-1
2
11
1
2
2
1
0
0
-2
8
1
5
3
-6
4
8
5
6
11
2
-2
2
1
0
1
4
36
0
1
-2
20
1
1
3
4
2
79
4
1
10
-3
1
2
2
2
0
3
-8
1
6
1
1
5
1
2
0
5
1
12
13
1
3
1
2
45
5
2
4
0
3
-7
5
4
-4
7
4
6
12
1
1
-1
4
2
1
-17
5
8
9
4
3
1
4
3
10
1
4
3
-1
3
0
4
7
3
1
-2
12
1
-3
-4
3
16
-1
2
12
0
1
1
2
6
1
1
-1
-1
8
2
3
7
1
5
1
-2
0
0
10
2
2
1
2
11
8
1
1
4
1
1
2
1
2
11
1
3
-1
7
2
1
1
1
1
1
2
1
1
2
1
0
0
1
1
1
1
1
1
2
2
1
1
1
2
1
1
21
1
2
1
5
1
2
2
2
11
16
2
17
1
1
7
4
2
1
0
1
-17
1
6
1
2
0
0
24
3
1
6
2
10
13
1
2
1
0
5
4
0
1
41
2
1
3
1
0
13
1
3
1
12
8
-2
0
3
4
1
1
1
-5
1
7
1
1
3
6
1
1
1
1
2
1
10
1
2
3
3
5
2
1
11
11
2
7
-1
3
-2
0
-2
1
5
3
1
1
1
1
1
-2
1
2
10
6
1
95
3
23
12
11
3
1
9
5
5
-8
3
1
-5
1
60
-19
2
3
20
-1
1
1
1
14
7
1
10
6
14
10
2
1
4
2
103
1
2
0
1
1
7
-5
1
1
2
9
0
1
0
2
1
1
9
1
2
2
3
1
2
1
1
2
1
4
1
11
2
1
1
1
1
5
0
3
3
0
1
3
2
16
1
5
-6
6
1
2
1
2
6
6
1
1
1
1
1
1
4
-1
7
1
2
-1
6
2
1
19
3
1
-1
1
1
-2
0
1
-2
1
11
1
3
1
-1
0
1
9
0
3
1
1
2
2
0
1
-2
1
23
1
30
1
3
2
3
1
1
1
1
5
-1
1
0
1
2
0
1
-1
1
6
0
2
2
0
8
2
3
1
1
4
0
12
-5
1
2
3
1
2
5
2
0
1
3
19
1
2
6
1
5
1
2
1
1
2
-1
1
2
-1
1
0
3
1
2
2
8
1
1
6
1
11
2
0
0
1
4
7
7
2
18
1
0
6
1
3
1
9
3
1
4
2
1
1
1
1
2
3
7
3
4
1
1
0
2
1
2
0
2
0
2
1
2
1
0
0
2
1
0
2
0
-2
0
3
1
5
-2
0
1
1
1
0
6
1
1
1
1
2
7
1
2
1
4
1
0
5
2
2
11
4
1
1
5
3
1
1
5
1
3
22
1
3
0
1
0
2
4
2
1
1
1
1
6
2
1
1
1
1
9
3
1
0
1
1
2
1
8
1
1
4
1
3
2
1
1
1
1
1
14
1
3
13
4
-2
1
1
1
3
10
12
1
-2
3
2
1
1
1
1
1
1
3
1
-1
1
2
1
1
5
1
1
2
1
2
1
1
0
-1
3
1
2
1
2
4
1
1
0
1
1
13
1
1
5
2
5
1
1
1
20
12
2
4
3
0
3
3
5
4
1
3
14
16
5
39
1
1
3
-5
21
3
0
9
39
5
2
2
6
2
2
3
8
2
2
14
1
1
1
-6
1
1
5
1
1
6
8
1
-1
5
30
5
-4
1
15
8
1
-1
-3
-1
6
1
3
1
0
3
2
17
5
6
35
1
1
1
-1
1
3
1
3
-3
8
1
1
2
1
1
4
1
2
0
2
2
1
1
1
1
19
24
1
1
3
1
10
0
2
4
1
17
4
14
3
2
2
8
2
29
87
5
4
5
10
3
17
7
1
36
1
1
3
2
1
-1
11
12
6
1
1
3
3
5
4
3
1
-1
1
0
1
3
2
0
5
4
-4
1
1
6
1
1
-1
4
4
3
1
1
-6
-13
3
4
1
16
-1
5
1
13
1
3
2
4
-1
67
2
1
1
2
3
4
-5
6
2
5
14
1
3
6
1
4
1
2
3
0
1
1
1
1
1
6
1
3
1
-1
1
1
2
2
3
1
1
2
1
3
1
6
1
18
6
-1
11
1
2
1
14
0
3
1
3
1
24
2
1
3
1
9
9
0
2
9
1
1
1
1
10
1
3
3
1
1
1
1
7
1
3
180
-1
2
0
2
5
0
1
1
-1
1
1
7
4
2
3
14
5
2
1
2
1
17
1
5
1
5
23
2
2
2
11
1
3
2
1
1
1
5
1
2
2
1
1
1
1
13
2
1
0
0
1
2
1
1
2
1
0
1
1
1
0
-2
7
1
8
1
1
1
4
1
2
1
1
1
-1
1
1
1
7
1
1
1
1
2
3
1
6
-2
0
1
10
0
4
1
1
2
5
1
1
6
1
7
1
3
1
19
2
0
3
1
1
1
1
5
2
1
4
-2
1
8
2
3
3
3
4
2
3
2
2
1
7
2
2
1
4
1
3
6
49
2
16
6
14
1
1
2
2
0
11
4
21
1
4
-6
4
2
77
0
1
1
1
7
2
-1
1
0
1
1
6
1
1
1
1
3
2
1
2
1
6
1
1
0
4
10
1
2
1
2
1
1
1
1
36
4
1
2
1
1
1
7
-3
2
1
29
4
1
5
14
0
9
1
-1
6
2
53
7
1
6
1
5
1
0
2
1
11
1
1
1
2
2
2
5
8
3
0
14
1
11
6
3
3
2
1
4
37
6
1
7
1
2
6
1
3
6
1
1
47
1
1
2
7
1
2
1
22
3
1
3
1
6
14
1
4
8
10
2
3
1
12
-3
25
12
2
-1
4
6
6
3
3
5
7
2
1
1
3
1
1
0
1
4
133
8
1
1
3
3
12
2
2
3
1
1
3
1
2
3
3
1
1
1
1
3
5
1
1
0
1
1
3
1
-1
3
7
-8
2
2
1
13
-7
1
0
1
4
2
1
149
1
2
18
1
8
3
-8
0
5
-2
2
4
13
7
3
12
26
-10
18
3
24
15
-2
4
12
3
-7
8
4
4
1
1
3
32
1
1
-1
0
12
6
2
6
2
1
-15
1
0
5
-1
-8
3
-1
1
4
3
10
1
1
3
3
13
5
2
1
6
3
14
3
2
6
-9
5
-10
10
5
1
9
1
-1
1
1
2
19
0
1
2
4
5
1
1
80
1
282
19
1
3
3
1
7
107
9
20
63
7
2
37
8
1
1
6
0
3
2
1
5
3
5
4
4
5
5
0
6
1
-4
1
1
7
1
5
2
-1
3
1
7
19
2
12
1
5
6
5
7
9
1
4
7
25
-1
1
2
-1
-1
2
1
1
0
1
1
2
2
1
4
5
0
11
38
3
3
-2
2
34
5
4
1
1
-9
1
1
1
5
98
4
26
1
2
2
-16
18
1
2
-5
0
3
0
12
21
0
1
8
89
1
86
27
2
2
6
93
2
15
3
2
113
3
14
0
1
7
9
6
1
2
4
21
1
1
5
-1
-8
29
5
8
1
-2
3
-6
1
13
65
1
1
2
1
57
18
18
1
5
-1
1
2
4
10
1
1
3
4
2
3
-3
1
2
10
11
2
-11
20
1
1
1
3
6
1
-7
2
2
-4
12
0
9
5
-2
2
0
3
13
3
8
2
-5
0
0
11
6
10
17
2
2
4
-1
4
2
8
1
-4
-2
5
2
2
0
0
10
3
10
4
-2
2
4
7
3
1
40
1
13
1
10
3
1
2
-1
2
1
-6
10
2
-9
3
-4
-6
-2
1
6
2
3
0
1
6
3
1
1
0
-5
2
2
2
3
37
-4
2
-1
0
2
10
1
0
1
23
93
45
73
79
1
2
-5
1
8
-9
-3
26
17
2
14
5
5
3
0
2
-3
7
5
7
2
1
1
4
42
-7
4
4
2
23
18
-1
4
0
0
1
2
-2
1
2
2
17
6
24
11
-1
1
1
17
0
17
2
-1
15
2
6
1
1
1
3
1
0
0
2
11
0
1
2
4
1
5
2
-4
10
3
5
13
3
-2
4
58
2
0
10
7
8
1
10
6
5
3
2
0
5
6
1
12
0
2
2
4
2
1
2
1
-1
0
0
1
31
59
2
15
-5
0
0
4
3
8
8
0
3
1
3
1
4
7
5
4
2
1
0
2
2
-3
3
1
2
2
2
6
5
-3
2
7
1
1
1
3
5
5
5
2
2
0
1
17
2
15
3
4
0
6
3
2
6
2
1
9
6
-4
1
-1
1
-1
2
3
1
1
2
1
3
1
-1
2
4
6
2
3
5
0
1
1
-2
1
1
5
3
26
7
7
1
-1
1
2
2
3
0
2
2
3
2
1
1
1
1
1
4
0
2
1
4
3
8
4
2
1
2
1
1
1
-3
2
3
2
1
5
2
1
6
1
7
0
8
1
2
0
2
-1
1
1
3
2
0
0
1
1
0
1
1
1
2
2
1
9
1
3
2
-1
9
0
2
1
1
2
-1
2
1
3
1
4
1
-1
3
2
2
2
6
1
2
4
2
7
-1
2
1
3
1
3
2
1
0
1
1
1
4
3
1
-1
-1
2
2
2
0
0
3
1
0
1
-2
1
4
2
1
2
0
2
1
2
2
2
9
0
10
3
1
2
0
-3
2
17
0
-2
-2
0
1
-5
-2
5
3
7
1
-1
1
1
0
1
-4
1
-1
3
1
2
3
0
5
1
1
1
17
2
1
7
4
1
1
2
4
1
1
2
33
1
1
2
1
5
-7
1
-1
0
1
1
1
17
11
24
0
0
0
14
0
1
-1
1
1
12
5
172
1
4
1
3
1
1
1
2
2
0
3
1
3
25
26
1
13
2
-1
5
9
411
-4
3
1
3
9
8
0
-1
2
1
2
8
5
2
0
1
-4
4
1
2
1
1
-1
7
9
0
0
-1
-3
22
1
-1
0
1
0
2
1
3
0
17
3
2
5
1
8
21
-1
10
1
47
13
0
6
-6
-5
1
0
15
4
2
11
0
162
-4
2
8
9
28
0
-2
2
17
-2
0
1
-1
22
-6
3
2
0
4
1
4
3
1
0
4
1
36
6
7
2
1
133
1
0
-1
-2
-1
6
10
7
2
3
7
1
2
2
32
2
2
2
1
0
1
3
3
1
1
2
5
3
1
3
3
1
1
1
2
24
1
1
1
2
3
4
6
1
1
1
4
5
7
1
1
7
1
1
1
4
1
2
1
-2
1
3
-3
1
2
0
4
4
2
1
1
1
3
3
1
0
1
1
1
3
1
3
2
1
9
1
166
2
6
1
2
10
1
2
1
2
5
2
-2
2
2
1
1
7
1
-5
0
1
7
0
1
1
3
4
3
0
1
2
2
16
3
0
1
2
-12
2
2
2
2
1
5
0
1
54
2
2
3
-6
3
82
1
2
1
3
-1
1
0
2
-1
2
2
1
1
0
1
1
0
10
1
1
1
1
3
3
3
2
3
1
1
1
2
-1
-1
1
1
1
6
1
0
0
3
2
4
0
3
1
2
1
1
3
1
-1
0
2
1
1
1
1
2
1
2
2
0
0
1
1
2
1
5
1
1
0
1
1
-2
1
1
1
2
0
1
4
1
2
1
2
0
7
3
1
1
3
1
1
4
1
9
1
0
3
8
1
0
8
9
1
1
1
8
2
3
1
1
4
6
2
6
1
1
1
1
1
2
1
0
8
2
1
3
1
1
4
1
5
3
0
1
1
6
1
1
1
3
2
2
0
1
2
1
1
7
5
1
12
0
1
2
2
1
1
1
1
7
1
1
12
1
2
10
1
1
33
1
1
1
1
0
7
2
6
2
2
1
2
2
7
1
-2
3
1
2
1
1
1
4
4
2
2
1
1
-4
2
-1
1
1
1
5
2
8
9
12
3
3
6
2
7
3
1
3
2
1
1
1
2
1
-4
3
2
1
7
1
-1
3
6
3
-1
1
1
2
0
1
4
1
1
5
1
1
1
3
1
1
1
3
4
6
-2
2
2
1
1
2
0
3
20
1
3
1
1
1
0
1
2
6
1
1
2
1
1
4
0
1
1
1
1
1
1
25
2
2
1
2
4
4
2
1
1
2
22
1
3
14
1
2
0
0
0
1
2
2
4
-10
1
2
1
3
2
-3
0
1
0
-4
1
1
-4
1
1
1
1
1
1
2
1
5
4
3
1
8
7
14
2
1
10
8
1
5
9
1
2
3
4
1
1
1
1
1
3
2
3
1
2
3
1
2
3
1
1
2
-1
1
1
1
1
9
1
1
1
1
1
-1
2
1
4
1
2
1
1
0
5
1
-3
0
1
1
2
-1
3
17
3
1
3
1
2
2
2
3
1
7
1
1
4
-6
-3
-3
20
-6
1
1
9
10
1
-2
6
1
28
1
-1
1
1
-4
1
12
2
0
1
4
3
4
-14
1
28
0
1
2
6
1
0
2
2
1
1
1
1
3
-2
-4
5
-6
1
2
22
8
2
1
-1
1
2
1
8
2
1
6
1
1
1
2
1
10
1
1
1
1
1
2
6
7
2
11
0
4
22
40
10
-1
-2
2
2
16
9
0
208
7
1
1
5
7
4
2
3
1
1
45
11
0
-1
8
2
41
13
9
1
7
2
4
-8
1
-1
3
4
-4
-8
1
2
2
8
-3
2
1
6
1
3
2
-1
-1
2
10
18
3
25
4
2
3
6
1
2
2
1
5
-1
1
5
98
2
9
1
1
6
2
10
1
1
1
7
17
0
1
5
1
16
1
1
9
1
1
1
1
3
1
0
13
7
1
3
-1
5
2
1
3
11
10
-1
2
17
1
1
1
5
5
1
1
6
4
6
6
1
1
3
1
3
1
1
1
0
2
39
0
0
4
30
2
2
0
3
4
9
3
2
20
-1
0
3
-1
2
0
1
0
2
1
2
1
1
1
7
2
0
60
1
3
6
5
3
14
8
1
3
1
1
2
2
0
3
1
2
1
2
1
1
7
2
0
3
0
-1
1
1
1
7
33
-5
8
2
-3
1
3
1
1
4
1
3
1
5
1
1
3
0
0
1
1
1
1
1
1
1
3
2
4
1
1
-3
3
1
7
1
0
2
0
-1
0
3
3
12
3
0
2
1
16
4
3
1
1
4
1
2
1
1
7
0
1
2
14
1
1
2
7
5
4
0
1
1
0
1
3
8
13
0
-1
-1
1
1
3
0
7
2
3
2
-1
3
0
9
2
7
1
1
-1
58
1
5
0
5
1
1
1
5
1
2
1
17
1
1
1
1
24
1
1
3
4
1
3
1
1
115
-9
7
4
1
8
5
22
6
-4
3
3
-2
3
15
2
1
1
1
-3
1
7
1
1
1
1
2
5
1
2
8
1
4
0
8
185
1
1
9
1
62
1
1
5
1
2
3
2
2
1
1
1
1
1
0
1
-1
3
1
3
5
2
1
5
-6
3
4
6
0
-1
6
1
1
1
1
0
2
2
1
-3
1
9
1
1
3
1
0
1
1
1
1
0
0
1
1
0
1
1
1
1
1
1
19
1
1
0
3
0
3
9
6
5
1
1
1
0
1
1
1
1
1
2
1
9
4
0
2
0
2
