5
35
3
2
1
2
2
1
-8
2
4
-4
2
-1
1
1
1
1
0
2
207
1
8
2
9
1
-3
2
44
19
3
11
0
38
18
4
-2
1
2
4
1
-8
24
3
1
1
2
24
4
-1
13
1
1
2
2
1
1
3
0
9
3
9
1
2
1
1
0
1
8
4
2
2
2
0
23
-10
5
2
1
-29
-5
2
13
4
0
-9
1
1
1
3
1
1
2
-3
0
7
-8
6
1
-1
1
2
-1
3
3
3
1
-12
4
1
8
4
4
9
3
2
4
1
28
-2
1
2
-6
9
1
1
2
-2
3
32
5
1
2
154
1
1
1
-2
2
0
2
1
3
2
2
1
3
0
1
10
1
19
13
1
3
-1
1
0
4
0
1
3
3
76
1
29
2
-1
12
1
5
4
2
2
1
1
2
0
1
7
1
1
3
1
0
1
6
6
1
1
3
3
3
3
7
1
2
10
5
1
1
3
2
2
3
0
1
8
2
0
1
8
1
1
1
3
5
1
1
0
4
3
1
3
2
1
1
9
3
-15
10
-4
2
-15
10
-2
3
62
46
1
4
-4
-8
12
6
1
4
3
1
5
1
2
1
4
4
1
1
1
6
21
2
20
3
2
3
16
2
1
1
0
14
7
3
3
2
1
1
1
5
-15
1
0
2
1
0
7
-1
5
1
5
0
8
1
2
-1
2
2
1
1
2
2
2
3
4
-2
1
1
1
6
2
2
14
1
1
8
5
5
-7
2
1
4
14
0
1
2
10
0
2
1
4
2
2
2
1
1
3
1
2
0
-1
11
-1
3
4
1
1
1
6
0
1
2
-1
1
1
3
10
2
0
1
9
4
6
5
25
2
1
1
4
6
1
-4
-3
1
4
35
9
2
1
2
1
6
1
2
1
10
13
1
0
10
1
1
7
4
3
22
-3
10
-1
3
-12
1
8
0
3
8
1
1
-1
0
8
1
7
3
3
-1
4
8
3
1
2
0
1
2
3
3
0
-1
0
5
1
1
1
1
1
1
0
0
3
-1
2
12
98
5
3
1
-2
3
19
10
6
8
1
1
2
2
8
2
9
5
2
2
1
0
4
19
5
3
4
1
25
0
15
4
10
4
9
2
1
5
0
2
3
7
0
5
1
6
6
1
7
1
1
3
1
6
4
2
0
2
2
1
0
2
39
1
1
1
1
4
3
8
1
1
2
1
1
3
1
1
1
3
8
32
-2
0
6
1
4
1
1
7
1
6
2
1
1
2
9
1
1
8
1
1
-3
1
8
0
-1
0
4
3
0
2
2
6
0
1
1
2
4
6
1
1
1
1
0
-2
140
5
-2
0
1
3
1
3
1
8
-1
0
1
2
1
1
1
0
1
-1
2
0
3
6
1
1
1
1
1
1
3
2
-2
2
1
0
1
9
1
2
1
1
1
-1
1
1
1
1
4
1
1
1
-1
1
2
1
1
2
6
1
93
1
33
0
162
1
1
1
1
63
4
1
25
-3
2
-1
22
2
-3
3
2
-1
0
-4
2
4
5
1
2
-3
0
1
8
2
6
1
1
1
0
5
1
1
1
1
0
0
0
2
6
1
3
1
2
1
0
0
2
1
1
4
6
1
2
14
1
0
1
1
0
1
0
5
1
1
3
1
1
1
2
1
3
1
5
-2
1
19
2
1
1
1
3
9
2
1
1
-3
14
5
1
0
1
1
1
1
3
3
3
1
3
1
1
1
1
1
1
2
-1
0
1
3
1
3
9
3
2
2
7
1
1
1
1
3
1
2
1
0
1
1
1
2
1
5
2
1
-3
3
1
2
4
1
1
1
1
1
-2
18
1
0
0
1
1
0
-1
-1
2
4
1
1
1
2
1
2
1
-1
-1
1
1
2
1
3
1
0
3
3
4
0
1
1
2
2
1
2
5
2
0
2
6
3
1
2
2
2
0
7
2
5
1
8
1
2
13
18
5
-5
2
1
8
4
3
6
10
6
2
6
32
4
-4
1
91
-9
3
1
1
-1
1
1
1
-1
1
1
2
7
-11
10
-6
7
9
51
5
3
2
1
3
7
1
2
6
3
1
9
26
7
2
4
7
1
1
2
5
0
1
18
-1
2
-4
3
2
4
4
5
-2
1
17
2
4
0
5
1
-1
1
3
1
2
1
2
0
-1
2
1
1
1
4
1
1
1
11
39
7
76
1
15
2
31
1
3
1
2
5
2
6
0
2
2
1
7
3
1
2
2
1
0
1
-5
1
11
1
1
7
1
0
7
5
-6
4
73
0
13
11
6
2
1
9
5
7
0
12
1
3
2
2
8
15
1
1
2
2
1
4
0
1
0
2
1
2
3
0
1
1
1
-1
-4
1
2
37
8
3
1
1
2
2
3
1
3
1
1
1
1
0
1
2
1
1
3
2
3
1
4
0
1
2
3
-1
5
1
1
-3
1
1
1
1
3
1
2
1
1
10
1
-1
1
38
0
-6
8
5
2
2
3
2
1
5
3
-6
1
1
1
2
4
1
15
1
1
2
2
1
1
6
1
1
144
0
1
1
1
1
21
1
1
2
-3
1
1
2
16
1
2
0
1
3
2
14
1
3
-3
-2
15
3
3
7
2
1
7
1
-1
0
3
6
12
35
1
1
7
9
0
4
23
2
8
35
2
2
3
1
2
4
1
2
2
5
5
1
18
1
0
1
1
3
1
9
1
6
13
12
-1
-1
1
2
-3
1
3
1
5
6
1
1
5
1
1
32
1
-3
0
2
5
2
1
2
1
6
0
3
4
1
0
0
1
-2
1
4
1
3
1
2
1
5
2
-1
16
0
1
1
1
6
-1
0
5
3
1
3
3
0
0
1
1
1
3
-7
0
6
1
1
5
-1
2
0
37
1
2
1
2
1
8
1
15
10
3
5
4
1
1
-5
1
1
-3
8
6
1
1
2
4
2
1
1
6
3
7
-1
1
1
1
2
-1
2
1
46
8
1
6
-3
2
6
6
2
8
3
1
3
15
5
8
1
2
3
1
2
1
1
4
1
7
4
0
-2
0
1
3
3
9
1
23
2
1
1
2
0
5
3
1
2
1
12
7
15
2
-11
6
2
1
2
2
1
3
-1
-2
3
-6
5
1
2
55
11
1
2
8
2
2
1
3
0
2
5
1
1
45
1
2
3
84
1
2
1
2
2
6
2
11
3
10
2
1
4
1
1
7
3
1
7
-1
8
1
1
2
1
1
2
3
1
1
2
0
1
2
1
6
7
15
2
3
3
1
0
1
1
1
2
6
0
1
2
6
0
2
2
1
8
3
1
2
-1
1
-2
2
2
6
1
2
1
2
3
3
1
2
3
1
1
1
3
4
1
1
19
1
3
1
2
2
1
1
1
8
1
1
0
1
1
2
1
1
0
3
2
1
2
4
1
1
1
2
13
1
1
1
1
4
4
2
2
2
1
1
2
1
1
3
1
2
6
2
3
2
1
1
1
40
8
3
0
8
1
9
5
2
5
1
2
1
1
2
2
1
7
8
1
2
2
2
2
4
0
6
2
2
2
1
3
1
2
1
1
3
1
3
1
1
1
3
9
1
2
5
3
2
1
2
1
1
4
1
0
2
6
-2
4
11
5
3
1
-2
-3
1
-1
1
5
2
3
8
3
2
7
4
11
2
1
7
7
1
1
2
50
2
2
3
3
-8
4
2
40
1
13
6
3
2
5
2
6
1
1
3
2
0
1
1
1
3
1
1
3
-6
104
7
2
1
-1
1
7
1
-7
1
1
-1
1
2
3
20
5
3
1
0
3
2
2
8
1
10
1
1
1
0
9
1
2
1
4
1
2
1
15
1
1
3
1
2
1
1
1
3
0
0
5
9
5
1
1
2
5
18
2
2
1
3
17
1
0
1
5
3
3
1
-3
16
2
1
1
2
-3
2
2
-1
1
1
2
1
0
1
0
2
1
2
2
1
1
1
-1
1
1
2
1
2
1
36
19
2
4
6
1
1
1
2
5
5
11
0
1
1
0
1
1
2
5
1
1
0
2
2
0
6
1
3
1
0
1
2
6
0
1
7
14
1
1
5
3
22
43
1
5
11
1
1
14
2
1
21
1
2
0
-6
1
0
2
1
1
3
3
0
3
17
3
4
8
1
0
1
0
-3
1
0
1
2
21
43
1
14
3
0
6
5
1
1
-2
1
1
25
1
3
2
4
3
0
7
4
9
4
11
1
2
8
1
1
3
10
2
5
1
6
1
1
4
4
1
1
-1
2
2
1
0
6
4
2
1
0
0
1
1
1
2
1
7
0
2
1
2
1
9
1
0
1
5
5
2
2
5
2
2
3
7
1
18
4
2
1
1
2
1
1
1
2
3
1
1
-2
2
11
0
0
1
3
2
2
-5
1
-2
9
1
0
3
3
6
3
5
2
6
1
6
3
4
4
4
-1
5
1
17
6
7
9
1
1
-5
-11
0
1
1
2
12
11
4
15
1
3
49
12
22
2
18
11
2
11
-7
0
3
-6
1
6
3
11
10
1
4
8
3
15
0
-6
1
5
2
5
9
4
6
3
7
1
3
-4
1
3
1
1
1
2
1
3
3
0
1
4
1
0
1
5
0
3
2
1
2
1
2
4
0
3
3
1
4
1
1
5
3
1
2
0
3
1
4
1
-8
6
1
1
2
2
12
1
19
1
8
0
2
8
2
3
2
104
3
-5
6
1
6
7
15
2
6
5
2
1
209
5
2
1
3
-1
6
1
0
-7
6
-6
9
0
31
1
8
4
1
43
6
1
5
2
2
6
1
19
-3
2
3
9
8
3
2
1
19
10
4
4
2
2
3
-3
-2
2
-4
-2
1
1
-9
0
-4
8
-3
7
-2
-1
-1
1
3
4
1
-1
2
6
5
1
2
1
38
59
4
0
2
3
1
-4
1
1
22
36
-2
11
1
1
4
11
1
7
1
-1
1
2
4
1
5
-1
-1
3
1
8
3
3
5
1
7
3
6
5
5
5
1
3
8
-1
2
1
2
3
5
3
-1
1
1
1
-1
2
2
3
7
1
1
2
1
1
8
1
2
-1
1
3
6
4
15
8
1
1
11
0
3
2
1
1
8
9
1
1
2
1
9
-1
1
1
2
3
1
1
4
1
1
2
8
-1
9
2
1
6
2
1
1
10
4
1
1
6
17
2
2
1
15
-1
80
1
-4
-6
1
3
5
2
0
2
4
-5
1
1
10
2
2
2
7
2
7
-1
0
4
5
-1
1
5
1
-2
1
3
0
1
1
2
1
1
1
6
0
2
2
7
1
0
1
22
-2
1
0
1
6
6
3
3
4
2
0
0
2
1
1
0
2
38
4
2
3
1
3
24
1
4
1
0
35
1
1
-1
1
1
2
2
1
3
1
1
1
28
5
1
1
2
0
-1
7
-1
14
1
22
1
0
2
0
0
1
6
3
6
1
1
1
1
2
2
7
1
2
2
-2
5
1
3
1
1
1
3
1
1
2
1
2
1
1
6
6
7
0
-1
1
2
7
12
1
5
1
3
1
2
1
6
0
1
1
-1
1
1
2
2
1
1
-1
3
6
0
1
30
-1
1
3
2
1
8
11
4
11
1
3
3
1
3
4
10
1
2
0
1
-2
1
1
2
-4
0
4
1
2
1
2
1
1
1
4
2
2
1
0
1
2
1
2
1
1
3
13
0
0
1
1
1
1
9
1
3
1
3
4
4
1
1
3
200
1
1
1
1
2
1
2
1
2
0
2
1
3
1
1
1
0
2
12
0
2
4
2
1
31
2
2
6
3
-1
0
1
1
0
1
2
1
5
-2
2
1
2
2
1
3
1
1
3
19
2
1
10
1
-1
1
2
8
1
0
2
2
22
1
4
-2
2
1
3
2
57
1
1
1
-2
2
1
-6
0
3
1
1
33
1
-3
1
1
-9
5
1
1
1
7
1
1
1
4
2
0
2
1
1
2
0
-4
8
4
4
1
22
28
-7
17
