1
3
1
7
3
2
1
36
1
4
1
6
-6
0
6
6
12
1
2
1
1
1
0
2
1
2
1
2
5
3
1
13
2
1
2
1
3
1
1
1
2
22
1
34
1
4
9
1
1
2
2
-4
5
17
-1
2
1
1
2
1
3
2
1
3
1
1
2
5
1
2
1
2
3
-1
4
2
2
0
7
1
0
5
2
2
0
2
-1
2
1
4
3
3
-1
3
1
12
6
0
4
1
2
1
1
1
5
14
1
-2
0
15
3
1
2
2
2
2
7
1
1
1
1
0
1
-1
2
3
6
1
5
2
3
3
1
1
3
4
7
-1
2
1
1
0
3
-2
21
-2
2
2
7
3
1
2
1
3
-6
-6
20
0
2
10
7
0
16
31
2
1
2
0
1
3
1
2
2
15
1
1
2
2
4
2
3
2
15
33
2
13
2
2
1
12
2
3
2
9
1
2
7
0
2
0
24
1
1
-2
4
-4
2
1
1
15
1
3
16
1
2
2
1
1
1
1
5
1
11
1
255
0
3
14
1
4
3
1
1
5
2
2
22
1
1
1
0
54
1
26
1
5
1
1
1
10
2
3
2
1
2
2
2
1
34
2
2
1
8
4
3
1
20
7
3
7
18
11
1
20
-1
7
4
1
1
1
6
0
2
1
2
1
1
22
5
1
14
2
1
3
4
33
1
1
0
1
1
25
1
3
3
2
0
17
2
6
2
6
1
4
-10
1
7
5
5
1
-33
7
-7
1
14
4
5
16
2
0
1
47
3
1
4
1
1
1
24
3
14
1
11
1
1
7
2
3
5
2
7
2
0
2
1
1
2
10
6
3
2
0
2
-4
6
2
1
1
-7
-1
1
0
-1
0
1
1
2
2
-2
1
8
3
3
0
1
5
6
1
1
1
1
6
4
-11
1
3
4
8
2
6
1
1
10
10
-5
-9
1
-3
1
5
-4
3
2
17
1
2
1
-1
2
1
1
4
-2
2
2
1
1
2
0
5
3
1
5
1
1
2
3
14
1
-2
22
2
-2
5
4
-17
8
1
3
5
1
4
1
0
8
1
1
-1
3
3
7
3
2
3
1
4
5
-1
11
6
1
1
1
12
7
2
1
2
2
0
74
3
3
2
2
4
7
17
1
-1
1
8
0
1
1
1
2
2
10
1
3
8
7
62
0
7
1
1
-19
1
0
1
3
2
1
1
1
1
0
6
1
7
1
2
-35
2
1
1
6
1
2
1
1
1
3
-7
4
2
2
2
-2
1
7
10
29
1
-12
2
1
3
9
2
1
1
-4
4
1
2
1
2
3
3
1
-1
0
1
6
1
2
1
2
-1
1
8
5
2
5
1
2
2
2
2
1
1
-1
1
1
2
3
1
3
1
1
1
5
-2
5
1
-2
2
3
2
4
7
-16
3
2
3
1
2
2
2
4
0
1
1
-1
1
-2
-2
2
4
2
0
3
9
1
3
1
3
1
-14
1
7
-4
1
-1
1
3
1
6
4
3
4
5
1
1
2
1
1
1
-4
0
1
3
2
1
1
2
1
-1
2
1
2
1
0
2
2
1
1
5
0
1
1
1
2
3
4
1
2
1
0
1
1
1
2
1
2
4
1
0
2
4
2
1
1
2
3
2
2
1
2
1
2
1
1
0
1
0
3
0
0
1
4
1
3
1
8
1
8
1
3
3
0
9
1
1
7
7
1
1
2
1
0
1
2
1
12
2
2
1
2
10
21
-1
5
16
1
7
3
1
1
2
-15
1
1
