-1
0
11
1
3
1
2
1
0
1
1
1
1
3
10
2
0
1
2
2
1
4
3
15
1
7
2
1
7
1
3
5
5
13
11
1
16
8
1
10
9
3
3
9
1
6
1
0
1
26
-8
5
9
0
0
6
4
-1
1
1
6
9
-5
0
3
-17
3
1
0
1
1
-1
32
2
1
1
0
2
3
11
327
7
9
-1
1
-3
11
-9
-1
1
2
22
1
1
5
-2
5
-1
3
1
-4
4
2
6
9
1
1
-2
5
1
2
-3
1
-1
1
1
8
1
1
1
1
11
7
4
25
-1
7
4
1
1
0
3
4
2
-1
1
0
4
2
1
1
0
3
1
3
2
6
7
55
19
95
1
4
5
0
4
-4
29
5
2
4
0
1
0
2
2
2
14
0
1
5
2
13
1
2
1
2
1
1
4
1
1
1
0
1
1
3
2
1
1
0
1
1
2
1
1
1
-5
2
0
1
1
1
10
3
1
3
1
2
1
7
1
2
1
1
5
2
2
2
2
10
2
1
0
2
3
-3
3
3
1
4
28
1
1
17
1
1
1
6
1
0
1
1
1
2
17
1
-2
1
1
2
0
10
3
1
3
1
4
5
4
2
3
24
2
1
2
30
0
5
-2
6
-7
1
2
2
3
1
1
1
4
2
1
1
2
-1
4
1
1
1
1
0
2
3
-1
2
1
1
2
1
7
2
-1
1
1
2
2
2
-3
1
1
12
4
3
5
5
3
19
2
1
-1
0
7
0
12
1
1
2
1
10
1
1
9
6
3
1
3
1
0
1
29
-1
19
15
15
7
5
28
1
1
0
-5
1
1
1
-10
1
1
1
23
10
13
2
18
1
14
5
2
1
1
8
1
9
2
15
3
11
6
8
1
3
2
0
15
3
1
1
1
0
57
2
9
3
1
1
2
1
5
2
1
2
11
4
1
2
1
2
2
1
0
-5
-1
2
3
1
3
2
2
1
3
1
1
1
1
2
3
2
1
2
1
12
1
26
3
2
3
33
1
-2
0
2
2
6
5
3
0
6
2
2
0
1
3
8
5
1
1
6
5
0
1
1
3
5
1
13
2
1
2
3
1
1
1
1
2
2
6
2
3
10
3
5
1
1
0
1
6
4
1
1
1
1
-2
1
1
18
7
2
0
2
1
8
0
-1
8
1
1
1
1
1
30
1
2
-7
1
2
3
3
9
1
15
1
1
1
3
8
1
0
15
1
2
4
9
12
8
5
2
