2
1
3
1
8
3
3
5
3
2
7
0
14
0
1
1
1
3
6
1
1
5
1
3
2
1
3
1
8
3
3
5
3
2
7
0
14
0
1
1
1
3
6
1
1
5
1
3
2
1
3
1
9
3
4
7
3
2
7
0
13
0
1
1
1
3
5
1
1
5
1
3
4
1
5
1
1
1
1
8
2
1
4
1
4
2
1
130
1
4
1
1
1
2
8
2
2
2
2
1
157
1
2
5
2
3
3
0
3
1
1
7
25
1
1
-25
2
1
1
1
1
7
3
3
21
1
45
1
1
3
1
5
1
27
2
3
2
5
2
1
3
1
12
1
1
1
8
1
4
6
2
1
284
1
3
13
1
5
2
2
1
1
0
3
0
-12
6
1
3
-3
1
7
6
3
7
1
2
1
2
6
3
4
1
1
1
3
0
13
8
14
1
1
2
1
6
1
1
13
4
2
1
2
1
3
2
2
1
1
1
12
1
6
1
0
3
6
1
2
-3
1
1
1
3
0
6
1
1
2
2
1
4
2
0
6
7
2
-12
1
1
1
2
1
4
16
5
1
17
3
4
1
2
7
6
1
0
5
-2
4
1
6
5
1
3
1
1
2
2
5
2
2
2
1
1065
20
11
3
2
1
1
3
-1
20
16
2
1
6
4
2
2
1
-9
11
1
1
3
2
2
1
1
2
5
-2
2
1
-26
1
105
7
1
2
7
2
8
54
1
2
2
2
1
1
3
2
6
1
0
2
2
4
1
6
0
3
1
1
11
3
2
33
2
0
2
1
1
1
1
30
1
9
2
1
1
2
2
5
13
14
1
8
17
29
1
0
5
1
9
3
1
1
2
3
2
7
-5
3
20
1
4
3
1
1
1
3
1
3
1
0
575
3
3
2
12
54
1
0
3
2
1
2
1
1
2
15
1
4
5
5
1
5
14
1
2
-3
1
1
0
1
9
1
1
16
3
2
34
1
1
4
1
3
1
6
1
34
3
-4
79
0
9
10
6
1
1
23
3
13
1
7
1
3
1
1
29
11
9
1
12
1
-1
2
1
5
2
2
3
26
2
1
1
1
30
5
1
3
10
0
13
1
1
2
505
55
1
0
146
2
1
18
1
1
23
479
2
-33
46
-4
2
1
10
2
3
2
12
70
1
-1
0
74
1
1
1
1
1
1
12
3
2
1
4
1
0
6
1
2
4
25
1
-17
2
2
1
3
1
2
1
9
11
4
3
-3
17
-1
2
1
5
-9
1
1
1
13
6
1
1
33
1
1
1
1
82
5
2
1
2
1
1
4
1
1
82
1
2
2
21
1
1
5
0
20
1
1
1
10
10
2
-1
1
1
17
2
2
10
6
2
7
3
1
2
1
1
1
77
5
1
1
1
1
2
1
2
60
1
0
1
0
2
2
1
0
1
2
1
26
1
2
5
1
1
1
51
14
7
1
6
16
56
15
15
2
2
1
0
3
60
1
1
1
1
1
2
3
-26
3
3
8
2
1
1
1
2
2
1
5
2
1
2
3
1
7
1
1
11
2
12
1
2
11
1
25
13
1
10
3
3
2
5
-3
3
1
0
7
-7
1
2
1
3
7
3
8
5
1
11
2
1
3
1
2
10
1
8
1
2
6
29
22
4
1
2
1
3
-1
5
1
2
3
8
5
3
17
1
2
1
1
1
1
3
2
1
7
6
2
1
2
4
2
1
1
4
4
-6
1
1
2
4
22
0
2
1
20
1
5
1
3
1
1
1
2
5
10
4
1
-1
2
16
4
0
2
1
1
2
1
6
1
2
1
2
2
1
1
3
1
6
1
3
10
1
11
3
1
4
1
97
2
0
1
4
1
-7
6
1
3
71
1
16
14
1
5
2
1
2
-1
3
2
10
1
8
2
1
1
3
7
85
4
7
2
2
5
2
30
1
1
2
13
11
5
7
3
1
1
2
1
3
10
2
1
1
1
5
1
1
1
4
-5
3
1
32
7
1
1
69
4
18
1
3
10
5
4
1
11
9
1
-7
1
2
13
1
4
5
1
2
1
2
1
4
15
1
1
80
0
2
1
3
2
3
3
1
0
5
17
11
0
8
3
13
3
1
-3
1
2
2
1
1
0
12
3
2
1
1
5
2
1
1
1
1
2
4
25
1
1
1
4
1
6
101
1
3
2
10
10
2
3
2
52
1
3
2
1
1
1
19
1
2
1
1
1
18
5
2
12
53
2
14
-4
2
2
5
4
1
1
1
1
-10
2
2
2
1
1
1
1
2
4
1
1
1
1
1
1
1
1
-15
34
1
2
4
2
2
1
5
40
6
1
1
2
1
1
3
3
1
3
1
2
17
1
1
0
2
2
3
0
0
0
6
-4
4
2
1
3
2
3
1
36
1
1
5
1
-1
5
1
6
7
2
2
5
2
1
14
2
2
42
1
1
1
3
44
0
17
-3
11
7
2
1
10
24
1
1
1
4
1
2
6
-4
2
1
1
1
2
10
7
4
1
2
2
1
5
1
2
4
18
2
4
-8
5
3
2
6
1
0
2
1
1
2
1
-9
3
1
6
1
3
8
1
-4
11
15
1
1
1
4
2
1
1
4
1
6
4
1
1
0
1
2
6
-1
5
5
1
5
2
0
5
9
6
14
1
20
4
6
109
3
1
4
0
-5
1
2
1
43
6
2
0
152
1
1
99
4
46
13
10
1
1
7
1
3
2
27
2
1
3
10
19
4
5
15
14
4
1
7
17
0
4
12
13
1
-4
1
1
2
11
30
5
-2
3
7
1
2
1
8
1
22
2
2
26
1
4
1
4
100
256
1
1
2
30
40
2
1
3
7
3
3
3
7
4
3
21
24
8
2
1
0
4
2
2
14
13
5
2
0
9
1
1
8
16
0
2
8
11
1
5
2
-4
25
1
1
5
1
1
5
1
3
2
2
3
1
1
8
21
5
5
1
4
2
2
3
1
10
2
5
0
1
3
2
8
2
1
2
-1
29
1
2
1
2
2
1
1
251
4
1
1
0
2
1
3
4
2
1
2
8
2
8
-2
1
1
1
1
-4
1
6
7
5
203
2
1
1
1
9
1
6
2
1
1
6
0
1
2
2
7
3
1
5
2
5
14
2
2
-4
2
6
2
3
2
0
3
2
-2
1
1
2
3
1
0
3
6
1
1
7
1
1
4
1
1
5
3
13
1
1
2
40
24
2
2
1
-1
2
9
1
1
23
3
14
3
1
1
1
2
1
9
2
1
1
1
2
1
2
27
1
8
1
1
2
3
1
1
9
1
1
1
1
3
2
3
1
4
0
6
2
8
5
2
1
6
5
1
1
1
1
1
2
1
0
1
1
3
3
7
1
1
2
1
12
1
5
7
31
2
15
1
1
13
2
11
-1
1
1
3
2
1
17
1
20
13
7
1
1
0
5
38
1
19
1
13
8
2
0
6
6
1
1
4
16
1
2
8
1
1
1
1
-21
1
1
1
0
1
1
1
1
1
3
3
1
1
1
1
1
3
2
1
7
1
1
36
1
1
3
1
53
1
3
2
11
18
1
3
1
106
9
1
14
3
1
1
1
1
1
12
20
1
1
2
2
0
1
1
1
0
4
1
2
6
0
20
5
4
1
4
2
1
7
1
21
2
7
1
2
3
2
1
3
4
2
11
0
2
1
2
22
9
2
1
4
1
15
2
1
1
5
2
3
1
6
0
1
24
1
-11
2
64
2
1
1
1
2
15
3
4
8
1
1
41
1
1
2
1
1
1
2
2
1
1
2
23
2
1
2
1
2
1
10
3
3
3
1
1
1
10
5
4
31
2
63
2
32
0
11
20
0
2
4
0
55
0
1
11
0
2
1
19
1
5
0
12
5
2
12
2
1
1
1
2
1
1
2
8
-4
5
7
2
1
1
6
17
1
2
1
2
3
17
1
2
8
12
75
1
1
2
2
0
2
1
0
1
2
2
16
1
1
1
5
0
13
1
1
1
-6
1
1
2
8
1
2
1
6
0
0
2
1
1
-17
8
1
11
71
1
1
1
1
1
5
10
1
1
52
1
1
1
16
5
0
2
2
9
1
12
1
228
1
1
8
15
1
36
2
2
1
5
1
1
1
3
1
1
184
2
3
23
22
1374
1
1
1
-7
0
12
3
20
3
-17
2
1
2
1
10
170
12
-1
2
1
6
24
3
7
1
64
4
1
1
2
0
2
9
1
2
1
1
18
9
3
20
-7
1
16
10
17
9
27
3
48
30
1
14
2
2
29
-2
1
3
1
1
2
1
1
1
20
6
295
1
1
6
6
2
49
1
2
1
19
1
282
8
8
2
19
1
7
6
6
9
10
1
6
10
1
1
1
-3
-1
2
1
1
5
3
2
5
9
25
2
8
4
0
1
1
6
5
5
6
17
3
1
1
1
10
1
8
7
5
8
-4
8
1
2
10
2
7
2
70
2
0
44
2
0
7
1
12
1
1
0
17
1
19
3
1
2
10
9
3
0
8
2
3
3
1
63
51
1
6
2
2
2
2
11
3
1
0
0
35
1
34
1
1
10
1
2
11
11
2
1
1
4
5
2
2
1
2
1
1
10
3
22
3
3
-2
0
3
1
0
-4
1
7
4
5
4
0
1
2
47
2
2
56
-47
1
1
1
2
5
33
2
6
-1
1
1
6
-1
1
39
2
1
5
5
1
2
1
3
1
2
1
14
10
2
0
1
2
2
5
3
-2
2
1
30
2
3
4
2
1
-3
2
1
0
2
4
6
1
2
1
5
-3
4
0
1
1
3
1
2
1
2
1
1
4
2
1
1
4
3
1
2
1
1
14
0
-34
4
2
3
5
41
17
1
1
1
5
3
1
2
1
2
17
2
25
0
151
1
0
3
2
4
1
0
9
2
2
9
1
10
3
1
2
6
1
3
2
-4
2
1
1
2
3
1
2
8
1
1
1
4
2
3
1
3
14
1
1
0
5
2
8
0
10
1
2
2
3
2
3
1
0
18
3
1
2
3
16
5
-3
3
2
69
13
1
19
1
3
3
2
13
3
0
-17
2
3
1
1
1
9
0
-7
10
2
2
2
8
0
1
5
1
4
2
24
1
2
2
12
-2
9
1
-3
12
20
1
-2
1
2
57
94
0
2
-1
19
7
1
13
1
5
2
1
1
7
37
3
2
3
1
1
1
1
1
1
9
1
3
2
-1
18
8
-8
2
12
17
1
8
2
4
1
3
5
1
1
1
22
1
1
1
11
2
176
6
2
10
4
8
3
16
7
6
0
-1
1
1
3
0
1
1
2
-2
1
2
1
6
7
1
2
1
1
1
8
1
1
1
11
1
1
24
5
6
5
2
1
1
3
7
0
1
2
29
1
7
3
24
1
2
2
1
14
14
22
126
5
5
-3
3
12
1
3
1
1
3
3
2
1
6
1
2
13
2
1
2
3
1
1
12
-6
44
1
2
2
6
1
2
-1
2
1
1
6
2
2
6
12
24
2
2341
0
8
-3
1
3
3
11
1
2
3
1
1
6
2
1
1
2
1
1
1
3
7
-6
2
80
11
1
3
1
7
164
7
0
1
1
3
2
3
23
-1
1
2
6
2
1
-20
1
0
7
3
1
4
1
0
-3
9
1
1
1
-1
1
1
2
14
2
2
8
7
5
2
4
1
14
1
20
1
5
4
8
8
1
-2
3
2
5
8
71
9
2
2
7
2
37
2
0
2
6
0
1
-11
17
1
5
3
111
2
3
9
7
3
2
10
1
15
1
1
0
5
-4
1
1
1
20
2
15
2
3
3
2
2
7
1
9
6
1
25
2
2
3
6
2
5
2
8
4
1
3
2
43
5
6
9
0
1
7
1
2
3
-4
3
4
2
3
1
8
-1
1
1
2
2
11
23
2
1
1
2
6
0
9
2
1
26
1
1
1
7
1
1
1
124
3
2
7
1
5
-2
1
1
1
6
3
16
1
1
1
1
1
3
-1
7
5
1
1
2
1
2
1
1
2
1
3
0
1
195
1
2
2
2
8
2
1
1
1
4
1
6
-1
2
1
8
6
24
2
1
12
8
3
1
2
24
7
1
3
8
1
12
3
3
2
19
1
2
2
2
47
2
1
2
1
1
1
-9
3
1
5
1
5
0
2
1
1
1
1
5
11
-4
4
11
1
1
11
1
1
3
2
1
1
25
3
1
0
11
1
1
1
3
2
1
0
10
3
27
0
1
1
49
2
5
-1
12
-1
1
1
1
26
5
6
5
1
1
1
1
1
13
3
1
-3
3
2
1
49
2
2
1
17
1
1
10
1
0
11
1
1
0
2
6
8
28
3
7
3
5
3
13
3
8
57
5
7
1
2
3
3
3
5
14
3
7
5
1
1
2
1
12
1
2
5
1
15
2
1
37
5
1
4
21
6
1
9
16
3
2
8
4
4
23
24
2
30
1
1
2
17
8
1
1
1
15
3
1
8
8
2
1
1
1
2
8
2
3
9
2
1
0
1
4
1
-1
5
1
1
2
2
-2
1
2
1
3
2
0
1
4
2
1
1
14
2
1
2
0
1
63
1
8
3
5
1
42
3
2
1
1
3
5
476
3
3
5
30
1
20
6
3
2
1
18
3
16
2
-3
1
3
2
3
8
1
4
1
3
1
1
13
2
3
1
5
3
-1
5
1
2
1
3
6
1
-67
3
2
1
4
11
-1
1
17
7
7
1
1
7
2
17
1
2
3
2
2
1
1
6
1
2
2
1
1
1
1
5
2
7
6
1
27
1
2
1
1
8
2
1
1
1
1
6
4
3
7621
7
0
81
1
2
3
1
1
1
1
1
2
1
68
1
2
2
1
1
1
2
1
1
0
1
3
1
1
6
4
4
15
0
1
2
1
1
4
3
0
1
4
9
-1
1
2
25
2
2
1
4
1
0
4
1
-8
1
1
1
1
1
4
1
2
2
2
1
1
1
2
6
3
3
2
2
2
-1
1
7
1
1
3
3
2
20
1
2
2
2
12
0
2
1
1
35
1
3
-7
10
3
21
7
1
4
1
102
15
1
4
1
38
1
2
4
-1
4
2
2
1
1
8
1542
17
6
2
1
7
3
1
1
73
16
262
1
-1
492
78
6
4
1
5
29
3
1
2
3
2
1
2
0
4
74
-24
33
1
2
32
1
136
1
23
9
3
1
13
14
4
1
2
2
0
2
-6
1
3
2
1
2
13
3
9
41
3
1
1
2
0
2
40
22
5
1
2
8
7
19
1
1
5
1
-12
2
1
1
42
1
1
25
8
3
2
1
2
1
11
-6
183
1
-8
3
4
1
3
4
13
5
1
1
8
1
1
5
1
1
2
3
3
1
2
1
7
22
31
11
51
1
1
2
1
8
6
1
3
1
3
-1
1
3
3
0
3
3
12
2
9
-1
5
1
2
1
4
3
4
7
0
42
2
1
2
12
1
-2
3
1
1
73
1
1
1
1
0
-1
1
1
1
2
2
3
2
1
5
2
1
45
20
26
2
23
0
4
1
14
1
48
-1
1
1
-15
2
4
486
1
119
1
7
3
11
5
2
1
-7
2
2
1
1
14
12
1
1
31
4
1
2
0
4
8
2
2
3
1
1
2
17
27
2
0
0
40
3
2
1
5
6
10
-8
3
12
0
7
1
1
1
2
2
142
1
-1
1
0
8
1
1
1
5
2
1
7
-10
-1
1
1
1
1
0
1
2
2
7
24
-1
1
7
5
1
1
-3
12
3
3
5
5
1
1
1
1
4
3
24
3
3
0
4
1
5
1
1
6
11
10
3
45
3
5
1
5
-2
1
3
5
19
0
1
11
5
7
3
1
143
4
5
1
-21
3
4
1
3
3
12
2
6
15
3
-1
15
5
2
1
2
2
-8
-18
1
1
2
3
3
2
2
1
12
1
3
11
8
1
7
55
1
1
1
-1
3
34
8
5
115
1
7
6
6
1
3
5
3
1
5
0
-3
90
2
-16
1
1
6
0
9
0
2
1
4
1
2
2
2
8
8
42
2
12
67
0
3
1
5
2
1
2
1
3
1
6
1
4
0
1
2
3
22
1
48
1
0
53
1
-1
3
1
19
0
1
1
6
4
6
1
2
1
1
31
2
5
2
2
8
3
1
27
2
0
4
2
1
2
1
2
1
1
1
1
5
1
3
1
1
1
0
10
3
38
4
-4
3
1
1
2
5
1
2
-1
1
1
4
1
1
2
5
1
1
7
1
52
7
0
-1
2
3
4
1
1
3
2
11
1
4
12
2
4
4
3
1
10
2
1
0
1
23
-1
2
2
34
5
2
15
12
3
1
0
2
2
4
-1
2
51
5
18
1
-1
12
6
2
3
2
1
1
2
71
1
12
1
1
3
1
2
-5
1
18
1
3
1
1
8
1
1
1
32
3
2
2
3
2
3
1
1
1
4
1
1
3
1
2
2
1
2
1
5
5
1
5
5
1
3
5
16
2
18
1
0
9
0
1
7
10
1
0
21
1
1
1
4
29
4
1
1
12
2
1
10
3
3
29
2
0
0
2
1
2
1
1
2
2
6
0
23
48
37
1
-11
4
2
1
1
6
79
6
1
1
1
5
1
8
-31
6
2
1
1
2
1
6
7
3
3
1
5
1
-2
3
2
2
1
2
2
1
1
1
-46
3
2
2
2
3
1
1
52
2
12
2
7
1
1
1
2
6
2
11
4
3
1
1
1
1
8
2
5
2
5
12
1
14
5
4
1
2
2
10
0
0
-7
1
7
4
2
2
2
2
3
-10
1
1
3
1
1
1
4
12
0
2
-2
5
0
1
7
5
8
0
2
2
1
645
7
-3
14
7
16
6
1
2
1
4
16
0
3
20
1
1
3
1
2
0
2
4
2
4
1
3
3
1
1
1
3
1
1
1
2
2
1
2
1
7
13
14
2
1
1
48
1
3
1
29
1
5
15
1
2
1
1
1
1
-14
4
1
1
1
10
9
4
3
3
1
3
9
20
4
0
2
2
-3
1
2
14
1
2
7
1
1
1
1
37
1
3
11
0
1
2
7
0
0
4
1
2
2
2
25
10
-1
6
27
2
40
2
2
1
0
1
1
7
1
3
3
7
1
1
1
5
2
2
3
2
3
1
4
1
1
4
2
0
56
1
3
1
1
7
67
2
-2
1
1
7
2
5
-11
584
0
11
57
454
112
0
56
5
1
0
1
37
1
30
11
2
53
6
10
-6
2
3
1
2
2
7
1
4
72
0
17
35
2
5
1
1
1
1
1
-15
3
154
1415
1
40
1
1
-4
8
1
8
1
1
2
3
1
2
3
3
3
-2
5
20
3
3
1
2
1
3
-2
2
2
1
0
2
1
34
2
1
29
22
4
0
2
1
1
-7
2
17
11
2
3
1
2
205
2
4
20
1
5
1
2
20
1
1
1
-1
-2
1
1
1
8
1
26
1
1
0
0
-6
2
1
1
1
8
2
2
1
3
1
15
8
4
2
2
2
2
4
1
2
5
1
3
2
2
1
57
5
4
120
2
2
1
2
1
1
1
4
11
1
8
1
1
2
1
0
1
2
13
6
2
56
8
0
2
-2
1
1
30
20
4
8
7
27
3
3
2
18
1
2
1
1
2
16
5
2
1
4
36
0
15
1
-2
1
1
3
1
-17
18
10
3
0
2
4
1
1
1
1
1
4
0
5
91
6
0
2
1
2
1
4
3
4
17
1
2
2
1
5
2
2
1
0
1
0
2
1
1
2
1
4
5
-11
2
64
7
2
6
14
1
1
3
1
4
1
0
-23
1
6
65
-5
22
9
41
2
1
7
11
11
1
2
-2
1
1
1
3
1
18
54
19
3
1
1
5
2
9
1
11
-3
7
1
1
2
1
1
1
1
1
3
2
1
1
37
0
1
1
2
1
7
9
1
16
52
2
9
137
2
14
2
3
2
1
17
3
1
5
3
1
3
2
4
10
1
2
2
6
8
3
2
1
7
4
2
2
3
1
3
2
1
4
2
3
2
11
1
0
0
7
0
2
17
1
14
3
7
1
0
1
55
1
7
6
1
2
1
3
3
2
1
5
1
6
5
3
1
1
2
1
1
2
3
8
1
3
8
1
12
4
108
1
5
3
5
7
13
1
1
2
1
1
3
9
1
4
1
1
6
5
1
2
1
43
2
1
4
0
19
22
-21
1
6
24
5
1
2
1
5
1
1
4
3
1
26
3
2
5
8
0
9
10
3
2
1
1
1
1
6
4
1
45
-29
21
116
1
9
1
2
3
0
5
1
3
1
34
3
3
9
7
9
1
43
9
2
3
14
4
1
1
0
1
27
8
1
1
0
5
6
1
1
9
2
21
33
0
7
9
13
5
2
0
22
6
1
1
14
7
21
3
2
1
3
3
1
-18
3
9
1
0
1
2
1
1
-9
0
-2
3
13
1
3
23
12
1
11
115
2
16
7
1
6
1
7
0
1
5
11
13
4
16
0
0
15
1
3
17
182
6
7
0
0
2
40
1
18
3
2
3
5
8
10
10
1
1
10
1
1
2
-1
3
-2
2
1
3
3
1
-6
4
1
3
1
9
1
1
18
1
2
1
1
1
1
31
0
2
1
4
1
3
1
1
1
2
1
0
9
1
3
10
-4
1
7
4
1
16
1
20
1
1
2
6
1
1
5
1
1
1
1
2
54
9
1
3
1
9
5
1
2
6
1
2
29
1
2
5
7
2
11
1
1
3
2
1
4
2
0
3
7
1
2
2
2
6
1
1
1
1
1
1
1
46
1
5
9
2
0
3
11
1
3
6
5
5
3
1
9
4
2
1
8
1
3
1
1
3
1
3
9
1
-3
-1
18
1
2
3
1
4
1
3
1
6
2
1
2
1
1
1
-4
2
1
1
1
-1
1
-4
1
15
1
6
1
81
5
77
6
4
2
2
5
1
3
-5
1
2
74
1
1
1
2
13
-11
17
1
1
1
1
5
5
2
46
15
2
1
-4
1
51
1
3
3
1
2
4
1
9
5
3
6
11
1
59
6
1
0
3
0
1
1
6
0
1
3
1
0
2
4
1
3
6
1
34
1
1
-3
41
1
1
19
19
2
3
8
32
1
23
302
1
2
-7
5
3
5
7
2
124
1
18
6
1
2
50
15
2
7
1
1
1
47
4
3
13
4
2
1
4
190
9
1
1
1
1
2
3
1
16
1
3
3
2
5
3
1
4
-2
7
1
91
2
3
42
1
1
1
1
1
1
1
2
1
7
4
3
2
1
15
1
4
6
1
10
1
2
6
1
1
5
1
3
16
5
3
3
3
6
10
17
10
3
3
2
7
1
1
14
8
3
1
-1
1
1
3
4
1
-7
6
1
2
11
1
7
1
12
7
2
2
1
25
4
5
2
6
2
2
3
3
12
1
2
29
2
4
24
13
1
23
1
1
6
1
12
-23
2
13
1
2
3
1
1
4
-43
69
3
6
22
3
3
1
9
2
26
6
1
9
1
4
2
1
1
1
2
10
39
3
10
12
11
207
1
1
19
2
1
2
0
2
1
1
-2
4
1
0
0
40
1
1
14
-29
2
6
19
1
1
2
21
2
4
7
1
-6
5
10
8
1
103
2
1
27
3
2
12
6
2
3
2
8
1
3
17
1
22
1
2
1
1
1
4
1
1
1
1
2
1
1
1
1
1
2
5
-6
9163
1
4
11
3
2
1
1
8
1
1
5
17
-13
1
109
15
0
1
12
1
30
1
16
1
1
4
7
7
1
2
2
6
400
1
1
20
5
4
0
2
10
8
14
28
24
3
15
2
10
1
0
3
70
3
1
13
3
1
3
2
1
2
2
1
6
1
4
3
3
2
2
43
3
25
1
1
0
6
9
3
6
7
0
7
28
2
2
7
1
1
4
2
493
1
1
5
7
1
11
4
1
10
2
18
16
13
1
2
104
11
4
10
8
2
1
1
2
1
13
1
2
0
8
66
15
2
1
1
180
10
7
1
1
3
-37
1
5
9
6
1
1
2
2
70
2
3
45
2
4
46
2
8
1
1
48
3
3
3
49
6660
1
1
1
1
2
1
39
2
1
2
3
-3
1
-18
1
41
279
10
0
10
1
0
3
4
66
26
-1
1
73
2
114
1
1
1
1
1
0
0
2
1
1
3
80
60
1
57
5
-1
2
9
86
1
137
12
3
25
-6
-3
14
-6
2
13
2
64
30
1
3
-29
2
4
1
1
1
8
1
139
2
1
1
2
1
18
24
19
8
2
-14
1
2
2
1
3
21
3
1
5
3
3
47
4
1
7
5
1
1
8
1
-2
1
2
1
2
1
4
-8
1
1
91
2
7
9
1
8
1
2
5
8
6
7
1
12
7
1
4
2
0
1
1
1
37
1
5
3
3
3
3
2
5
-3
1
1
2
-1
108
45
8
3
2
1
2
5
1
14
-1
2
6
24
1
3
1
5
5
2
4
1
2
14
29
2
1
2
2
2
2
-8
2
7
16
1
42
1
2
8
2
2
9
3
5
3
1
1
15
18
1
1
4
7
15
18
1
11
1
1
1
7
11
4
1
85
21
-2
20
10
4
2
1
4
24
3
1
37
2
2
-1
0
8
18
3
5
9
0
1
1
2
-6
1
4
2
3
4
20
3
2
2
2
5
2
1
6
139
1
2
2
2
1
4
1
3
602
-4
1
7
1
1
1
1
2
2
6
0
1
2
2
1
5
0
2
-6
13
1
1
4
1
2
1
1
0
1
4
3
1
1
3
3
-1
1
323
4
-3
2
2
2
-5
1
1
2
50
3
2
1
1
1
1
2
1
3
18
3
1
2
5
1
1
20
3
1
1
9
2
5
1
9
1
3
1
13
19
2
1
413
7
11
1
26
1
1
49
1
10
2
3
1
3
2
4
1
5
3
9
120
2
-3
1
5
0
4
2
10
3
3
1
1
2
1
1
2
1
0
1
2
16
8
1
1
0
3
9
-3
1
3
3
3
2
1
8
6
1
0
2
9
3
2
1
5
1
1
1
3
43
5
7
1
4
1
3
1
1
1
0
1
2
1
-3
11
2
2
1
2
2
12
6
1
-3
4
5
3
4
4
1
6
12
1
3
6
5
3
2
1
2
6
2
3
2
2
2
14
1
1
3
1
6
6
2
1
2
20
2
2
12
0
3
2
3
9
6
0
20
2
9
1
1
1
1
-4
77
1
3
6
1
2
1
84
-1
1
2
2
6
1
3
2
1
1
1
567
3
14
1
27
1
2
2
1
3
6
2
-9
4
1
4
28
2
3
1
31
1
-5
1
1
1
0
1
8
1
2
4
0
6
1
37
6
2
3
2
2
-7
3
1
17
1
7
110
4
28
1
1
1
3
2
1
1
1
7
126
26
1
2
16
4
1
1
3
1
1
3
1
2
1
1
1
5
1
1
-3
1
4
3
2
3
5
3
2
3
1
2
1
1
86
1
168
2
2
3
12
1
1
5
2
0
1
1
30
2
8
1
2
1
1
1
1
16
2
0
1
1
2
1
1
12
1
-1
0
1
1
2
1
1
5
2
1
1
43
1
3
1
2
1
5
1
2
1
1
1
2
1
1
16
6
24
3
18
2
1
0
1
12
0
13
5
0
2
10
1
7
1
25
1
1
1
7
5
5
6
1
4
1
6
6
1
3
1
5
2
3
3
14
11
1
1
1
6
2
7
5
26
2
1
23
8
11
5
1
1
19
1
3
2
8
5
3
1
11
1
35
2
1
1
1
9
5
2
-4
8
0
2
8
2
9
10
2
88
10
-3
5
2
5
5
1
1
2
6
7
2
2
8
3
2
2
3
1
1
7
1
1
3
1
1
1
1
4
2
1
2
1
3
4
2
2
3
2
20
2
0
7
1
3
6
0
1
1
11
3
11
0
2
303
2
1
1
1
4
4
1
25
2
1
3
19
2
4
2
24
18
3
2
4
4
1
1
1
8
5
1
2
12
1
1
1
2
-18
16
8
4
2
-1
4
14
-2
5
6
4
4
3
12
210
-5
2
1
4
1
6
3
1
28
1
2
7
7
2
2
1
3
0
2
6
1
6
3
0
2
10
2
1
1
6
1
1
1
24
2
1
1
2
1
1
-14
-7
1
5
2
1
-10
2
13
2
1
3
1
3
7
1
2
2
13
5
1
0
1
-1
-14
1
-3
1
-9
0
1
-3
1
6
4
-2
50
42
3
2
1
14
1
5
2
5
1
3
-7
1
3
-5
10
16
-1
12
0
-6
15
2
74
3
1
2
2
4
2
1
18
27
3
5
7
1
0
5
3
3
1
2
1
6
1
1
2
1
15
1
3
180
2
10
9
2
1
7
6
7
13
62
2
3
1
1
1
1
2
5
15
92
-1
2
3
5
1
1
2
1
2
1
1
1
1
0
15
1
3
11
1
1
4
20
-2
2
4
-2
2
-4
2
1
3
6
-1
1
2
-20
47
1
3
7
1
3
23
4
15
6200
2
1
0
13
1
1
3
181
8
8
-1
2
1
2
3
56
-2
1
3
1
4
1
1
17
-2
1
5
16
2
6
1
1
6
0
2
-36
1
5
8
7
1
11
1
1
1
5
11
-1
1
6
6
3
16
4
9
2
3
40
0
2
3
4
1
1
1
1
2
1
1
2
3
1
1
29
21
4
2
-3
139
5
2
393
24
206
1
1
2
2
3
2
2
0
10
11
2
2
4
3
6
2
2
1
1
1
2
1
1
2
0
1
8
28
1
6
1
9
6
-17
12
0
23
2
3
6
2
22
2
1
16
2
3
1
1
40
-1
6
4
-1
2
7
6
-10
-3
1
13
4
18
14
2843
2
5
1
-1
1
11
1
0
6
4
5
1
1
1
15
2
9
1
2
13
2
1
1
3
7
1
1
3
4
1
2
9
0
1
5
1
21
3
9
2
3
7
4
24
2
1
25
-3
3
10
6
2
-3
3
0
7
0
0
5
3
2
3
0
4
2
1
2
-14
1
-1
1
4
9
6
29
1
2
1
7
1
2
4
9
5
2
3
2
-1
1
-8
1
8
5
7
-1
2
20
2
1
2
1
1
2
9
1
6
3
1
2
7
7
2
1
10
15
2
3
7
1
1
1
2
4
7
5
3
2
1
2
3
0
2
1
9
3
9
1
8
1
1
3
2
12
1
1
2
6
9
3
0
2
133
1
27
2
1
5
27
2
0
1
1
237
1
2
1
4
3
1
1
1
8
2
37
1
3
1
6
-2
9
2
9
1
4
5
1
3
1
-1
1
2
-1
5
1
1
36
1
0
14
1
1
7
0
2
14
1
5
1
84
2
2
1
1
2
2
90
4
1
4
2
5
10
1
1
1
28
5
3
2
-3
21
1
3
2
0
2
0
0
0
5
3
-1
0
2
1
2
71
4
-2
-2
2
6
45
1
-3
9
36
2
11
2
1
2
1
1
2
9
1
1
4
15
6
1
3
1
6
15
-1
1
-2
1
2
2
1
10
2
1
10
1
1
1
1
5
3
1
7
1
1
1
32
0
0
43
3
1
1
1
3
3
6
1
1
1
1
1
23
5
1
1
3
3
1
6
13
0
2
1
3
2
12
2
26
1
1
1
1
1
-5
2
-15
4
0
0
-87
2
3
21
6
1
1
1
-5
10
2
1
1
1
10
1
0
1
1
4
1
3
3
1
1
4
5
3
3
1
1
2
5
-1
6
1
19
2
3
12
2
17
26
1
2
2
7
26
2
4
2
1
0
1
2
7
3
1
4
1
3
2
2
6
2
2
1
2
-2
0
1
5
2
23
2
1
1
2
37
1
1
2
10
3
4
-1
2
1
0
3
-3
3
-2
11
1
1
55
9
4
17
1
1
18
3
12
34
12
92
1
1
1
-1
1
1
1
1
10
23
2
84
1
-6
3
2
3
2
5
54
1
14
1
1
4
0
2
1
1
1
1
2
1
188
1
1
-2
1
1
1
0
9
1
8
6
4
2
9
1
1
0
1
0
2
3
9
1
0
24
8
8
3
0
1
6
9
10
6
3
1
-3
1
19
5
0
1
1
5
1
3
1
8
6
1
9
6
5
7
1
1
1
5
0
1
3
1
4
1
12
9
4
1
1
0
1
3
18
2
26
1
3
13
12
1
7
2
6
0
18
2
0
4
18
4
2
1
1
-4
1
2
2
3
2
1
-13
1
10
2
-12
41
9
8
3
28
3
1
2
4
1
3
3
5
1
5
2
0
1
5
0
13
10
1
1
0
3
1
4
-1
6
2
1
1
1
0
10
6
1
-2
2
1
1
1
4
1
3
11
9
2
3
1
5
5
1
4
6
6
1
7
1
1
0
2
4
3
4
2
2
2
45
0
2
0
15
3
1
1
1
-1
17
2
33
25
1
1
2
23
12
2
1
1
1
9
4
0
1
6
1
1
6
1
3
2
-8
3
7
1
1
0
3
55
4
1
7
1
-19
2
25
4
21
2
1
2
1
2
-1
-6
11
13
1
17
3
5
0
3
2
0
1
0
16
172
2
1
6
3
1
7
0
3
2
12
6
1
1
3
1
1
3
0
1
2
6
1
2
1
1
2
2
1
5
1
0
76
-1
9
3
9
1
1
2
6
7
1
3
-3
10
1
1
5
1
1
2
-1
2
4
1
64
2
1
1
10
5
1
5
1
1
4
4
1
1
1
3
0
1
1
6
1
24
4
2
3
4
2
1
-4
6
1
1
1
10
12
1
5
6
2
133
2
4
1
4
1
1
1
4
5
79
1
7
24
1
2
3
1
2
1
12
2
8
47
0
8
2
1
-7
2
7
3
-1
4
2
6
4
3
3
1
-1
3
507
1
-2
1
6
1
1
87
25
14
4
1
1
4
1
2
1
3
-37
20
4
0
1
9
1
1
13
3
1
3
-4
10
6
0
1
21
31
1
4
1
-53
2
18
2
9
2
4
138
0
2
2
2
2
2
1
12
2
1
34
1
3
3
17
26
1
3
2
1
2
1
7
3
4
107
-1
5
1
1
2
1
3
25
3
3
2
9
0
-9
1
-3
1
5
1
4
5
0
5
3
3
5
1
1
2
3
7
2
5
2
7
7
3
5
10
0
1
-6
2
45
74
0
3
6
2
1
34
1
-1
1
3
54
1
1
8
1
6
6
0
3
50
115
2
4
40
2
2
117
14
1
11
7
3
2
3
2
1
2
11
2
1
-1
8
9
1
-2
1
2
0
-3
1
12
1
1
2
0
2
3
3
4
1
1
3
2
3
12
39
1
4
1
5
-1
27
10
-10
4
1
4
1
17
8
8
16
20
31
1
3
-1
2
1
2
4
1
1
2
7
37
0
4
1
2
2
1
19
1
2
3
1
2
4
7
1
8
0
1
-5
6
0
1
1
1
88
1
0
6
1
1
6
3
2
2
10
2
1
3
-1
1
6
0
1
5
1
1
5
21
1
1
5
2
9
6
1
1
2
1
3
3
9
1
40
1
1
6
1
9
3
2
17
3
3
1
1
1
7
1
1
2
1
0
4
1
3
1
1
1
261
2
9
4
10
1
1
1
4
48
10
6
2
7
3
3
9
60
6
6
1
9
2
15
13
2
2
1
73
2
2
0
16
36
1
6
4
29
4
19
-1
1
-3
2
8
1
3
1
1
5
4
3
2
21
6
1
22
1
3
2
21
5
3
19
1
1
1
3
9
10
8
7
1
22
1
4
5
0
1
7
5
2
2
2
1
24
5
4
1
2
26
1
-8
-2
3
36
15
3
1
1
5
3
2
11
7
3
1
1
6
9
3
2
1
21
-2
1
1
5
2
2
2
4
1
2
2
4
1
7
-8
0
1
1
2
3
24
1
8
1
-8
-2
-1
2
1
1
2
1
2
-3
7
2
2
2
3
5
0
1
1
1
5
1
1
5
0
3
13
9
3
2
1
1
10
1
1
1
2
1
3
3
1
1
2
1
-3
23
17
1
5
42
-8
3
42
46
-14
54
1
15
72
3
2
3
1
1
2
6
1
-3
1
5
4
2
3
11
3
39
1
1
3
7
0
2
6
-13
31
1
1
10
1
10
1
29
0
15
6
14
3
2
1
-1
-1
5
1
2
2
10
3
6
0
28
2
4
4
16
-34
2
3
9
11
3
2
8
3
22
0
0
2
6
4
18
1
1
1
11
6
3
3
6
-2
32
-17
8
3
8
3
4
7
1
1
1
6
1
1
1
1
7
-1
1
13
3
2
5
50
1
5
0
1
3
4
1
1
5
3
21
2
1
5
3
7
2
1
3
3
5
1
0
11
1
8
0
250
14
1
1
11
0
1
6
1
3
1
0
-2
-2
38
1
7
1
2
1
1
14
1
8
1
16
1
2
1
1
1
1
2
7
6
1
2
1
1
1
3
2
1
1
1
2
2
9
791
4
1
1
1
1
2
1
1
1
4
-1
0
1
6
1
5
1
18
-1
1
1
1
1
12
5
2
1
2
3
3
1
1
1
3
1
0
18
1
2
2
16
2
3
4
1
1
2
2
1
0
3
2
7
0
33
1
1
1
1
-9
3
3
2
1
1
1
2
2
1
3
-1
2
3
0
11
34
1
2
3
1
2
2
2
32
1
1
1
1
3
2
2
14
1
4
1
-8
1
3
2
1
1
2
1
1
25
2
2
0
1
4
1
2
15
1
17
0
1
18
5
2
22
13
1
