14
1
11
3
1
1
0
1
2
1
5
3
2
0
1
3
1
-2
3
7
1
0
2
1
1
13
2
1
0
2
1
5
1
1
3
17
1
5
1
-7
1
3
2
3
1
0
1
2
2
2
1
2
1
1
1
1
2
2
0
23
0
1
1
14
2
1
1
2
2
3
2
2
2
2
3
1
6
1
2
1
1
1
2
2
2
2
1
1
-1
1
1
4
0
-2
17
6
2
1
14
33
2
1
1
2
1
1
1
1
3
1
1
1
2
1
17
3
4
-3
16
10
5
3
-11
1
0
2
1
86
1
3
3
2
19
1
4
6
2
1
0
2
7
2
1
2
3
2
3
6
40
1
-4
2
5
9
1
2
1
13
3
-1
-7
-1
4
1
6
2
2
16
3
2
1
1
9
2
1
1
1
2
6
1
2
20
2
1
1
5
1
2
11
0
1
1
0
1
0
5
6
1
1
1
5
3
3
7
2
-11
6
9
4
2
3
3
1
1
1
0
1
1
1
1
2
1
9
14
0
4
1
2
0
1
1
1
2
12
2
20
9
1
2
1
0
3
3
1
4
2
2
1
1
1
2
2
-2
7
5
-3
6
-6
5
-3
1
1
1
12
2
1
1
1
2
14
2
4
1
1
20
3
8
2
1
3
2
6
15
1
2
2
0
8
-2
1
1
1
1
1
1
1
8
3
1
1
0
1
1
2
1
2
1
2
-1
1
2
1
1
1
1
1
1
1
1
1
1
1
2
1
13
2
1
5
1
1
1
2
2
1
1
7
1
1
1
1
2
22
1
7
4
1
2
1
26
8
1
7
1
0
15
14
1
-4
1
4
2
3
1
3
1
2
23
6
8
50
1
2
2
3
-1
1
3
3
1
0
1
9
2
5
3
1
1
7
1
10
3
2
3
1
6
1
5
1
1
2
8
1
1
1
1
1
1
2
19
15
3
29
1
2
28
100
4
2
-1
-7
1
9
5
3
2
2
2
4
1
1
1
3
4
5
2
1
3
1
1
3
1
0
-1
1
1
1
2
5
3
1
-2
-1
1
1
0
0
2
5
5
1
1
1
1
19
1
1
1
0
3
1
2
1
1
1
2
2
5
4
1
7
5
6
1
2
2
1
13
1
1
1
13
1
1
1
1
24
2
1
4
4
5
1
1
1
3
3
8
1
1
8
1
1
2
1
10
1
3
1
10
2
2
1
2
1
1
56
1
3
1
1
1
1
2
1
18
4
-7
1
2
1
1
1
1
1
1
0
1
9
2
1
1
2
2
5
1
1
10
1
1
1
4
3
1
-1
1
-1
1
1
1
9
20
12
14
1
6
1
1
5
5
1
3
1
-6
2
1
3
-16
1
11
2
3
1
23
5
17
2
2
1
30
1
2
1
2
2
8
1
2
0
10
1
1
1
-1
1
21
1
1
2
1
-9
5
1
1
1
12
-1
0
1
1
1
1
1
7
3
1
47
0
0
0
16
1
1
4
1
1
2
3
1
4
2
2
24
3
-1
3
3
26
1
-2
3
2
3
9
1
19
2
9
1
4
1
2
1
1
14
5
1
1
3
5
3
4
2
2
2
2
4
-8
2
1
1
80
1
2
1
2
2
1
1
2
1
0
1
12
2
-1
1
5
1
1
10
2
1
25
1
2
3
1
1
1
-1
16
77
2
1
1
1
-2
1
3
10
5
5
1
35
2
2
1
1
1
11
1
5
0
1
1
5
4
-1
3
1
2
2
3
1
10
4
1
2
6
9
1
1
14
2
11
2
3
1
1
2
1
0
3
1
1
2
2
2
-1
-6
1
1
2
1
1
1
7
5
1
1
9
3
3
6
7
4
1
6
-2
2
1
12
1
1
3
2
2
2
0
0
1
-6
-1
6
3
1
1
1
1
18
2
5
2
1
3
5
3
1
2
4
1
2
1
2
1
2
1
2
2
1
2
1
1
1
4
2
16
-5
1
1
6
1
3
1
1
1
3
1
1
0
2
2
1
1
7
8
1
1
1
1
1
4
5
3
1
3
1
1
3
3
-1
1
7
2
2
1
10
1
3
4
1
-1
8
7
9
3
1
2
1
0
0
8
6
1
12
21
13
8
-7
1
1
2
-1
2
27
-5
1
1
2
1
1
27
1
12
1
1
4
3
1
1
0
7
21
2
4
3
1
2
1
2
30
1
1
6
1
-3
8
7
22
2
2
1
-1
1
2
1
0
1
1
2
2
5
1
1
0
2
1
2
22
-1
1
32
0
2
2
1
1
2
1
3
1
2
9
11
2
2
1
1
3
1
1
1
2
2
2
1
3
1
-8
2
-1
8
3
2
-6
5
1
5
2
6
1
1
10
1
1
1
3
12
1
1
1
1
5
1
12
6
260
2
0
0
3
2
0
4
9
1
3
1
2
1
1
19
2
5
1
3
0
1
1
8
1
0
5
2
1
2
2
1
1
0
-2
1
8
0
22
1
2
1
1
0
1
1
1
77
2
8
1
1
2
1
1
2
2
1
1
2
-2
2
1
5
1
11
2
1
1
3
4
1
1
1
-1
2
1
2
1
1
-1
1
3
0
2
0
6
1
1
1
2
1
1
1
0
3
1
3
1
2
1
2
1
1
1
2
1
71
3
1
-2
40
4
1
0
12
6
1
7
0
2
8
1
-8
-1
1
18
6
3
5
1
-2
1
1
1
10
1
2
-11
1
3
1
1
7
1
2
0
14
0
12
1
7
1
2
8
1
4
1
2
1
2
5
28
-5
20
1
4
37
1
1
1
3
1
1
1
1
1
8
2
-1
1
1
2
-1
4
2
1
1
2
1
1
3
1
1
-1
1
1
3
1
12
2
2
2
2
10
15
1
1
1
2
1
6
1
16
1
1
2
1
17
-1
1
1
1
2
1
1
1
4
1
3
2
2
1
1
4
1
4
-2
-1
93
3
1
1
1
4
8
1
1
4
2
8
3
1
13
1
3
-7
1
2
6
2
1
1
0
0
1
1
1
24
1
1
0
3
1
2
2
-1
2
1
6
3
3
1
2
14
1
0
2
1
3
1
7
1
1
2
2
1
5
10
1
1
1
29
25
45
6
2
3
3
10
15
1
4
0
10
1
2
14
3
3
2
-2
1
1
2
1
3
2
5
1
1
4
12
2
1
1
2
1
1
-12
2
4
1
2
1
1
1
1
2
1
-1
5
3
4
1
2
1
1
2
0
3
3
1
1
1
1
3
1
8
1
2
2
2
2
1
2
2
0
8
6
1
12
-8
1
3
4
3
2
1
12
2
1
120
1
-2
3
2
1
1
15
-21
9
1
0
1
14
-2
1
3
0
3
2
3
-1
19
15
1
2
2
1
1
0
8
7
1
1
0
1
0
2
1
1
1
1
1
2
1
3
1
0
1
4
2
1
1
1
1
1
2
1
0
1
1
1
0
2
2
1
0
1
1
0
1
2
1
1
27
1
16
26
2
0
1
5
20
6
121
49
8
1
1
-17
1
12
-4
32
6
-4
1
0
-11
2
7
1
1
3
1
1
1
1
5
2
-1
7
2
1
1
1
3
1
1
1
1
6
2
-1
4
0
0
2
2
3
1
1
1
1
2
1
2
1
1
1
1
0
0
1
2
6
1
1
-2
1
1
5
1
1
0
3
2
0
2
12
1
2
-10
1
-5
7
1
1
108
1
10
6
-1
1
1
1
2
1
1
1
1
4
-1
4
1
1
-1
3
1
1
7
0
2
1
2
4
1
1
2
1
5
1
1
3
2
2
1
7
2
1
2
3
1
6
2
8
1
1
6
2
9
1
9
1
-2
2
4
1
38
0
1
4
1
1
2
1
4
2
6
1
1
1
1
3
3
2
0
0
-1
1
1
12
2
-1
1
7
1
15
1
1
1
0
1
1
0
1
3
1
1
2
1
1
1
2
4
1
1
1
1
3
15
14
-1
-5
1
1
1
1
1
7
-1
7
3
2
2
4
2
1
3
1
1
7
3
1
3
2
1
8
1
2
0
1
1
1
13
1
1
3
1
8
1
1
7
1
0
0
1
2
1
2
2
-3
1
1
1
5
2
3
0
38
2
1
3
9
1
-4
28
3
20
1039
1
1
0
2
-2
1
1
1
4
1
0
-1
8
3
674
2
1
1
1
0
2
4
1
4
5
1
1
1
2
2
9
3
10
22
6
6
2
2
16
1
2
1
1
2
1
1
1
1
2
3
0
1
9
14
2
1
3
7
19
6
1
9
1
8
2
8
2
1
2
1
1
5
5
8
1
2
15
2
10
1
1
1
4
2
14
4
2
1
59
5
1
3
2
52
1
3
-1
2
1
1
3
1
2
1
1
3
5
2
5
1
2
5
1
11
6
4
1
1
3
2
3
2
7
1
1
9
4
1
2
2
0
1
6
4
2
2
1
5
1
3
0
1
-1
-1
1
8
4
1
0
2
2
4
5
2
1
2
5
2
1
1
3
6
1
1
1
10
31
9
5
-2
5
3
77
2
2
9
6
1
1
1
0
3
1
2
6
1
1
1
3
1
0
2
0
2
4
2
2
1
2
2
8
1
1
1
74
-5
2
6
6
2
-2
4
5
3
3
1
21
25
2
28
1
3
2
1
13
1
6
5
6
1
50
14
2
5
14
-1
13
1
2
2
1
3
0
2
8
4
3
162
28
2
10
5
2
4
2
1
3
1
4
0
1
26
2
3
1
8
4
2
2
1
1
72
-1
7
1
1
2
1
2
3
0
-1
47
0
3
1
2
0
2
1
2
5
-1
54
1
6
5
2
1
1
1
9
5
8
1
13
1
10
-2
2
1
-1
4
2
-2
1
1
6
2
5
1
3
2
5
1
2
3
6
1
1
3
2
4
50
9
3
52
1
29
2
-1
8
2
3
12
1
1
-1
4
12
6
-1
1
1
7
3
3
1
2
-1
-4
2
1
2
2
5
1
11
0
-1
2
2
-1
18
18
2
2
10
5
-4
2
1
1
-1
1
4
4
2
5
-3
2
12
0
0
1
3
1
4
2
2
2
-1
0
2
1
2
2
1
1
7
1
11
5
1
1
3
18
1
2
4
-1
0
0
3
3
1
1
1
1
3
3
1
1
1
1
26
0
11
1
1
2
10
2
1
3
7
2
4
1
1
1
1
2
-1
1
1
1
1
3
1
1
2
3
1
1
3
2
3
1
1
1
1
2
1
1
7
2
2
4
1
10
1
0
0
1
-4
24
1
1
2
1
2
1
2
1
1
11
1
7
1
0
2
3
2
1
2
1
2
1
13
0
-4
3
1
1
5
1
1
6
0
3
1
4
9
2
1
1
3
-3
3
3
2
1
3
-1
3
1
1
1
9
-8
12
1
0
1
5
2
5
2
2
1
2
3
4
1
7
2
3
1
3
1
2
2
8
0
1
4
2
1
2
1
14
1
1
1
1
0
1
2
1
2
2
3
16
2
3
0
2
3
5
1
-2
3
1
1
11
10
-5
1
2
1
4
1
3
12
19
40
3
39
2
-8
1
9
3
3
2
3
2
2
1
1
2
1
0
1
2
27
19
4
10
3
1
3
2
1
1
1
2
1
39
7
5
18
1
1
1
1
3
1
1
2
1
1
3
1
1
4
0
1
30
5
1
8
17
11
23
3
4
1
2
1
3
16
2
1
12
5
2
1
2
1
4
2
2
6
9
1
2
2
5
1
50
1
1
15
1
4
2
1
1
1
3
1
6
-1
1
2
6
1
1
2
8
2
5
1
1
11
2
1
6
6
0
1
2
0
3
26
3
1
0
0
22
276
-1
1
1
2
7
2
-5
1
1
1
1
11
116
153
10
25
12
1
-8
1
3
1
10
4
27
26
3
5
3
1
14
1
1
5
5
1
4
1
0
1
2
7
2
1
1
0
2
1
1
4
1
1
1
1
3
1
2
1
1
4
3
1
1
1
3
1
2
1
2
7
1
1
18
2
1
2
1
4
1
2
1
1
1
0
1
1
1
1
1
1
0
1
1
1
1
1
1
29
1
1
1
4
1
2
8
0
2
3
1
1
2
2
5
1
0
1
1
0
3
1
1
3
1
1
2
2
1
1
1
1
1
2
1
1
0
1
3
3
1
2
0
1
1
2
1
1
3
1
1
1
1
1
19
5
1
1
2
1
0
1
4
2
1
1
1
1
1
1
1
0
1
6
1
1
-1
1
2
2
6
2
1
1
0
1
1
1
1
1
3
2
0
2
1
1
0
-1
11
1
1
1
1
-4
-2
6
1
4
1
11
9
1
5
1
18
7
1
6
3
1
-1
1
1
7
3
6
1
1
12
1
1
0
1
5
1
1
1
1
1
1
1
-2
1
1
1
1
2
1
1
2
3
-3
1
1
2
-1
1
1
11
1
1
2
2
1
1
31
24
3
1
3
0
1
1
8
0
1
1
2
1
1
20
1
0
1
5
9
-2
2
1
1
2
9
1
-3
5
2
6
2
1
29
1
-3
1
1
3
6
10
4
1
1
3
2
1
3
2
1
2
2
1
1
2
1
1
20
4
1
1
2
16
0
1
2
2
1
2
1
1
1
2
1
1
3
2
1
1
2
1
4
1
3
1
1
1
1
1
1
1
1
1
2
9
5
1
4
2
4
4
2
1
1
3
-1
0
1
1
-5
5
1
3
0
4
1
1
1
3
1
3
0
1
1
2
2
1
3
2
2
0
1
1
3
0
1
6
1
5
5
2
1
4
1
1
1
2
1
1
1
1
1
4
2
3
5
1
0
1
2
1
1
1
1
1
1
1
0
0
1
6
2
1
4
11
2
1
1
57
8
2
1
1
1
-1
1
0
1
1
16
2
3
3
2
1
1
1
3
1
5
1
7
3
1
1
-2
1
1
2
1
1
6
1
5
3
1
2
2
1
1
2
2
1
1
1
1
1
173
3
3
1
71
91
-1
20
5
36
2
9
10
-1
2
19
6
1
2
18
1
8
1
5
0
9
3
1
1
-2
2
9
1
1
1
6
1
1
1
1
2
1
7
3
1
1
2
1
0
2
1
2
0
1
2
1
1
2
7
5
1
2
2
2
1
0
2
-1
4
1
6
4
1
7
3
-7
1
2
13
-7
3
6
-5
1
1
-4
0
1
1
1
3
3
1
0
2
1
2
1
13
1
2
3
0
3
5
1
