-13
37
9
1
2
6
2
1
1
-1
1
2
3
2
2
1
5
3
7
1
0
2
1
3
11
3
49
7
5
12
4
12
-1
2
-1
2
8
4
19
3
1
6
0
-1
1
1
1
1
0
1
0
1
1
0
1
1
0
3
1
1
3
2
1
57
1
-9
-6
3
1
1
4
1
10
7
35
4
8
-1
4
6
20
-3
1
11
3
5
8
12
0
2
6
0
7
3
2
2
2
4
14
3
2
5
-7
-1
3
6
25
-1
4
11
10
7
5
2
5
3
1
5
1
2
3
1
3
0
1
5
7
2
3
3
2
2
1
0
1
2
2
1
1
-2
1
1
1
2
5
1
6
12
2
5
2
9
6
3
48
-2
16
3
2
1
-6
25
-5
7
0
2
2
0
7
5
1
5
0
10
2
2
3
2
2
3
4
1
3
1
-1
1
0
2
0
1
3
1
1
1
3
1
1
1
1
2
1
1
2
1
16
2
2
-1
1
1
0
5
2
2
0
1
13
2
1
1
6
3
61
1
33
6
36
97
1
3
10
-14
6
1
5
2
2
1
3
3
2
1
2
3
9
0
7
60
10
1
-4
1
1
1
1
1
5
13
0
3
-2
3
6
1
2
2
1
2
5
3
-3
3
-1
15
6
6
5
10
3
2
4
2
1
4
1
0
-3
3
-2
23
6
3
7
6
18
-2
14
46
12
0
-1
-7
14
-4
1
1
5
2
3
1
0
-1
3
-6
6
4
1
0
1
2
2
1
4
1
1
0
2
2
2
1
1
0
0
1
1
-2
0
2
2
4
5
1
15
2
13
-3
1
1
0
1
-1
0
1
88
2
0
0
2
1
1
8
0
-2
1
1
2
5
3
1
1
1
3
1
1
2
0
1
0
10
0
0
-1
2
0
1
1
2
1
7
0
11
7
-9
-5
-1
-1
3
1
1
2
1
2
1
6
46
8
1
16
1
1
3
2
1
2
0
1
-4
36
1
2
6
3
1
0
-4
-8
3
10
7
1
2
1
1
10
0
2
3
3
6
20
7
5
3
-1
7
3
3
1
-8
5
2
3
5
5
0
35
2
0
6
1
1
0
1
1
28
0
2
1
2
-9
4
2
47
3
0
6
0
1
1
2
8
1
3
2
2
1
1
6
0
3
1
3
8
0
1
1
10
1
1
1
5
29
2
1
0
16
3
2
3
1
4
3
-2
0
2
1
1
1
11
5
5
1
2
2
5
3
2
3
1
1
3
2
1
2
1
2
1
2
1
1
1
7
2
2
8
3
5
3
2
1
5
-1
2
10
1
-1
1
-4
3
3
1
5
0
7
1
1
7
3
4
4
6
1
4
1
4
3
3
2
4
2
6
7
27
3
5
6
2
0
-1
6
1
6
13
6
2
5
3
2
2
2
0
6
10
1
7
2
9
5
2
1
1
2
1
1
-1
1
1
2
3
1
1
4
1
1
17
-9
1
3
1
2
1
-2
3
1
1
6
1
1
4
36
1
1
0
14
7
-4
1
3
0
