2
3
3
2
1
4
1
5
5
23
1
50
44
2
61
48
7
0
4
1
2
1
2
1
1
1
43
2
2
38
25
1
5
27
4
1
2
1
1
0
-1
1
1
2
2
1
2
1
5
17
1
2
4
8
-4
5
1
5
2
2
-4
6
9
1
9
4
5
1
1
8
11
2
1
2
2
2
-1
2
25
1
2
2
1
1
2
1
0
2
2
18
8
1
2
1
3
2
2
1
3
1
1
5
1
9
1
0
57
1
1
1
0
1
2
2
1
3
2
1
2
2
1
1
1
1
10
-1
18
4
6
1
1
2
2
1
3
1
0
2
4
3
-5
1
13
-1
1
0
1
2
1
1
2
-1
1
2
1
1
1
1
3
3
2
1
3
-4
1
1
4
2
1
1
8
2
0
2
1
1
1
3
1
1
1
1
3
1
1
1
1
1
2
1
2
7
1
1
5
1
1
1
1
2
5
1
1
5
0
2
3
1
2
3
-6
1
1
1
1
1
1
1
0
2
2
0
1
7
1
16
8
3
1
102
1
2
6
4
2
5
1
6
7
1
6
2
11
-9
1
1
1
-1
0
-1
3
1
3
0
2
1
1
11
1
1
2
1
1
1
2
1
1
6
2
2
1
1
0
2
1
2
2
3
0
27
-6
10
1
-14
9
5
2
1
26
21
15
6
9
1
1
1
2
1
12
0
1
1
6
22
2
0
9
2
2
4
4
-5
6
3
1
2
3
2
1
18
9
6
1
3
3
1
1
2
1
1
2
0
12
2
2
1
0
6
2
3
1
1
5
1
17
121
2
2
2
1
77
310
-8
-11
2
2
2
3
3
4
-9
-4
2
5
85
1
31
37
-2
-8
6
5
3
5
1
68
5
5
4
11
1
17
2
3
3
1
13
12
6
8
1
2
2
2
3
1
6
3
18
2
1
1
5
2
2
3
2
1
6
8
-1
8
0
2
4
1
1
-1
1
5
3
1
9
2
1
1
2
2
1
1
2
15
15
2
1
28
1
-1
7
-2
1
1
3
0
1
4
14
2
3
-1
3
10
13
2
2
2
37
6
2
3
1
5
1
2
1
1
1
0
2
6
4
6
0
1
1
1
2
1
1
9
1
-6
1
1
0
3
1
2
2
4
1
2
1
2
4
10
3
8
1
2
3
1
1
1
1
2
1
1
2
3
1
2
2
60
1
2
2
6
1
2
-1
1
1
1
2
0
1
1
2
1
2
1
1
0
2
3
3
0
1
2
3
2
6
2
6
4
1
5
3
2
3
8
1
37
0
2
1
1
4
3
1
3
6
1
0
1
7
1
3
1
3
4
20
1
5
1
1
3
1
3
2
1
1
9
1
1
1
1
2
2
3
4
1
2
1
1
2
3
0
1
55
3
30
2
7
1
17
-13
3
1
5
3
2
4
1
6
2
1
1
1
1
1
1
2
1
1
2
0
3
1
1
-1
2
1
2
6
3
5
2
2
9
2
3
1
1
1
53
-2
13
1
1
3
1
1
2
1
1
1
1
2
2
13
1
1
0
1
1
2
3
2
3
13
1
87
12
1
2
1
2
3
1
1
6
3
1
1
2
1
1
-1
1
2
6
2
1
1
1
2
114
9
2
2
2
6
0
1
1
3
6
4
1
1
3
1
1
1
4
1
3
11
1
3
1
3
2
1
1
1
1
3
4
2
1
2
2
1
1
4
2
1
1
1
1
1
2
11
2
2
1
-1
16
1
6
1
11
4
3
1
1
2
0
1
0
2
2
23
3
-1
3
3
1
4
2
5
2
7
1
0
1
6
2
28
1
1
1
3
2
1
1
16
1
1
19
1
1
-7
4
0
2
29
1
1
1
170
1
17
1
14
3
1
4
2
2
3
1
2
2
2
1
1
1
4
2
2
1
3
1
3
1
3
3
4
1
5
1
10
1
1
2
1
2
1
2
2
28
1
25
1
1
1
1
3
3
1
1
1
2
1
7
4
52
-1
3
85
2
0
21
2
3
1
1
3
1
1
1
0
1
9
1
2
3
2
4
3
-1
3
0
6
4
47
2
1
1
1
2
1
-2
7
2
3
2
2
0
2
1
1
-2
4
-1
5
5
9
3
2
0
1
33
17
2
3
2
2
2
8
0
14
2
8
23
1
3
2
1
18
2
6
1
1
1
8
1
1
15
2
2
1
1
7
2
2
2
-2
0
9
2
8
0
3
1
-1
1
-4
1
2
1
1
3
1
1
2
3
2
7
3
2
1
4
2
1
0
3
1
0
6
6
43
1
2
1
1
1
2
1
2
1
2
2
-1
1
0
1
1
1
10
6
1
2
5
4
2
0
1
9
0
2
3
2
3
2
8
3
1
5
2
1
2
1
2
1
2
1
2
-4
5
1
1
2
1
1
3
1
1
2
0
16
0
1
2
1
0
4
1
5
18
2
17
2
2
1
4
7
1
-1
2
1
4
1
2
-6
1
1
53
13
1
6
488
2
-5
6
110
2
1
4
140
2
31
4
1
8
1
1
1
1
8
-9
1
1
1
9
1
1
2
1
0
1
1
1
3
12
1
9
124
1
2
3
6
2
2
2
1
2
5
11
1
6
2
3
1
1
3
1
2
4
2
1
36
1
51
2
2
1
2
1
5
5
6
1
28
4
1
1
2
2
1
2
1
2
3
-9
2
1
1
59
4
5
1
13
-1
1
1
0
2
1
3
2
5
2
2
1
0
2
-2
-6
-6
-6
-5
-2
1
0
6
1
0
1
1
2
5
2
1
2
2
20
3
34
1
5
12
2
1
2
3
12
1
2
0
4
1
2
2
0
2
5
1
-1
13
5
1
1
1
2
1
0
1
14
1
3
0
4
-4
18
1
10
0
1
-1
5
1
3
9
3
1
6
5
2
11
-6
3
2
3
0
12
-5
4
2
17
3
2
2
3
14
1
11
2
80
1
-2
1
10
1
6
0
3
1
-3
2
1
3
-1
1
2
1
3
-6
4
3
8
1
4
2
1
14
3
2
2
10
3
2
1
0
4
2
1
1
3
-2
5
3
1
1
1
25
1
9
0
2
1
7
3
1
6
5
1
3
2
2
-5
-4
1
1
6
0
10
1
2
0
5
1
2
2
1
6
1
4
13
-2
2
3
1
2
1
3
8
1
1
6
3
3
2
1
1
2
8
1
3
2
2
8
2
1
1
3
8
1
3
1
3
9
1
2
1
5
-2
0
5
3
2
1
1
1
3
1
1
1
1
2
2
1
0
1
1
1
6
1
0
7
1
2
0
4
11
0
1
2
13
6
3
2
2
1
3
1
0
1
1
1
1
0
4
2
0
1
1
0
2
1
0
6
1
1
3
2
1
1
1
2
1
1
1
1
1
3
0
3
1
1
1
4
2
1
-1
1
2
7
6
1
1
1
11
-1
9
3
1
1
7
1
2
2
2
5
1
3
-1
1
1
5
1
0
2
10
6
25
1
1
0
2
1
8
3
1
4
1
2
-6
1
3
1
1
3
3
2
1
-3
1
2
2
1
2
1
2
1
1
0
1
1
2
2
-3
1
1
6
1
1
1
1
2
1
1
1
6
1
2
1
2
10
2
13
2
1
7
1
2
1
1
2
1
2
1
-4
1
1
1
1
3
3
3
3
6
1
1
0
2
5
1
7
2
-21
-2
2
1
323
1
9
4
2
11
5
6
7
1
1
4
5
1
0
3
1
1
1
7
2
1
1
3
1
1
1
1
2
1
2
1
2
9
4
2
1
3
8
2
4
1
3
1
2
3
3
1
2
0
2
2
1
1
3
1
1
1
2
2
2
1
0
3
2
1
1
0
1
2
2
1
3
2
1
1
1
2
2
2
1
1
1
-6
2
2
2
2
1
5
2
2
1
3
2
1
12
11
7
1
4
6
1
27
4
-2
12
2
3
1
4
1
0
1
2
1
1
-1
1
3
3
1
-1
1
1
1
4
5
0
1
2
0
1
2
2
1
1
2
4
-2
1
5
1
0
7
0
3
3
1
6
1
1
5
3
1
1
6
1
3
3
3
1
1
2
-1
1
3
5
3
1
2
2
2
-4
-1
4
11
-11
2
1
4
6
-18
8
2
1
1
1
1
2
1
5
2
1
1
0
1
7
1
3
3
1
-1
2
10
1
1
1
80
4
0
2
1
3
17
4
2
19
1
0
2
5
1
1
5
7
1
6
15
-1
3
2
2
5
5
1
-6
1
8
4
10
3
7
2
3
9
3
1
2
1
0
2
1
1
1
-7
1
2
4
3
1
2
1
1
1
1
0
10
-2
2
1
-3
2
2
3
1
5
1
1
1
1
1
1
1
1
8
2
1
3
1
1
0
-7
1
1
1
3
5
2
2
6
10
2
1
-3
99
9
22
2
0
6
1
2
1
3
3
1
2
12
0
1
1
1
5
3
2
2
2
3
1
1
3
1
1
0
1
8
8
1
2
0
7
-1
1
0
1
1
1
-5
1
2
5
3
2
1
7
8
3
34
5
2
1
1
1
3
2
1
1
0
2
2
12
6
6
1
0
2
2
2
1
8
1
1
1
11
1
1
32
1
-5
0
1
0
3
2
10
1
1
1
0
1
4
1
6
1
1
2
1
1
2
1
6
0
2
0
2
4
-8
2
4
1
9
-4
8
4
5
7
4
1
0
1
72
4
4
29
1
2
2
1
4
2
2
2
2
8
1
0
2
-7
3
2
1
1
7
1
2
4
1
1
2
1
3
118
1
2
2
0
3
0
3
1
2
3
1
2
1
1
1
797
-2
1
3
1
1
1
1
-10
1
6
1
5
13
1
3
0
1
2
1
15
3
12
2
0
3
3
15
1
1
13
1
1
2
2
1
0
490
1
4
134
-3
42
1
1
7
0
2
10
1
2
2
1
1
3
1
1
15
1
7
16
2
-10
3
3
14
5
3
3
3
3
5
7
16
5
17
2
-4
8
48
9
4
2
14
2
3
-5
1
1
1
2
1
1
-6
6
1
1
3
1
1
2
0
1
1
9
1
-9
1
30
1
14
7
9
1
2
0
2
4
5
2
13
5
5
1
2
59
2
15
3
21
2
15
44
4
5
3
-4
6
0
2
2
12
2
1
2
4
6
5
0
12
2
1
-4
9
2
0
1
6
6
7
2
2
4
1
1
1
1
3
5
6
1
1
-2
3
1
5
1
2
4
1
1
2
3
0
1
13
1
1
1
1
1
5
0
1
1
-2
2
1
3
1
1
5
-1
2
4
1
2
2
1
1
3
1
1
1
1
1
1
1
1
2
2
1
-2
1
2
0
6
1
3
1
1
1
1
1
1
1
1
0
2
1
2
2
4
1
12
1
-1
9
3
2
2
0
11
1
2
1
3
2
-18
1
5
4
1
0
45
1
15
7
2
4
2
1
3
1
2
3
-3
2
3
3
2
1
25
1
1
37
7
1
3
1
2
12
0
38
1
26
4
-3
-1
-3
37
8
7
3
4
1
8
8
1
1
1
1
2
17
1
-2
0
1
13
5
2
1
6
1
3
2
3
1
5
6
14
2
3
1
-4
2
2
3
5
1
5
3
1
-8
11
3
2
4
2
3
2
5
1
11
4
4
1
7
2
-5
-6
1
0
2
-6
1
2
3
4
10
1
2
-1
3
2
2
1
2
1
1
1
5
1
1
3
-1
6
1
1
1
1
8
3
5
24
2
2
3
3
1
1
4
2
12
-1
1
1
2
1
2
1
2
1
1
5
1
1
1
5
1
3
0
3
1
1
3
3
5
5
11
1
1
0
2
-6
1
1
1
0
1
2
14
1
8
-6
-1
12
3
16
3
1
3
2
1
3
3
1
1
2
1
2
1
2
0
2
1
-2
1
3
2
2
4
1
2
2
2
3
5
9
2
2
10
3
5
2
7
2
6
21
1
2
1
5
3
2
1
1
0
-2
4
2
-1
1
1
2
1
1
1
2
2
1
2
3
1
0
1
1
2
5
1
0
1
-1
3
19
1
1
2
1
3
6
0
1
1
1
2
1
-2
1
1
1
1
2
3
0
9
2
1
7
1
1
1
7
1
2
-1
2
0
2
0
1
1
6
1
2
3
1
1
3
2
0
-1
1
3
2
2
1
1
2
1
-1
1
1
13
2
1
1
1
1
2
2
1
1
1
1
4
-1
2
3
1
1
2
1
10
1
8
2
4
7
7
-1
1
8
1
0
7
1
1
4
3
1
4
1
3
0
0
1
1
1
1
9
2
2
2
1
-3
2
2
2
4
5
0
28
1
1
-1
2
1
2
2
0
2
3
2
-1
1
-4
1
1
2
2
2
1
-1
1
2
1
3
1
2
0
12
5
1
0
3
2
1
4
2
1
3
1
107
3
7
3
1
2
1
222
1
100
13
1
2
3
-5
3
1
10
26
2
-2
1
152
1
4
3
2
3
1
1
1
8
7
17
9
7
2
2
20
7
1
1
-2
0
1
3
1
33
9
3
1
2
0
8
6
1
9
1
2
2
7
2
1
2
1
1
-2
1
2
2
1
1
1
1
18
1
3
5
2
9
1
6
2
2
2
8
6
1
0
3
2
0
1
3
11
-1
4
1
0
1
1
1
0
-1
-2
-3
-1
1
8
3
1
-1
1
2
18
1
0
1
1
1
1
1
1
2
1
15
3
2
1
3
6
2
2
1
19
1
2
-3
1
2
1
2
3
1
10
3
-1
1
2
1
2
1
1
1
3
6
4
1
0
1
4
1
1
2
1
1
1
1
2
2
2
1
1
2
7
4
3
1
2
2
27
1
1
1
1
2
1
1
1
1
1
2
2
-1
5
4
2
1
4
1
10
1
1
1
2
2
23
1
3
356
1
1
1
0
1
1
1
7
-2
2
1
-1
0
14
1
1
-1
106
3
1
1
4
0
2
13
1
10
6
1
2
3
3
5
2
3
1
4
2
-14
1
1
1
-1
3
3
3
5
3
3
6
2
2
2
2
1
10
0
1
17
-2
6
1
1
0
7
0
2
1
-6
2
1
5
4
2
9
1
1
6
2
2
1
0
1
5
8
2
2
3
2
2
14
1
23
2
5
3
1
5
3
1
2
1
5
1
1
2
1
2
5
2
1
0
1
0
1
3
0
2
3
4
0
7
3
1
5
3
1
1
7
13
1
2
1
1
1
-4
1
3
1
3
-3
1
1
2
2
6
5
0
3
3
3
2
1
1
0
1
1
2
2
1
3
2
1
6
4
3
6
1
2
1
73
2
-3
-1
1
1
3
0
2
89
1
1
21
-5
6
2
3
0
1
2
2
1
0
-8
1
11
3
1
0
1
1
6
2
7
1
1
0
2
2
3
9
3
5
16
2
2
2
1
1
-1
2
3
10
14
-1
1
2
2
3
1
2
5
12
-1
1
1
4
1
7
5
1
1
1
1
4
-3
1
5
2
1
1
3
4
4
1
1
1
13
2
2
1
6
8
1
1
2
1
1
2
1
2
2
1
2
2
1
3
1
1
1
3
3
-2
1
-5
2
3
2
2
4
0
1
0
4
6
4
2
1
1
0
-2
5
-1
2
1
61
1
43
12
3
20
296
2
25
2
3
22
43
6
7
24
-1
4
7
4
187
346
28
34
1
14
0
-7
-6
4
0
217
0
24
8
19
17
5
5
3
8
22
-4
0
-1
8
2
1
2
0
2
39
13
110
-2
3
1
-2
-4
2
1
2
0
10
18
11
1
1
7
93
10
-3
39
0
1
0
11
124
-5
2
-1
2
-20
1
0
9
21
39
3
0
2
-2
10
2
21
1
5
7
3
4
4
1
0
2
1
2
-5
-1
1
0
2
2
1
-3
2
1
44
7
1
2
2
1
4
3
2
51
42
1
3
2
11
1
1
-6
1
4
1
2
0
1
1
1
-6
41
734
1
0
8
3
1
2
1
29
3
2
1
2
2
8
6
2
1
1
1
1
1
2
9
1
1
1
5
1
3
1
0
2
1
1
1
1
2
1
1
1
1
1
1
2
2
1
2
1
-1
2
0
1
0
3
1
1
1
1
2
2
2
1
2
-1
1
0
1
2
1
1
1
1
1
1
6
1
1
1
1
1
1
3
9
3
7
1
0
2
2
0
1
7
3
0
1
2
16
1
7
3
-1
1
3
0
1
1
2
1
2
21
7
2
-2
-2
3
2
-1
0
1
1
1
0
1
2
1
1
63
1
2
-1
1
1
1
4
1
2
1
2
1
2
1
1
1
8
1
1
1
2
2
-4
2
1
12
2
1
2
1
0
0
1
1
1
2
1
1
1
5
1
1
-2
3
0
3
1
14
-4
1
2
3
1
1
1
7
1
1
1
2
5
6
0
0
1
1
2
3
1
2
3
2
1
39
4
1
3
1
0
0
21
4
1
1
3
-1
7
4
1
1
2
31
1
1
3
1
0
5
3
1
1
-8
1
-2
4
3
-1
1
1
3
3
2
1
2
0
1
5
1
1
1
4
1
3
1
0
2
6
1
1
7
1
2
4
4
1
1
3
3
7
2
1
1
-3
1
43
1
1
1
5
1
1
1
1
1
4
5
2
1
1
6
3
1
3
6
4
1
7
1
2
26
1
1
1
-5
1
1
3
2
2
1
1
0
1
1
50
2
-1
8
2
1
1
1
1
2
1
1
6
1
1
1
4
5
2
-4
4
3
1
1
2
0
1
20
4
2
0
8
5
1
1
3
95
1
1
4
1
1
3
3
-1
1
1
1
1
-2
18
1
4
2
3
1
3
3
1
-7
0
2
2
1
1
3
1
1
1
2
3
1
9
31
10
1
1
1
9
2
1
4
4
15
2
3
0
1
1
1
-4
3
6
8
1
-3
2
1
5
17
1
1
3
1
2
2
-3
-2
-15
3
2
4
32
2
0
2
5
2
3
2
1
3
1
1
3
12
1
1
5
1
1
0
1
0
1
1
3
24
-2
2
2
2
0
3
1
2
1
3
1
1
1
-4
2
1
3
3
-4
1
1
2
-3
-5
1
2
3
2
1
3
0
2
2
-5
1
1
2
5
5
1
1
3
-1
-6
1
1
5
2
1
1
-4
7
5
2
2
1
2
1
1
1
2
1
3
1
4
3
2
1
4
1
1
1
2
2
2
12
2
2
1
1
2
1
1
19
8
24
2
13
5
1
3
1
1
1
10
1
10
-1
7
2
2
3
4
5
1
3
2
6
0
1
17
3
1
1
1
10
3
0
2
1
0
1
17
2
3
3
2
2
3
1
1
1
2
17
1
1
1
4
1
1
5
2
5
1
5
0
1
2
4
1
1
16
3
1
3
1
2
0
4
1
2
1
2
8
-1
3
1
1
1
5
2
15
2
1
1
1
9
3
7
3
2
5
2
265
3
-1
1
1
14
0
2
1
0
1
3
2
1
3
3
2
1
1
1
2
8
2
-2
1
2
1
1
8
3
1
12
5
2
2
1
1
3
0
1
1
0
1
2
3
1
1
2
1
1
3
1
1
1
-1
1
1
5
5
3
5
1
1
1
50
5
6
1
1
7
2
2
2
25
2
0
2
2
0
1
2
3
0
37
1
2
-1
7
1
2
2
2
4
7
2
1
1
1
3
1
7
3
9
4
2
84
1
4
2
1
5
3
4
2
9
2
3
-2
-2
-2
-2
5
3
2
0
1
1
9
2
2
1
2
1
5
-3
1
1
2
2
4
1
2
1
1
1
7
1
3
1
6
1
0
1
0
1
4
2
1
1
1
1
1
3
1
3
1
1
2
2
1
1
2
2
1
3
5
3
1
1
9
7
1
1
1
1
1
1
3
1
3
1
3
1
2
1
5
2
0
-2
3
3
2
1
2
1
0
4
7
2
2
1
4
1
1
1
2
1
12
2
5
1
2
1
1
2
2
6
3
2
1
3
1
2
1
-1
1
2
1
0
1
1
1
1
3
3
1
0
5
1
1
2
3
1
1
0
2
2
1
2
1
2
17
1
1
1
4
3
1
7
0
9
2
8
2
-5
1
2
2
2
2
1
1
1
-7
1
2
0
3
3
0
2
2
6
1
5
2
1
1
1
27
1
1
12
4
4
9
1
39
2
28
0
16
2
1
1
0
15
2
3
1
2
1
1
1
3
1
1
3
1
2
-1
6
1
24
16
3
-1
1
2
41
1
1
2
1
1
2
2
1
1
1
5
-2
7
3
1
9
1
1
-3
1
0
8
4
5
1
0
1
2
0
1
2
2
0
3
9
2
3
2
2
1
1
3
1
1
1
0
8
1
1
-3
2
1
1
3
3
1
4
2
1
2
1
5
2
1
7
1
3
1
4
1
1
2
2
1
0
27
-1
1
2
2
4
1
1
13
1
6
1
1
1
4
-1
2
10
22
3
1
1
-5
1
6
6
37
0
1
1
-1
2
13
1
7
2
1
1
0
2
1
0
2
4
0
1
3
5
2
1
2
-1
2
1
2
2
6
1
-1
1
-2
1
1
1
-8
2
1
1
1
3
3
1
5
15
3
1
6
1
1
1
1
31
1
1
2
1
11
5
2
0
1
-1
2
3
2
4
2
6
6
2
-1
6
1
8
2
1
1
1
0
6
5
5
1
1
1
1
4
1
1
1
3
4
1
5
1
7
3
1
2
-1
3
7
-1
2
1
1
12
1
1
1
1
3
1
0
3
8
1
4
1
-2
12
3
2
3
1
28
1
1
1
1
1
2
2
2
2
1
1
0
45
2
12
2
1
-3
3
3
1
1
2
2
1
1
17
1
2
3
4
2
0
2
1
0
2
3
0
22
5
2
10
2
10
1
28
6
3
4
6
3
1
0
2
18
12
1
2
2
2
0
1
3
2
1
2
3
1
0
4
1
3
3
6
1
0
1
1
1
0
3
3
1
1
13
1
3
2
1
1
1
3
1
3
1
1
1
1
1
7
1
8
2
3
6
3
3
1
1
3
2
1
3
2
2
2
3
1
1
6
16
2
3
-2
1
0
2
2
3
2
2
13
3
3
1
1
1
2
5
3
2
1
2
1
1
1
2
2
1
1
2
-8
1
2
1
8
2
1
10
1
4
7
3
2
3
12
1
1
2
1
-6
-2
1
3
1
7
1
1
1
1
1
7
13
3
17
-1
10
3
1
27
2
8
17
1
2
1
2
4
1
19
6
2
1
3
-2
2
1
3
2
1
51
1
0
2
10
1
14
1
3
1
3
2
0
13
1
6
1
-1
1
-6
1
1
1
1
3
6
1
2
1
0
-1
2
1
3
0
-3
1
9
2
2
1
1
0
3
1
7
1
2
1
11
1
1
1
2
1
3
-2
3
1
1
1
1
2
1
1
1
1
0
45
5
2
1
3
1
0
2
2
6
7
1
1
1
1
-1
3
1
-1
3
1
1
2
3
3
1
2
1
5
1
1
2
-1
8
3
5
2
0
2
-1
1
2
2
0
45
3
2
0
1
3
2
48
2
2
0
1
3
3
1
1
0
1
15
0
3
44
10
-12
9
0
-7
2
2
6
14
0
3
2
1
1
3
1
1
0
45
13
9
2
8
8
2
1
2
2
1
1
1
1
3
29
10
1
8
3
5
6
0
-1
1
2
2
1
1
2
2
1
17
3
7
1
1
1
1
14
1
2
3
1
1
1
2
4
0
