3
1
2
-1
2
14
1
1
2
3
7
-2
-3
5
1
1
1
31
15
-7
13
8
6
-2
5
-2
-1
12
19
-7
8
8
2
-2
4
21
1
2
0
2
2
3
1
3
-2
4
1
2
9
2
2
13
2
10
5
1
7
26
1
2
2
7
1
1
1
1
1
3
2
7
5
1
20
-3
1
1
-1
2
2
2
0
1
1
1
2
1
8
17
20
9
2
3
1
1
1
1
2
3
0
2
4
1
5
1
0
1
6
1
4
1
2
0
2
7
4
13
3
0
1
5
7
2
3
1
1
8
8
3
1
1
1
5
2
1
20
5
-4
1
4
7
9
0
0
1
2
0
1
0
-2
-1
8
1
19
4
1
3
0
1
7
9
5
14
2
1
2
0
49
-1
10
19
4
35
1
6
1
2
1
3
8
-1
3
1
5
4
2
1
2
8
1
1
7
1
0
3
1
2
2
1
1
0
4
1
2
2
2
1
1
1
1
-1
1
1
5
-1
12
1
1
5
1
1
2
4
2
2
1
2
1
6
1
4
1
4
-1
9
3
15
8
2
4
1
2
4
1
0
2
7
-3
4
6
5
1
2
0
22
10
16
0
1
14
8
5
3
2
6
1
1
0
10
2
1
1
36
0
2
12
1
1
2
15
11
1
1
4
14
5
2
3
0
-1
4
1
2
1
-2
0
4
0
19
13
8
10
6
0
-1
7
3
1
-1
8
1
2
1
1
3
2
3
0
7
1
3
1
1
2
10
1
1
1
1
5
1
1
2
-8
-1
9
1
1
-2
2
3
2
3
0
1
2
1
-1
97
18
41
4
-6
3
7
34
31
1
1
1
7
5
8
2
2
3
2
1
4
2
1
1
1
4
1
0
1
-14
3
1
-8
1
1
11
1
-14
-4
11
0
1
1
30
2
4
9
6
1
4
1
2
2
1
1
8
11
1
1
4
9
0
1
1
-1
1
4
4
5
17
1
9
20
-2
1
1
1
1
4
5
0
2
0
2
1
1
1
3
-2
1
20
1
4
1
5
3
6
17
2
1
1
2
4
1
1
3
4
10
2
0
4
1
1
1
1
1
1
1
1
1
1
2
0
2
0
2
-1
1
3
1
1
1
1
1
0
1
1
10
1
5
1
1
8
2
1
2
0
1
0
2
9
3
2
1
2
1
0
10
7
6
3
2
-2
0
2
2
-3
0
1
1
20
2
3
0
2
13
4
1
1
1
1
1
1
1
3
5
2
1
2
1
1
57
0
5
19
1
22
1
15
0
-2
2
1
2
0
1
-4
0
6
2
8
5
2
-10
0
9
1
1
2
1
3
1
1
1
0
1
1
-7
3
2
2
4
7
-6
1
2
35
0
13
21
1
5
3
1
1
2
1
1
2
11
0
5
1
-7
1
8
3
5
1
2
1
2
3
1
1
-1
1
0
1
1
6
1
0
2
-5
21
2
9
-1
7
5
3
2
3
-5
1
1
1
1
1
14
2
3
5
6
1
35
2
1
-4
6
8
1
1
1
4
2
1
0
3
1
4
2
1
