7
1
1
8
1
1
1
1
9
1
6
8
1
5
7
1
18
1
0
1
8
1
2
1
1
2
1
2
10
1
1
1
1
1
2
1
1
1
9
4
3
1
2
4
2
1
1
1
1
1
1
2
1
1
3
11
0
3
3
4
1
2
1
3
1
6
-5
5
1
0
3
1
1
3
1
1
1
2
1
1
1
1
1
1
1
1
1
1
4
1
1
7
1
1
1
1
1
1
2
1
1
-1
1
2
3
1
1
1
3
1
1
3
1
3
1
1
5
5
2
1
2
-5
2
1
0
-7
0
12
24
0
-7
8
2
48
1
1
4
1
1
1
17
1
0
3
6
1
1
1
7
1
1
1
4
2
2
33
1
16
5
3
2
6
1
6
2
2
2
1
1
1
1
2
8
3
1
2
1
6
2
5
1
3
1
1
11
4
3
7
2
1
2
2
1
2
1
-1
1
2
1
58
2
-1
4
4
16
18
7
1
1
2
19
1
1
5
1
1
1
1
2
12
1
4
-1
13
11
-1
1
2
1
1
1
5
8
1
7
-10
13
1
1
2
0
2
4
1
2
5
2
4
11
17
2
0
4
1
4
7
0
1
23
6
4
11
1
1
6
-1
0
3
2
2
1
1
3
9
2
6
1
1
6
1
1
2
1
0
1
3
2
1
3
3
3
3
1
-1
2
8
1
2
1
3
1
3
2
2
3
2
1
1
5
2
2
1
1
0
9
1
3
2
2
4
2
0
-14
3
2
1
1
2
1
4
2
2
2
1
1
1
1
2
4
1
1
1
10
2
-23
2
1
1
3
4
1
1
1
1
4
1
1
1
2
1
-7
1
4
0
42
3
5
3
1
-2
0
-7
4
11
3
1
1
27
5
2
-14
2
1
9
2
0
0
4
2
2
1
-8
4
1
1
1
3
4
2
1
13
1
1
2
0
1
1
2
1
4
4
1
5
20
0
-1
-1
21
1
3
1
1
2
1
2
1
1
6
1
1
1
1
4
3
3
2
5
1
1
13
28
1
3
2
3
4
1
2
1
1
1
3
1
2
3
2
6
2
2
5
0
2
1
3
5
1
2
1
2
2
2
2
1
11
2
5
2
1
2
2
0
2
4
0
1
2
3
2
2
1
3
1
17
0
3
0
3
2
1
1
1
2
1
1
1
3
9
-7
2
11
4
1
4
3
-1
0
2
1
1
-6
2
-1
5
1
1
2
1
8
0
2
1
2
3
4
1
2
2
1
1
1
4
2
3
2
1
-11
2
0
1
71
4
0
1
3
1
6
0
13
7
10
2
2
2
-1
5
1
2
1
5
2
5
0
1
1
2
1
5
2
3
1
3
3
5
4
9
4
2
1
2
2
2
2
1
1
2
1
2
1
5
-5
2
0
3
0
2
1
1
0
1
1
3
6
1
3
1
1
1
2
9
0
3
2
1
12
2
5
3
3
2
1
4
4
1
2
-1
1
1
2
3
-14
3
1
3
3
1
0
2
2
1
3
1
1
6
2
6
2
54
3
549
2
15
5
3
15
0
8
1
8
8
1
1
0
1
4
1
3
2
1
1
5
2
-10
2
1
2
0
4
23
1
2
1
1
1
5
4
2
2
2
5
4
1
2
5
3
7
1
2
3
2
5
1
1
1
1
1
1
6
10
5
1
1
3
1
1
1
2
2
3
-1
0
0
2
2
2
2
3
3
1
0
2
-2
2
1
1
1
2
1
1
2
2
1
-1
2
-3
1
0
8
2
1
1
1
1
2
1
1
1
1
1
4
1
1
1
2
1
1
1
2
1
1
3
4
2
1
1
6
1
1
-2
9
1
1
1
3
1
1
2
0
1
-2
0
1
1
1
1
0
1
1
1
3
1
1
1
1
10
37
1
1
3
64
3
1
0
3
1
2
1
11
0
40
1
-1
3
-1
13
2
1
35
1
1
6
8
5
1
29
1
1
3
5
1
8
78
11
-8
12
1
1
5
3
3
3
23
9
1
1
3
1
1
2
2
1
8
3
1
0
9
1
1
0
1
0
-1
1
1
3
1
1
8
1
1
1
0
4
1
-2
1
1
2
1
1
1
1
1
-5
8
1
1
1
0
1
0
7
2
1
3
9
1
1
1
1
1
0
1
2
6
0
1
2
2
6
2
5
1
1
1
3
1
3
1
1
2
1
1
0
0
2
2
1
2
1
1
2
2
1
-1
0
1
2
1
1
4
4
-1
1
1
3
1
0
1
3
1
2
-2
1
2
3
2
3
-4
2
4
2
4
1
8
2
1
-11
3
1
2
1
1
3
4
4
8
2
14
2
1
1
1
6
2
3
1
3
5
2
1
1
3
1
1
19
1
1
1
1
1
1
1
2
2
1
1
3
-2
8
1
2
51
1
1
1
3
1
1
2
4
50
0
0
1
1
1
3
17
4
1
3
1
1
2
3
3
1
2
0
1
1
3
1
2
1
22
2
1
34
1
1
2
1
2
2
2
2
5
1
1
1
1
1
3
-13
1
5
3
3
1
1
1
1
1
4
1
0
1
1
-4
2
2
1
0
1
2
1
1
2
1
3
1
3
1
0
-2
3
5
1
1
15
0
1
34
6
16
7
2
1
0
1
1
2
1
1
1
5
1
18
1
4
7
29
8
4
6
2
1
14
2
1
2
13
1
1
2
0
0
1
10
2
0
4
2
1
3
0
1
2
1
22
1
7
1
-1
3
2
4
1
1
2
1
3
2
10
28
2
1
4
4
1
4
2
5
4
-1
5
2
2
2
1
2
5
1
1
4
2
2
1
6
4
-10
2
1
1
0
0
1
0
1
9
1
1
3
1
4
5
2
2
7
1
4
2
1
1
0
2
1
4
2
1
2
2
1
18
2
1
1
1
2
1
15
4
2
1
3
1
1
1
1
2
4
1
3
1
10
6
-1
3
2
1
4
26
11
6
-2
0
9
1
1
2
12
1
1
1
16
2
-2
17
1
1
3
1
71
1
1
-12
34
2
2
2
8
1
7
1
2
1
-32
0
1
10
-1
2
1
2
1
6
8
1
1
5
11
36
1
0
3
4
2
-1
2
3
1
1
1
2
1
3
6
3
0
2
1
2
6
5
2
2
2
4
1
1
3
1
1
3
3
3
-4
27
3
2
7
-1
1
2
3
1
3
19
1
19
5
3
1
2
10
1
4
2
1
2
12
5
0
2
1
1
1
2
1
1
2
0
5
6
1
2
5
1
3
2
3
1
2
4
1
1
1
1
7
-4
3
1
0
2
5
3
2
4
-2
1
1
2
3
1
1
12
3
2
-2
0
2
1
5
1
2
4
1
9
1
7
1
1
3
1
9
1
5
32
3
1
1
1
8
5
1
1
12
1
5
1
3
1
2
1
2
3
1
1
2
3
2
2
1
3
2
1
0
2
2
6
1
10
1
5
2
0
4
1
-4
3
2
9
7
1
3
4
32
16
1
1
2
2
3
2
1
3
1
-1
1
1
2
1
1
1
2
1
1
2
1
6
1
7
0
23
3
6
14
1
1
2
3
-2
1
0
1
1
2
12
1
17
0
1
5
8
1
1
1
1
3
2
2
-2
2
1
1
3
1
1
1
1
1
1
2
2
1
4
1
2
3
17
1
1
1
2
1
1
1
1
2
15
2
1
1
1
1
2
9
3
0
1
23
2
2
2
1
0
188
1
1
1
3
2
7
1
0
7
1
1
1
3
70
1
4
1
6
11
-11
3
1
4
8
6
3
2
-1
5
-1
10
1
2
1
1
2
1
5
1
2
1
12
-6
-1
3
2
1
3
0
0
3
1
6
1
2
1
2
1
1
4
3
2
3
12
2
4
1
1
-1
2
1
11
3
2
5
2
-3
3
1
1
3
3
1
3
6
1
1
7
1
2
9
-1
3
1
6
2
2
2
156
3
5
1
0
0
2
158
1
19
3
2
1
0
-1
4
36
1
3
2
4
15
2
18
172
1
122
2
17
2
3
10
1
36
-1
1
7
24
1
10
1
2
3
1
0
1
2
5
2
98
3
1
1
1
3
8
4
21
2
5
1
2
1
7
2
11
0
1
5
8
2
1
2
2
3
1
43
6
5
-3
1
1
5
1
10
94
3
3
3
1
3
1
1
1
4
1
2
2
1
1
2
1
24
0
1
5
1
2
8
1
2
2
1
8
15
17
4
1
1
3
1
3
1
4
8
2
4
1
1
26
1
1
20
7
2
1
2
1
11
-3
1
3
2
4
-6
4
3
1
1
-2
1
1
3
5
1
1
19
1
1
1
1
2
1
1
4
1
4
2
3
7
2
0
-1
2
1
3
1
4
1
1
1
1
1
1
0
2
2
2
2
0
1
1
1
5
1
1
3
-6
2
2
37
2
4
3
1
2
4
-10
1
3
3
1
6
3
3
2
2
1
7
1
2
2
1
1
1
1
4
2
1
1
2
3
2
1
2
3
5
1
1
2
2
1
1
1
1
1
1
1
1
4
3
1
1
1
2
1
0
3
0
2
5
-6
2
2
6
2
3
1
1
39
2
1
1
1
3
1
1
-4
1
1
2
6
1
1
2
2
1
1
4
3
14
1
1
0
-1
1
1
1
2
8
1
1
1
1
1
1
4
1
1
3
2
1
4
4
1
2
1
1
0
0
3
1
2
0
1
1
25
3
11
2
1
2
74
1
1
0
8
2
2
75
6
31
1
8
29
2
1
7
2
1
1
2
-4
1
2
1
2
0
4
0
-1
-2
-2
3
0
0
0
1
1
2
-2
3
2
1
0
2
2
4
1
2
2
2
1
4
1
0
2
6
27
2
1
2
1
2
2
1
2
1
4
2
3
0
3
1
2
1
1
1
3
9
1
0
3
130
3
1
2
18
1
1
0
1
1
0
3
1
1
1
1
4
3
2
2
3
-1
1
-1
2
2
6
2
3
5
5
4
4
3
2
2
2
3
2
1
1
1
3
-1
12
9
2
1
2
1
2
1
4
2
1
3
2
5
2
1
1
1
3
1
1
59
-1
5
1
-1
1
0
2
2
1
1
13
3
2
1
2
1
5
5
1
3
0
1
2
0
1
1
8
3
1
2
-1
1
1
3
-1
1
1
10
2
-1
7
3
2
4
1
1
1
1
1
2
2
6
1
2
1
3
1
3
8
64
4
9
2
14
46
1
7
15
-6
23
2
8
6
1
2
1
8
2
4
0
2
1
12
2
1
0
3
1
2
-1
4
0
1
1
5
1
1
22
4
14
19
4
1
2
2
4
1
11
0
1
5
4
5
3
1
1
0
2
7
14
6
1
6
0
1
2
-1
0
4
19
1037
7
23
12
6
5
3
1
4
2
2
2
1
13
1
5
0
6
1
3
1
1
1
2
8
1
1
2
1
1
0
2
3
0
3
2
3
1
1
1
1
3
-1
1
1
0
1
3
-1
1
2
2
-6
1
1
1
1
0
5
1
1
1
8
2
0
1
1
5
1
1
1
2
2
1
1
1
2
1
1
1
1
8
2
2
1
-6
1
8
0
1
2
1
87
1
11
1
0
16
3
3
-2
52
11
2
-1
1
0
1
1
-1
5
1
6
1
1
4
2
-1
3
1
1
129
1
0
5
2
1
0
4
6
10
3
4
-6
-3
-1
2
1
-5
3
12
1
2
1
1
0
1
10
1
1
1
1
-1
1
2
1
1
1
1
2
1
2
1
1
2
1
1
3
1
3
-1
4
7
2
3
1
1
2
1
2
2
0
2
2
4
2
1
1
1
1
1
1
-2
1
1
2
1
2
2
2
2
1
1
2
5
1
2
1
1
1
1
1
1
1
1
1
1
1
1
1
1
3
1
2
24
4
1
5
4
2
0
1
1
2
1
1
1
1
1
-3
35
9
1
1
2
1
5
2
3
1
4
-5
1
3
6
2
1
1
3
1
3
3
2
1
1
1
1
3
3
1
2
2
7
1
1
1
1
1
2
0
-7
1
1
-2
0
1
1
1
16
10
2
3
0
3
1
1
1
1
3
-2
2
0
2
11
0
1
1
9
2
2
2
5
0
-4
0
3
1
2
-9
11
7
10
1
2
2
2
2
16
0
2
1
2
2
1
1
1
1
7
0
1
1
5
2
-4
2
2
1
6
2
2
1
1
2
1
1
1
0
245
-1
29
2
8
1
2
2
0
2
3
1
18
2
1
3
1
1
4
0
1
1
-2
5
4
0
1
0
9
5
1
9
3
1
12
2
-2
2
1
1
-7
4
4
3
1
5
27
1
2
2
11
2
0
0
4
1
2
1
1
2
1
1
2
2
2
1
1
1
1
2
2
3
1
1
5
1
0
0
1
3
5
4
42
2
1
2
1
1
8
2
9
1
1
1
1
1
1
1
2
1
1
1
1
1
3
8
1
1
1
1
3
1
1
10
7
0
2
3
7
3
1
15
2
1
1
3
1
1598
1
21
1
2
-1
1
6
7
1
1
0
0
2
13
-6
7
1
3
5
5
1
1
1
4
1
1
16
5
3
3
1
2
-4
-2
-1
1
1
1
1
1
1
1
3
0
2
1
12
10
7
3
2
2
1
1
5
-1
3
6
2
7
-1
3
5
3
2
30
-2
3
48
-1
1
2
2
6
1
1
3
5
2
1
0
2
1
2
-1
-5
3
1
2
1
1
2
1
1
1
2
0
3
2
3
2
13
-4
2
2
2
4
3
2
2
2
1
1
2
1
1
2
1
2
1
1
1
10
1
2
1
-4
3
13
-1
2
1
1
-4
12
1
9
1
1
11
23
2
14
1
1
1
1
5
1
3
1
4
6
6
3
6
1
7
4
281
33
26
1
68
1
1
6
75
-2
51
1
1
3
1
1
1
112
2
0
3
14
122
1
10
3
1
1
17
1
1
20
1
2
2
1
1
3
1
1
1
2
0
1
2
-1
0
9
-7
1
1
1
8
2
4
0
0
1
1
1
1
2
-1
2
0
2
1
1
1
4
1
1
-3
11
1
3
1
1
1
1
2
1
1
1
0
1
1
1
27
1
1
5
1
-1
1
1
2
-4
1
2
1
1
1
1
1
1
4
-4
1
2
4
2
-4
1
1
3
31
0
0
3
4
5
28
8
4
-1
1
8
2
-1
5
1
1
-5
1
1
3
3
-2
1
3
1
-2
-1
2
1
2
2
1
2
1
3
1
0
4
1
4
5
1
0
1
2
-1
3
1
1
2
1
2
1
5
2
1
1
1
1
1
1
1
5
4
1
3
1
2
1
0
2
1
3
1
1
1
1
1
1
1
1
1
1
4
1
1
12
1
2
1
2
2
2
1
2
1
6
1
2
1
2
0
1
1
1
1
1
39
-23
1
7
6
1
1
1
1
3
1
6
14
6
3
3
1
9
3
1
1
1
2
2
5
3
-6
5
1
6
2
4
2
2
1
2
1
-7
2
10
-1
8
1
3
1
3
1
1
3
1
8
2
3
3
3
2
-5
-4
1
2
5
9
10
9
2
-1
11
3
2
3
2
1
1
5
8
1
3
1
-2
3
2
3
1
1
1
2
1
78
1
1
2
17
2
1
2
25
1
1
0
7
4
-7
2
43
2
1
1
1
1
1
1
0
1
1
5
1
1
2
1
9
16
1
2
2
2
3
4
2
5
730
37
1
16
-2
3
4
37
2
6
1
5
1
8
0
7
3
4
6
12
3
2
0
1
1
23
-1
1
1
0
2
7
1
1
1
1
-2
0
1
1
0
1
7
5
2
2
3
-5
1
3
1
1
-1
1
3
1
1
-2
-2
4
1
2
0
1
0
1
1
1
1
6
0
18
1
1
-5
1
1
0
16
3
2
4
2
2
-3
10
3
2
2
4
29
1
2
1
8
2
5
4
2
1
3
4
15
2
1
2
2
3
0
6
1
268
1
2
1
1
0
-2
2
4
5
1
3
1
1
1
3
4
3
1
1
2
1
5
1
1
6
1
1
3
2
1
-6
1
3
3
2
-1
3
2
9
2
1
1
0
2
1
1
1
2
1
1
1
3
6
3
4
1
0
2
1
2
1
7
1
1
1
1
2
3
1
1
6
1
1
23
2
1
0
1
19
1
2
2
6
4
1
2
9
1
1
7
4
1
2
1
1
1
5
2
3
9
1
5
1
1
17
1
3
1
1
2
10
1
2
-2
6
6
1
-2
1
2
1
6
1
0
0
17
0
1
1
1
3
3
3
1
1
3
2
1
1
1
2
1
2
1
1
27
5
2
2
1
2
13
3
6
6
4
26
3
1
-10
1
1
2
1
2
1
1
12
3
1
4
1
5
4
2
2
2
5
1
1
1
1
1
1
1
1
1
1
-1
0
2
0
2
1
1
1
2
4
1
3
2
1
14
13
0
1
1
1
0
1
1
2
1
11
1
3
2
2
20
1
3
2
1
2
6
1
2
3
2
1
2
3
2
2
3
1
1
6
1
1
1
-1
1
1
5
1
3
1
3
-4
6
1
3
1
0
4
1
1
14
0
1
1
1
3
2
4
0
-2
30
15
47
2
61
5
2
2
1
1
5
1
44
5
6
10
12
41
2
2
10
28
3
1
10
3
1
1
-9
41
15
4
-9
7
3
2
24
11
3
2
11
13
0
5
8
1
3
0
4
-7
4
1
1
-8
3
7
2
26
0
7
5
12
11
3
1
14
1
1
7
4
2
1
-2
3
35
2
3
2
31
0
4
2
1
1
5
5
1
3
-2
3
2
2
1
1
0
-23
4
1
7
1
-2
1
1
1
1
1
2
2
2
1
1
2
2
1
0
5
1
1
1
10
-3
-2
1
2
2
1
52
1
-1
1
3
-1
1
0
0
6
3
1
3
1
4
10
20
3
-1
0
7
36
0
4
6
0
2
2
1
3
1
-1
1
0
2
1
2
0
11
1
2
1
1
1
1
10
1
5
4
1
1
2
14
1
-3
0
-4
-7
1
0
1
4
2
0
94
1
1
2
1
3
0
1
1
11
0
1
2
1
9
-2
4
22
5
4
-2
1
1
6
1
2
1
1
2
1
-4
-3
1
1
1
0
-11
1
35
2
-9
1
2
1
2
2
0
-2
1
0
1
2
1
-5
1
6
0
2
1
2
3
-3
2
2
1
1
14
2
20
1
3
7
-2
14
2
2
2
14
29
3
2
34
1
-6
1
2
5
33
1
0
3
2
5
6
-14
0
15
1
12
2
-9
2
0
1
2
1
-3
1
1
1
13
-1
1
1
-5
1
1
1
-15
0
1
2
1
2
1
-6
2
0
1
2
2
-7
1
0
1
0
1
-2
1
-4
1
1
1
1
2
2
2
2
14
2
5
5
-8
1
3
0
1
-2
1
2
-2
1
1
-1
2
-1
4
1
1
-7
2
3
0
2
-1
8
26
0
19
1
1
2
1
2
-1
6
5
0
-1
2
5
98
2
1
-1
2
4
14
0
-2
1
4
3
0
2
4
0
-2
2
2
1
2
0
15
2
1
1
1
0
3
10
2
1
1
3
10
1
1
6
1
1
1
32
1
1
4
2
3
0
4
1
-1
1
3
3
3
1
15
1
1
0
1
3
2
12
3
1
1
5
-1
0
2
5
1
0
1
2
-1
1
0
0
4
1
0
2
0
-1
5
-1
1
3
11
3
23
1
2
2
1
2
1
8
3
3
3
3
3
0
3
1
46
2
2
-1
1
4
203
14
1
1
1
1
1
2
2
1
2
1
35
1
34
12
2
1
-1
7
1
7
1
2
3
2
0
1
1
1
2
2
2
2
1
1
3
7
1
-2
14
2
3
1
2
0
3
1
2
1
1
2
5
0
0
2
2
1
1
2
3
4
1
2
1
3
3
2
10
1
1
2
10
0
1
1
1
3
0
1
7
1
1
1
1
1
1
1
21
3
3
1
1
1
1
1
-1
1
3
12
6
1
5
1
2
1
-11
0
1
-1
1
1
6
1
4
1
-1
1
-2
11
2
2
1
2
3
7
2
2
4
2
1
1
5
-2
1
3
4
1
1
1
3
9
1
1
1
4
24
9
2
1
0
1
3
1
1
7
2
0
1
22
4
1
4
1
1
5
1
0
2
1
1
1
5
5
8
3
2
1
1
1
1
1
1
0
3
1
1
1
2
1
1
6
3
1
1
3
5
1
1
1
1
2
1
-4
3
1
2
3
2
2
1
3
3
1
6
3
1
1
1
1
1
1
1
8
2
1
0
1
1
3
3
1
1
-5
1
2
1
0
2
30
2
1
1
1
37
1
17
2
1
1
2
25
-5
0
1
2
1
2
5
3
3
11
1
1
13
4
2
3
1
3
5
2
1
1
0
4
5
1
1
-2
9
10
1
-2
2
-1
1
2
-14
9
-3
3
2
-3
2
2
1
1
1
0
1
3
1
1
3
1
2
3
5
3
2
-4
0
-4
13
11
2
3
3
8
8
2
5
1
4
2
12
1
-2
-8
2
1
0
4
2
6
1
3
1
2
1
1
3
6
1
2
0
2
1
2
3
1
2
0
1
1
2
2
1
1
1
-5
0
1
3
3
1
-2
1
1
1
1
-2
2
-2
1
2
1
1
1
1
1
12
1
1
-1
1
8
7
2
2
1
1
6
1
22
4
1
24
1
4
3
25
8
2
2
-1
1
2
1
1
7
2
0
3
3
3
2
2
0
1
5
40
1
1
-5
2
2
6
2
1
1
1
3
2
-1
7
2
2
3
0
6
1
3
2
9
2
1
-1
1
1
-6
1
2
2
1
12
0
1
2
1
1
3
49
6
1
2
0
0
2
2
2
1
2
1
1
2
2
1
1
1
3
1
5
0
1
1
2
-1
1
1
2
1
2
39
11
1
4
0
2
5
17
4
4
1
1
1
1
-5
1
1
7
1
1
1
6
1
1
4
1
4
1
1
15
1
1
1
1
2
3
5
-1
0
2
4
1
13
-9
5
3
1
2
2
3
1
0
1
39
1
5
3
1
1
1
1
13
2
2
1
5
1
6
2
1
1
2
1
1
4
6
1
9
4
7
1
1
6
2
3
1
0
3
1
1
1
1
1
9
1
19
19
2
2
0
6
1
2
5
1
2
1
0
2
1
0
4
1
1
3
1
6
3
1
5
3
5
2
3
1
