2
2
2
4
2
1
0
0
1
2
1
17
2
2
1
0
3
2
1
6
2
1
2
2
2
1
6
2
1
2
1
1
1
-2
2
4
1
1
1
2
1
2
16
0
7
4
66
1
3
3
1
1
11
2
-2
3
2
20
22
1
3
6
4
1
-7
10
3
1
-4
1
1
8
30
1
7
0
26
12
42
5
8
0
0
1
4
1
-2
2
2
2
1
0
3
1
2
1
2
8
5
0
13
1
2
8
1
3
9
1
7
0
6
1
3
51
3
38
2
1
2
3
4
2
31
2
15
7
1
1
12
1
1
3
2
1
3
2
18
1
1
3
1
2
1
1
1
1
1
1
233
1
2
2
1
2
22
2
1
1
1
-10
2
1
3
22
-8
1
5
219
1
38
2
2
1
-6
5
6
1
176
-8
29
0
6
2
5
1
2
2
-11
1
-4
-2
0
-5
181
3
23
13
0
72
1
12
31
2
3
113
3
3
1
3
0
5
3
1
0
2
5
14
2
1
4
78
4
1
1
3
1
4
1
2
-17
0
3
2
1
1
-2
2
1
3
5
-1
-2
1
1
2
18
0
4
7
2
1
1
7
1
3
1
73
2
-2
8
3
1
2
0
2
36
98
42
2
-2
2
1
1
1
1
0
2
1
6
1
2
1
7
1
1
1
1
1
1
8
1
3
1
1
0
2
1
1
1
4
0
1
2
9
2
2
1
2
0
1
5
4
3
2
6
2
6
2
1
17
0
1
-1
2
6
30
169
10
4
-3
1
2
1
1
1
-1
2
11
1
1
1
-5
-6
2
11
-6
1
-13
2
8
1
1
2
66
2
-2
8
2
4
1
2
2
14
5
0
-2
1
3
1
51
1
13
1
5
1
1
1
1
1
3
16
3
2
1
1
3
-31
2
2
-16
0
7
4
17
8
2
1
5
0
3
10
84
1
1
2
2
10
1
2
7
20
4
1
3
3
7
0
1
1
-6
3
1
2
-2
0
2
2
1
13
13
5
16
-1
7
-2
1
1
1
-1
1
-1
1
3
10
4
-1
1
2
1
1
1
1
1
4
1
0
2
1
9
2
3
-3
8
15
0
4
2
6
1
4
2
14
0
3
15
2
0
-1
2
2
1
7
1
3
2
2
23
6
17
6
-11
1
2
2
2
6
1
7
-6
3
2
2
1
1
1
2
2
12
8
46
3
1
-5
1
2
2
2
1
-7
1
1
2
1
2
4
2
2
6
1
3
3
3
4
1
5
3
0
2
1
2
1
11
173
3
1
1
24
0
2
2
2
1
6
2
1
-1
6
2
1
1
2
2
3
1
1
-12
4
1
0
-2
3
2
1
4
1
1
2
3
2
1
2
4
3
119
2
-1
1
6
0
2
2
2
1
2
0
1
-5
-1
8
2
-1
2
2
-2
-4
3
2
1
-10
2
1
1
7
2
2
2
2
3
1
7
1
6
22
1
1
1
3
1
-6
5
33
-1
3
1
1
4
1
3
5
-1
-6
2
0
1
-1
1
2
2
2
1
3
1
2
1
1
1
-1
3
14
4
3
3
0
3
-4
1
3
2
1
2
1
1
0
1
0
0
1
2
0
3
2
1
1
1
2
2
-4
1
0
1
4
1
-18
1
2
3
1
2
2
2
-1
1
1
1
1
1
2
1
1
2
1
1
16
0
6
6
1
1
7
1
0
2
0
2
1
1
1
-2
1
5
8
2
1
1
7
38
5
18
1
3
2
0
3
5
1
2
3
4
1
3
1
6
2
1
2
2
3
2
2
1
1
1
1
-4
1
1
1
3
2
157
1
1
2
-1
1
1
1
1
3
1
3
27
2
1
16
28
2
2
16
14
1
6
1
1
11
0
1
1
5
1
5
1
1
1
2
0
3
3
1
1
2
33
-7
0
6
1
3
0
2
0
3
1
2
0
1
17
2
2
1
3
2
1
1
1
2
0
1
1
2
2
1
1
1
2
1
1
2
2
3
5
1
1
1
3
3
2
-7
11
8
-1
1
6
7
-3
1
1
1
3
1
0
4
-7
6
0
7
3
2
0
1
1
2
1
11
1
1
66
5
1
1
1
0
1
2
0
4
3
2
1
10
-7
4
1
17
5
1379
3
7
2
17
0
3
6
2
0
0
13
1
1
3
2
1
3
1
1
2
3
1
517
-1
2
5
7
2
-9
7
590
58
1
-1
2
0
-2
0
1
-6
0
15
-6
-7
-1
-1
2
6
-7
2
9
2
1
1
-2
1
1
0
-1
28
1
1
362
7
1
2
1
2
1207
1
2
5
3
1
79
2
3
1
1
0
3
1
1
1
2
-2
20
1
1
1
0
2
0
1
1
2
3
28
0
2
1
5
1
3
1
5
1
3
1
41
1
1
1
1
1
2
3
1
1
0
1
1
1
9
1
5
5
5
1
1
6
1
2
0
1
-2
1
1
6
1
2
1
1
2
4
-1
1
1
1
0
1
2
2
3
1
6
-4
1
-7
1
0
1
3
2
1
1
1
0
1
2
1
1
1
-1
1
1
1
1
2
3
1
2
0
2
1
-1
2
1
-1
1
5
8
2
1
2
3
1
2
1
1
24
2
1
1
-1
1
1
1
5
2
6
3
2
1
1
21
1
1
0
2
1
-1
1
1
-1
2
2
1
4
9
2
1
1
1
3
2
4
2
36
0
1
1
27
0
5
0
2
0
21
1
1
1
1
1
-1
2
-1
1
0
2
2
0
4
-3
6
1
1
2
7
1
3
2
5
19
2
1
2
1
2
1
1
12
8
2
2
2
1
1
6
-8
3
9
6
6
1
6
1
1
11
5
-1
4
1
2
1
-1
7
-5
1
5
6
1
-6
6
0
0
1
1
6
1
1
2
-2
8
1
2
3
-6
3
1
1
1
0
1
2
2
3
2
1
1
22
-8
9
2
3
5
1
1
1
14
3
2
1
1
1
1
4
1
9
2
3
2
13
2
5
1
1
-3
3
5
2
1
2
10
1
6
1
5
15
1
26
1
6
0
3
5
2
-2
7
1
1
3
6
1
1
-4
533
1
2
2
3
2
-1
1
1
1
3
1
1
0
0
1
43
-4
5
1
2
4
2
3
1
0
18
58
1
2
1
3
2
1
0
0
5
5
46
3
2
34
1
1
1
2
2
-3
1
0
-2
1
2
4
1
1
3
1
2
0
3
-1
1
1
17
2
21
1
37
1
-1
2
2
67
0
1
1
2
3
3
0
7
2
1
1
153
2
2
5
2
1
1
3
2
53
2
1
38
1
155
2
1
2
2
0
8
1
14
12
1
-1
2
0
0
1
1
1
2
-1
0
145
3
1
2
0
15
-3
1
3
2
8
0
1
27
4
13
99
3
11
7
4
7
2
14
6
2
31
1
2
5
-1
111
9
17
1
4
1
1
1
-4
4
1
1
2
1
2
1
2
3
-3
1
1
1
1
1
2
8
2
1
3
2
2
85
4
2
13
2
1
1
1
3
1
2
1
1
1
4
0
1
1
2
0
1
4
3
4
1
3
6
1
2
2
1
1
1
88
5
1
0
1
41
1
0
3
45
1
3
0
-2
0
0
12
2
1
1
1
1
180
2
1
1
2
2
-18
2
2
-16
0
1
1
2
1
8
-1
1
6
1
1
1
1
1
4
3
0
20
2
1
2
1
4
3
3
1
8
4
1
2
2
1
2
1
-4
3
2
1
1
7
10
1
2
1
7
2
2
2
1
7
1
1
3
0
1
1
4
0
140
4
1
-1
2
4
1
1
11
32
1
3
16
1
2
0
4
1
2
1
0
14
1
5
1
1
1
2
1
5
6
1
1
1
2
1
13
-8
3
8
3
1
2
1
2
2
1
2
0
2
1
2
1
2
1
0
2
0
2
0
5
1
39
-1
1
1
1
2
-1
9
1
13
7
1
1
1
2
4
1
8
7
10
1
1
0
5
2
0
1
1
7
2
1
1
1
5
1
1
4
2
2
8
-1
2
1
3
7
1
1
2
0
0
5
1
3
2
2
1
1
0
7
0
2
1
4
1
2
2
2
1
2
9
1
1
0
1
1
-2
1
2
1
3
1
4
1
-6
0
1
1
19
4
1
2
0
1
3
0
5
5
2
2
1
-1
1
2
14
1
5
2
10
0
2
3
-3
3
3
1
-2
77
5
3
0
15
4
2
3
1
1
0
2
-1
0
-6
1
11
65
68
1
4
2
5
1
3
2
1
1
1
0
2
1
1
1
1
9
2
1
1
2
1
0
1
0
29
7
9
1
2
1
5
6
4
2
0
5
-2
11
2
-1
1
-2
5
2
1
-1
10
3
1
2
1
16
1
2
9
2
1
0
1
1
1
3
2
4
4
1
2
7
64
1
1
1
-7
1
3
4
7
2
1
2
6
0
257
1
1
26
34
1
1
1
1
1
0
8
0
4
3
3
-1
1
7
1
1
0
1
2
4
4
1
-2
1
12
1
1
1
1
1
9
1
-5
1
1
0
0
7
1
3
1
2
2
1
-2
2
5
1
1
2
2
-3
2
3
1
3
3
1
1
2
3
2
-5
1
4
15
0
3
3
1
0
153
1
-1
3
1
0
1
1
2
15
1
1
0
1
11
6
6
4
2
2
5
1
2
0
1
1
6
-6
1
1
0
3
2
6
99
1
75
5
1
6
1
2
1
1
3
2
2
2
13
0
7
1
1
1
1
1
1
9
-3
10
3
1
79
1
13
4
2
1
1
-1
4
4
2
2
36
1
2
9
-6
1
4
89
15
3
1
1
7
2
2
2
5
1
7
0
1
0
1
1
148
1
30
5
6
0
1
0
5
1
1
1
0
2
2
5
17
1
1
2
-3
3
1
0
51
0
1
0
1
1
1
5
1
2
3
1
2
17
-5
4
2
7
1
0
4
2
6
1
2
1
-2
0
4
1
35
1
1
1
2
1
3
2
8
6
17
1
1
2
1
1
11
6
1
1
1
6
2
1
6
8
2
29
1
2
0
6
4
-1
1
7
5
31
1
2
0
0
3
3
4
2
1
-5
1
2
-2
6
2
0
4
4
1
1
2
11
2
8
1
1
8
-3
0
1
3
23
60
4
15
3
30
0
2
1
2
1
1
1
1
4
1
2
1
6
2
1
2
7
5
17
7
3
1
10
1
1
2
1
0
34
1
9
2
16
-7
1
1
2
1
1
1
1
2
3
0
3
1
0
2
5
3
4
2
0
1
4
2
8
0
2
2
1
1
1
1
0
1
2
-1
0
-1
7
7
-1
-1
32
5
1
1
12
2
3
1
1
1
2
2
-2
0
1
-1
6
1
9
1
-4
1
3
1
3
3
6
10
7
1
-1
2
3
1
76
3
1
7
2
1
2
1
14
3
1
1
1
3
1
25
1
3
2
3
1
6
1
0
2
2
24
4
2
4
1
5
5
-6
2
4
3
1
1
1
1
2
2
1
2
7
4
1
4
3
1
2
2
2
1
3
3
-1
2
27
2
0
21
5
1
1
1
2
1
1
9
1
3
4
2
1
2
2
1
-1
5
6
1
7
1
1
1
1
1
1
2
1
-1
1
6
3
9
3
2
3
2
2
0
2
5
0
2
1
2
3
2
2
2
3
1
3
6
-1
2
47
2
3
2
3
1
15
2
1
0
2
1
0
-31
1
13
2
1
2
2
2
0
-1
1
2
-7
1
20
2
2
3
1
73
2
2
1
2
3
1
-4
2
1
1
2
1
6
2
-3
100
1
3
0
3
1
44
1
16
55
1
1
1
9
2
1
1
2
1
1
2
1
-1
1
1
1
2
2
2
1
1
14
3
0
0
3
2
0
4
2
28
0
37
-6
-10
2
4
1
2
2
3
3
-1
2
1
2
1
25
-3
2
2
1
1
1
1
2
1
1
42
2
1
1
-1
-14
2
2
2
4
8
1
2
1
10
2
295
9
3
1
1
1
1
3
29
1
1
1
0
1
1
15
1
8
2
-12
2
10
1
2
1
1
2
0
0
1
1
1
2
1
0
3
3
29
3
-3
-17
10
-1
1
5
1
8
8
1
1
1
49
1
1
2
39
1
0
-1
0
1
6
17
11
2
6
5
1
1
34
2
5
1
2
1
0
1
2
1
1
0
-2
2
1
1
16
2
6
-2
9
52
1
-2
191
10
1
2
5
3
2
1
3
1
2
2
2
2
2
1
1
0
3
2
1
1
1
5
3
1
2
-1
1
3
19
36
1
6
1
2
0
5
78
2
2
1
0
1
15
68
1
3
2
49
1
1
0
0
3
21
1
2
1
1
2
25
1
6
-4
3
-14
5
3
1
5
10
-4
1
37
5
1
0
1
1
3
1
-4
0
1
1
1
8
3
1
2
2
2
-1
3
0
1
2
6
2
2
11
1
6
3
2
1
2
1
5
3
2
3
1
2
2
1
1
5
3
-5
2
36
109
0
1
1
5
2
1
5
1
2
1
2
-2
1
-12
2
1
4
1
1
2
4
7
3
-1
1
2
1
0
2
5
3
-1
5
2
-2
3
1
0
1
13
13
2
0
1
7
1
1
1
2
1
-2
3
1
1
1
3
0
1
0
1
1
6
3
2
1
2
2
1
1
1
1
3
1
1
2
7
-1
1
4
7
1
1
1
7
5
9
2
3
1
2
1
1
2
1
2
0
1
2
5
2
4
1
1
1
4
1
4
0
1
-1
1
2
1
2
78
2
1
2
1
1
1
0
1
1
1
0
7
1
1
0
-2
2
2
1
46
8
1
7
2
1
3
1
1
16
2
1
2
1
5
14
0
3
1
2
3
3
-7
11
3
19
1
2
1
2
6
10
2
1
8
1
2
4
1
1
9
1
1
1
1
0
1
4
5
1
3
0
1
1
2
3
2
2
1
2
23
8
2
-1
6
1
1
0
3
1
1
2
1
1
2
1
1
5
1
1
1
7
-5
37
5
1
1
2
3
2
6
1
1
1
1
0
1
1
3
0
3
2
0
2
-1
1
1
1
2
0
2
1
1
0
33
2
2
3
0
6
5
2
1
1
0
-5
3
1
1
1
0
1
3
2
10
1
57
2
2
1
0
1
1
-2
3
1
1
0
1
1
5
3
1
1
4
1
3
3
1
1
2
2
2
1
6
1
1
2
3
3
3
3
1
3
-5
2
3
1
25
4
1
1
1
1
1
2
0
2
5
3
-1
-1
0
18
12
13
1
3
4
1
1
1
1
6
3
2
2
1
4
3
1
-1
796
3
0
1
0
1
1
4
0
74
2
2
1
1
0
1
1
1
1
1
640
1
0
2
1
6
3
16
1
6
2
0
24
1
2
2
3
7
5
2
7
3
-18
24
1
5
0
10
2
2
9
19
47
192
4
5
1
2
3
0
0
-3
-3
1
-1
36
5
3
0
2
1
2
-1
-1
2
-2
-2
2
1
1
5
1
2
10
5
4
3
2
1
0
1
0
833
5
1
0
1
1
3
1
3
-4
2
1
2
1
1
0
2
1
2
3
4
3
2
1
0
1
24
4
2
16
3
7
30
2
2
2
1
9
1
1
1
2
3
1
22
-1
43
2
0
19
0
1
8
6
2
1
-1
0
-1
1
2
2
2
15
2
9
1
4
2
2
1
1
2
11
2
5
1
3
2
6
1
1
1
1
1
1
19
1
1
1
2
1
1
2
7
1
1
1
11
1
1
2
1
2
18
1
2
1
0
2
3
1
2
1
6
3
-1
-2
1
2
1
4
2
8
1
1
3
1
2
1
0
30
14
20
1
1
1
2
1
48
2
3
3
8
1
13
1
-1
1
3
1
1
3
1
1
2
3
-17
5
29
1
2
2
0
1
2
13
0
1
3
1
3
1
2
1
1
4
1
2
1
2
264
1
2
212
2
2
2
2
1
112
-5
2
6
2
3
3
2
1
32
3
1
1
3
5
2
1
4
1
1
-1
1
653
2
1
-1
1
-3
2
2
35
3
1
1
1
36
2
1
4
2
5
1
0
1
1
2
-1
1
1
1
1
50
1
10
10
13
1
1
7
1
1
1
1
1
1
0
1
1
2
18
1
1
1
2
1
0
1
2
3
3
1
1
1
1
-1
3
1
1
1
52
7
1
2
1
3
2
-1
1
1
1
1
1
1
1
1
1
3
4
1
1
1
1
2
2
1
1
1
1
1
1
14
1
1
1
3
1
1
1
2
5
1
1
2
2
1
1
4
3
-4
1
1
100
4
3
6
2
1
4
1
4
6
67
7
7
0
5
2
-4
1
1
3
1
1
3
2
1
2
22
0
1
1
2
2
-3
5
0
1
12
3
3
65
2
-12
2
74
0
1
3
1
1
4
2
2
1
-1
2
5
2
0
22
3
1
2
1
1
-5
3
0
13
0
6
1
2
1
-1
2
15
1
4
3
1
1
4
-9
2
1
1
-8
11
2
1
1
1
2
1
2
2
2
4
3
-3
-6
3
1
1
1
3
0
1
6
1
-2
2
1
6
1
23
3
0
7
0
27
27
835
1
5
1
16
3
7
1
1
0
1
1
1
3
3
11
3
4
1
4
22
2
2
8
9
4
2
1
1
1
2
1
1
1
1
46
1
1
2
2
2
0
2
2
-5
1
12
1
2
1
1
6
5
1
3
1
4
13
1
1
1
1
3
1
1
0
1
28
-1
1
1
1
9
2
1
1
1
13
2
1
1
1
1
3
8
1
6
1
1
6
27
2
-6
7
2
5
2
7
-13
1
2
2
3
1
-1
5
1
0
-1
1
2
1
3
11
2
14
-1
7
-3
1
2
2
1
2
3
1
3
1
41
1
3
1
2
1
1
1
3
3
2
1
5
0
2
3
1
-1
6
1
6
3
1
5
52
2
2
16
2
1
-8
26
1
7
1
0
2
0
2
4
2
-7
-5
1
5
1
2
1
1
-5
-5
2
2
0
1
2
2
1
2
1
1
3
24
2
3
1
7
1
1
2
7
2
1
3
1
16
5
2
-4
2
1
1
8
2
1
1
3
1
5
1
26
1
-3
1
2
1
1
2
11
1
2
4
12
0
3
0
1
1
5
20
1
2
1
1
2
1
1
1
3
1
1
3
1
1
1
3
1
2
2
3
3
1
2
2
32
0
5
2
1
1
1
5
1
1
1
0
0
12
1
6
3
5
2
2
-1
24
1
0
10
1
1
11
1
1
12
1
0
-12
2
3
2
1
1
1
2
1
15
1
20
27
5
1
2
1
-1
1
2
10
11
2
2
1
2
1
1
18
-4
7
23
0
3
2
1
5
1
-2
2
1
1
14
9
3
9
2
1
0
4
2
2
1
1
2
0
1
1
3
0
1
1
1
2
6
2
3
1
1
3
28
3
18
1
1
1
4
-1
1
1
0
2
2
2
9
1
1
3
1
-7
0
2
1
1
1
1
1
2
1
1
2
1
3
0
0
1
1
1
-8
2
146
2
4
1
14
9
1
5
1382
5
4
4
-5
53
1
-9
1
71
-9
4
8
2
2
1
3
6
12
11
6
1
5
6
7
-7
1
54
5
-1
2
11
55
-17
1
15
-2
-4
2
7
-1
4
19
1
52
0
1
0
0
1
1
5
2
3
-1
6
9
-4
0
1
3
1
3
1
-3
1
13
6
-4
-4
2
2
2
4
72
1
1
1
-3
3
3
-5
55
9
1
13
9
4
1
102
1
1
1
0
-2
2
3
0
31
11
5
3
1
0
-1
1
-2
114
1
2
1
2
31
3
9
1
2
0
3
2
5
10
1
1
1
-2
1
2
2
-4
8
1
2
4
4
-1
1
-2
173
2
2
2
5
2
4
5
-4
-5
10
7
-1
27
13
14
2
112
0
0
2
14
3
1
2
2
-7
6
-4
25
2
-10
5
1
2
1
45
2
1
2
1
13
85
2
-2
2
3
5
3
2
1
1
-1
0
1
1
-7
-1
2
2
4
1
3
6
2
1
1
1
33
1
2
3
1
2
-1
1
-1
1
3
1
2
1
-31
1
0
3
2
2
1
1
3
5
2
0
8
2
0
147
1
1
3
1
1
0
124
1
1
4
0
2
5
37
37
0
9
1
2
0
2
2
1
1
1
62
0
1
-9
1
4
2
1
4
2
2
2
2
3
1
2
1
2
0
0
2
1
1
1
1
15
13
1
6
2
4
3
1
1
1
9
1
0
4
1
2
6
2
1
18
-2
1
2
-2
1
1
1
1
0
1
2
3
2
-1
1
1
1
10
1
0
28
10
2
-1
-17
3
0
4
2
1
2
6
3
3
1
1
1
2
2
2
3
2
2
1
4
5
3
1
1
1
2
1
0
2
8
0
13
14
1
1
1
0
4
3
-1
1
-1
1
0
2
6
1
2
1
3
-2
1
0
1
1
1
2
1
2
1
2
10
0
1
1
0
0
2
1
1
1
1
1
1
1
0
1
1
3
1
8
37
1
1
5
1
-56
1
0
0
0
1
1
2
3
-16
0
3
2
2
-14
7
-4
1
109
-1
1
8
2
2
1
3
4
1
2
2
1
1
2
1
-1
1
0
4
1
3
2
-44
1
2
1
2
2
1
1
1
5
2
1
2
12
1
1
1
31
9
2
2
0
2
3
1
3
1
1
3
2
0
2
3
4
0
1
1
3
2
4
1
4
1
3
2
1
1
1
1
1
1
1
1
3
9
1
2
2
1
5
1
2
4
1
1
3
13
1
0
3
1
4
0
0
1
1
1
2
2
1
1
2
2
1
2
3
1
1
1
3
6
1
2
1
1
2
5
1
5
2
1
3
1
1
1
1
3
4
1
2
-1
3
1
1
-4
2
2
2
1
1
37
1
1
1
-4
1
1
1
8
1
1
1
1
7
98
2
6
1
5
-107
3
17
2
0
0
2
1
1
1
6
0
1
6
0
1
0
0
1
1
0
5
28
1
8
1
1
3
1
0
1
1
2
3
-3
5
1
0
2
24
3
1
1
2
2
1
0
2
5
6
1
1
1
6
1
1
1
1
1
-1
1
1
3
1
2
1
2
1
1
2
7
2
1
1
0
8
8
1
1
16
1
1
1
2
1
20
0
3
1
1
2
1
2
1
1
2
0
2
1
1
2
3
1
3
1
1
1
1
-2
2
1
1
1
1
-1
0
2
8
1
1
1
0
1
2
1
91
1
0
1
1
3
-2
2
0
1
91
1
1
0
0
1
1
7
1
1
2
8
1
1
2
1
2
2
2
1
1
3
0
1
1
3
1
-16
1
1
1
-1
1
2
4
-1
1
5
10
0
1
45
3
1
1
0
2
7
2
-6
1
1
1
2
1
1
3
1
2
-4
2
1
4
2
1
-1
3
1
-1
-2
1
1
0
2
-1
2
-7
0
1
1
2
-4
7
-28
2
11
1
5
1
0
1
24
1
1
0
-4
1
2
1
0
2
39
1
3
0
2
1
1
1
1
0
0
1
3
0
6
21
4
1
2
76
3
1
1
5
1
6
2
20
1
-1
-1
5
1
2
1
-8
1
1
2
15
2
3
2
2
2
1
0
0
1
0
2
1
8
14
2
5
24
1
4
1
-1
0
3
1
105
1
1
1
58
2
5
1
1
-8
1
1
1
-2
9
1
1
1
1
1
2
1
2
34
4
0
1
54
4
-1
-8
1
1
-3
40
-4
3
-1
1
10
2
3
2
5
1
1
-29
3
-3
8
-2
24
5
1
2
1
-1
6
1
0
3
1
1
10
0
6
0
1
-5
-15
2
2
3
-1
-16
0
758
10
27
0
6
3
2
1
-4
1
1
2
0
2
-2
1
-1
1
1
0
0
2
0
2
3
1
24
12
2
1
7
-16
1
65
1
8
1
1
1
1
-66
7
0
9
0
7
1
0
2
-10
35
0
2
5
1
1
1
-17
1
2
0
1
2
2
3
2
5
7
1
1
1
38
1
1
-10
3
-3
6
1
0
0
1
8
1
1
2
1
1
1
-9
1
1
2
31
1
3
-2
2
1
6
1
91
5
9
1
2
3
7
1
23
2
9
3
2
-8
4
10
29
8
2
1
2
7
7
1
1
1
26
1
0
11
1
1
4
10
1
7
2
6
1
1
1
3
1
1
7
2
1
1
12
2
6
1
-3
1
13
2
7
3
-1
2
9
1656
2
2
2
2
6
0
2
6
0
2
1
2
1
2
2
1
3
2
1
2
0
1
0
5
0
0
2
5
6
1
2
1
3
9
6
9
1
2
-1
8
1
0
2
1
0
2
1
18
-1
2
2
3
1
2
1
-1
1
1
1
1
5
1
1
1
1
-1
3
2
462
2
3
5
3
8
2
18
1
1
1
2
1
2
6
3
0
-1
7
1
2
30
1
40
2
1
0
1
5
7
1
3
0
-2
1
2
2
1
6
32
4
5
2
752
1
3
5
1
6
1
6
4
9
3
1
2
-8
2
1
4
1
-1
1
3
2
-1
1
-5
2
2
0
1
1
3
89
-12
3
3
1
-1
4
2
1
1
1
3
3
1
2
1
0
1
2
4
0
9
2
0
5
1
3
5
0
2
3
-3
6
1
11
2
0
2
1
2
1
3
1
2
3
7
1
1
1
5
3
2
5
3
3
6
1
-1
3
0
1
1
2
3
1
2
2
3
6
5
1
0
1
2
3
2
2
3
8
3
-1
2
2
1
1
1
18
9
2
4
1
30
0
-135
0
1
1
1
6
2
1
1
2
1
5
2
2
1
-7
18
1
1
1
2
27
23
1
5
1
3
-55
2
1
1
10
13
1
3
3
2
2
2
1
-8
1
2
2
4
1
-1
1
5
1
1
2
1
1
0
0
34
1
6
0
2
1
9
6
1
0
3
2
2
1
1
1
1
1
2
1
2
3
14
1
3
2
192
0
0
-1
3
1
-1
6
6
3
0
5
3
3
1
1
43
2
21
1
1
1
-1
5
1
-5
2
1
2
1
20
1
2
2
-20
3
-14
7
2
6
1
2
7
2
1
1
1
1
2
1
8
5
1
-1
1
1
6
0
17
-1
3
-1
1
1
1
5
1
3
1
1
1
-8
2
2
1
1
2
1
1
1
2
2
15
4
-5
0
-1
1
1
2
3
47
1
1
7
1
3
2
-4
2
1
2
2
1
11
0
22
1
3
2
0
17
0
1
2
7
3
1
1
-1
4
6
0
1
1
1
1
35
1
3
4
2
1
816
2
2
72
-2
1
16
1
4
1
310
7
4
-1
6
2
1
1
1
1
0
7
7
-1
2
72
2
1
1
2
1
134
0
2
2
2
2
2
3
3
5
1
1
1
1
39
3
2
2
2
1
10
3
4
2
12
18
57
2
2
2
1
1
3
1
1
1
16
2
9
1
-1
2
2
14
2
2
2
2
-1
0
1
6
3
-4
1
4
14
217
5
1
2
1
103
2
8
4
6
1
4
2
2
3
3
5
1
-1
2
0
13
1
1
1
6
3
3
1
1
2
1
2
22
4
5
2
1
1
12
1
3
1
10
3
11
3
2
9
4
0
-5
1
2
2
1
2
2
1
1
2
3
1
-7
3
2
2
0
2
-5
2
0
2
1
13
1
3
4
1
2
7
2
0
4
5
3
1
3
3
1
5
1
3
-2
0
1
1
1
2
2
2
2
2
6
-3
3
3
4
7
1
2
10
65
1
1
2
4
2
5
1
6
6
2
1
166
1
12
2
1
2
2
1
3
0
2
1
3
30
2
0
8
2
9
9
2
1
1
3
1
4
1
3
0
1
1
2
1
-2
1
2
2
16
1
13
8
29
3
12
1
0
77
25
285
4
-2
2
-2
21
5
3
1
12
7
2
1
2
1
16
1
1
1
-30
-5
55
0
22
4
2
2
1
7
2
49
2
3
15
1
-1
2
1
1
1
2
10
2
1
1
1
1
1
3
6
1
1
1
3
3
8
5
3
7
3
1
1
3
1
6
-3
1
2
13
-6
2
3
3
2
2
1
3
2
2
3
-2
6
1
0
2
1
2
2
0
1
5
1
1
31
0
2
2
1
3
1
0
-2
1
1
-3
1
-1
1
2
0
64
1
3
0
1
0
5
6
38
1
3
1
2
1
2
24
2
4
-7
2
19
1
81
9
1
1
953
876
2
-10
1
1
4
5
0
1
1
-1
1
2
1
0
0
23
1
1
0
3
1
1
19
1
0
1
1
1
0
1
1
1
6
1
1
1
2
1
1
266
2
1
1
1
0
25
6
2
4
2
3
1
1
1
6
1
0
3
1
2
-1
-1
1
3
2
29
1
1
0
1
1
5
4
1
1
2
2
1
19
4
1
1
8
0
1
1
2
1
1
1
13
3
2
1
8
1
2
6
4
1
11
1
1
1
1
-2
1
0
3
5
4
2
5
-2
0
8
-1
-2
2
3
1
1
4
13
4
2
1
6
1
1
1
3
1
10
0
1
2
0
2
8
5
10
3
2
1
1
5
-1
2
2
3
-7
1
5
1
2
2
1
1
1
-1
1
6
2
-5
7
1
1
9
1
14
0
5
2
3
1
1
1
2
6
3
1
1
2
1
7
9
1
6
2
2
-1
13
1
1
16
2
1
-2
2
1
1
1
8
1
5
1
20
0
3
1
1
4
2
1
35
1
4
5
1
0
1
3
2
0
3
2
2
1
2
1
2
3
1
2
-1
1
8
1
5
1
2
2
6
1
0
6
2
1
25
3
1
2
12
1
7
1
2
1
19
1
-2
4
24
9
14
1
2
8
-1
1
2
3
1
0
1
0
7
2
1
1
1
5
1
1
1
2
3
1
1
1
2
1
1
3
4
2
-2
2
14
2
5
1
0
-5
8
3
1
0
8
0
1
6
1
115
4
2
-7
1
3
0
-4
7
2
0
2
1
1
1
1
1
4
1
1
3
3
2
1
0
1
11
16
1
1
1
1
5
8
-1
3
1
1
1
1
1
-2
7
2
24
2
4
1
1
1
1
2
2
-1
12
12
1
1
1
2
3
1
4
-4
11
1
2
-8
1
1
1
5
14
2
4
3
0
1
2
2
2
5
1
2
3
3
3
2
5
15
1
5
1
6
1
-7
1
27
1
2
3
1
6
4
5
1
10
1
5
1
3
13
1
2
1
9
13
1
1
3
25
1
0
2
6
1
1
1
-1
5
4
-4
1
1
-6
3
2
1
1
2
1
0
3
3
0
3
1
2
2
2
2
-3
9
5
3
2
16
2
1
126
-1
3
-16
1
3
1
2
1
2
1
1
22
5
1
1
2
17
1
1
1
1
2
2
-2
3
8
1
1
0
13
5
4
9
3
1
2
30
0
1
3
2
8
11
0
7
3
16
1
2
9
3
0
0
3
1
2
1
4
3
2
0
4
3
-1
8
1
6
1
1
3
4
-9
1
1
245
-4
1
18
0
3
10
11
2
3
1
3
1
1
2
4
2
-4
-2
44
1
8
1
0
3
297
4
2
2
16
0
4
-2
3
3
2
1
1
2
3
1
3
5
0
1
2
3
1
4
2
39
0
1
3
1
1
3
1
18
1
1
1
3
1
4
1
3
2
1
1
2
1
5
-2
1
2
2
2
1
1
1
2
1
7
1
2
1
4
2
2
-1
1
2
2
-3
-14
2
1
2
7
1
1
1
18
49
102
1
8
1
1
-1
3
1
1
1
2
1
1
3
15
0
2
1
7
1
2
7
1
1
4
1
1
2
1
1
2
1
2
2
1
39
6
7
1
1
3
2
-1
9
1
2
1
9
1
6
1
2
5
3
-6
1
3
1
2
1
2
8
1
7
3
4
2
1
2
1
1
1
1
28
0
1
-4
2
1
2
22
1
1
2
2
6
3
3
13
1
1
1
2
1
3
1
1
3
5
-1
9
9
2
1
3
2
2
0
1
3
8
3
1
2
1
0
2
5
1
3
5
3
3
1
5
0
5
2
1
6
7
-4
2
4
-16
11
1
1
1
-1
8
1
1
3
1
1
8
2
5
3
2
1
1
1
3
1
4
1
1
19
15
2
3
7
2
7
1
1
1
10
12
1
2
1
1
1
2
2
1
2
2
3
1
2
1
2
2
1
0
2
1
1
1
2
1
0
13
-1
8
1
1
3
2
2
1
3
1
5
3
1
1
1
1
2
0
1
3
2
19
1
1
1
3
4
2
1
1
3
2
4
3
1
9
2
1
1
2
1
1
1
-1
7
1
2
1
1
1
0
1
2
16
2
0
1
-2
5
5
2
6
1
3
3
4
-6
2
5
-4
1
1
1
0
2
1
3
4
1
5
1
1
2
1
1
1
2
1
1
0
1
1
1
3
1
2
3
3
27
1
3
7
0
138
133
17
1
2
-2
38
2
0
-36
-4
0
1
1
-3
2
1
1
-3
8
-3
-2
2
10
2
1
7
1
2
1
-4
3
0
36
1
1
5
2
8
6
7
11
30
4
1
2
2
372
4
2
4
363
2
2
3
1
2
0
0
10
1
19
21
2
2
1
3
1
1
19
4
1
1
1
1
1
0
6
2
1
6
1
1
2
3
1
-12
2
1
1
0
2
1
8
1
1
1
1
1
14
2
9
1
3
1
2
2
3
3
2
1
1
1
5
2
4
1
9
2
1
3
2
3
1
3
5
2
4
2
1
3
10
2
2
1
6
4
2
2
4
1
8
3
3
2
3
5
1
2
2
29
-1
3
2
1
8
1
1
4
2
3
2
1
3
4
12
1
3
6
2
1
1
3
0
2
5
1
1
1
4
2
2
2
1
3
-1
0
11
2
2
0
-1
0
8
3
3
2
1
1
3
1
1
3
2
2
-1
1
3
1
2
1
4
3
7
3
0
19
2
4
153
5
2
1
3
17
16
3
10
1
1
1
1
1
-3
6
1
3
1
2
6
2
1
1
3
1
0
2
2
2
0
38
7
3
0
3
2
4
1
1
2
4
8
7
3
1
2
2
2
4
2
1
1
1
1
6
0
0
3
5
3
1
0
1
2
6
44
5
2
1
1
-1
1
2
1
3
2
1
1
7
3
1
2
4
4
1
2
3
1
1
2
-10
1
9
4
2
6
2
1
1
7
3
2
2
3
0
3
2
0
2
1
2
1
-4
-5
1
1
1
2
1
1
2
1
1
2
1
5
-1
1
8
2
1
0
2
5
2
1
8
1
1
1
37
2
0
2
1
18
2
2
2
1
1
3
1
1
1
3
9
-1
1
-2
1
1
1
2
1
2
-13
3
1
0
3
3
1
0
1
21
-2
2
1
1
1
1
27
1
1
3
-2
0
3
1
5
-5
0
2
-4
2
5
1
1
1
4
1
1
2
6
2
22
1
2
-1
1
2
3
1
-3
1
2
2
1
9
1
2
3
1
2
4
2
5
0
1
2
1
3
2
2
10
1
1
1
0
0
2
3
2
-7
2
1
1
1
1
1
2
18
10
1
3
2
6
4
2
1
-1
0
1
2
2
4
12
5
2
62
1
3
2
1
4
2
2
2
3
2
1
-1
5
10
1
1
1
1
1
2
1
2
1
75
1
16
5
4
3
3
1
2
3
13
1
-2
0
1
1
1
8
3
4
18
2
3
1
2
1
2
1
5
2
1
-2
0
0
4
2
2
1
28
2
1
2
45
7
2
4
2
1
1
1
2
3
7
2
-4
1
3
1
1
2
3
2
1
2
1
16
1
8
3
5
1
2
1
3
15
1
2
1
0
2
1
1
2
2
1
6
2
3
1
1
0
6
0
0
-5
1
1
2
1
2
1
0
-3
2
1
0
8
4
0
12
1
10
1
6
4
2
0
1
3
-1
2
2
5
3
3
4
1
6
-1
1
2
16
4
-3
6
2
7
1
2
10
1
8
2
2
1
1
1
1
1
-2
10
2
0
3
1
-1
2
1
3
1
0
3
1
12
452
-4
2
2
10
3
8
1
1
1
2
1
8
2
0
1
5
2
3
1
145
2
3
7
12
5
3
3
18
1
21
21
2
16
7
16
1
5
-1
2
2
4
-1
2
1
1
3
2
24
6
2
3
-3
2
1
3
0
2
0
2
2
3
2
1
1
1
1
-1
1
4
2
1
1
1
-4
3
53
1
5
12
1
1
1
2
1
1
2
126
8
2
2
3
8
6
2
1
1
-2
4
21
3
6
1
2
1
3
2
1
-1
274
3
1
3
-1
64
12
4
2
2
1
1
1
0
4
12
1
5
5
0
1
4
2
2
43
3
4
1
8
4
0
4
6
3
8
1
116
3
1
1
8
0
2
14
0
3
4
2
1
1
0
2
1
2
7
7
2
1
3
1
1
2
2
4
1
1
1
2
-1
1
0
2
1
1
0
4
1
1
3
2
1
4
2
1
2
1
7
2
1
2
1
2
5
2
1
1
-1
0
1
2
1
1
2
1
9
3
1
2
-2
1
13
2
4
2
2
1
1
1
3
5
29
2
1
1
2
1
2
0
0
1
2
0
1
1
0
1
3
11
23
1
1
2
1
0
1
1
20
2
1
0
2
1
1
9
-3
2
3
2
2
-1
3
-1
1
2
3
7
1
0
1
-2
8
1
6
182
2
2
1
2
10
1
7
1
1
0
1
4
0
1
1
2
4
1
1
0
8
3
1
1
1
1
2
1
1
1
13
1
6
0
2
4
1
-26
3
6
2
1
197
1
1
1
1
2
13
2
10
2
11
6
4
-2
2
1
2
2
1
3
4
-6
0
10
7
1
2
-1
1
0
3
1
1
8
1
1
-2
1
1
0
23
2
1
2
1
3
1
7
3
2
1
2
1
-2
1
1
1
10
1
7
0
55
2
1
1
1
16
1
1
2
4
2
1
2
2
3
8
1
3
3
3
1
6
1
17
1
1
-1
1
0
3
0
1
2
1
2
1
1
1
4
2
1
2
0
8
7
2
1
0
6
0
1
2
-1
59
7
2
1
3
2
1
1
1
8
1
1
4
2
3
17
11
1
1
-4
1
1
-4
2
1
1
1
1
9
1
4
2
4
3
1
2
2
11
2
1
37
40
1
8
1
1
1
1
-16
3
-2
-1
1
-2
1
2
1
2
3
5
2
3
1
6
1
1
2
2
1
1
249
-1
-1
2
2
3
42
16
1
6
7
1
1
1
2
2
0
-5
4
3
1
1
2
6
6
2
2
1
0
1
1
2
2
107
2
0
-1
3
2
47
87
3
19
2
1
2
9
3
3
-12
3
0
2
0
0
12
4
4
1
1
1
2
2
1
4
1
1
5
2
1
1
2
3
1
1
2
1
-1
1
1
1
-6
-1
2
2
1
1
1
1
0
1
2
30
16
2
1
3
-1
-2
1
24
1
2
1
1
1
1
2
1
2
1
1
1
1
1
1
1
2
1
2
27
1
3
1
1
1
4
2
2
3
1
0
0
0
0
3
2
3
27
7
6
3
1
2
3
1
3
1
6
1
1
1
1
6
3
7
-4
2
2
3
3
1
1
179
1
3
8
5
2
1
1
-86
4
1
1
1
1
3
1
0
3
1
2
3
1
2
1
3
2
1
2
2
1
1
1
1
4
2
3
9
5
1
1
1
2
1
2
55
1
3
5
2
2
1
32
-53
1
1
-2
1
14
-19
0
-2
1
1
-2
4
8
5
1
0
1
51
2
1
5
2
4
18
1
8
1
0
1
14
2
17
12
2
1
-5
2
4
1
9
1
0
6
0
2
1
1
1
-5
118
2
2
17
2
2
8
2
1
8
1
14
1
12
1
1
3
-1
2
2
1
17
1
1
3
-9
1
13
1
1
1
9
2
1
4
11
2
2
1
1
1
1
1
3
1
4
1
1
8
7
1
2
3
1
23
1
2
1
1
1
10
84
4
5
1
2
14
1
13
1
6
216
8
0
187
31
6
6
30
85
14
23
56
30
11
33
1
5
40
16
37
1
10
1
5
9
2
2
1
2
0
14
-2
3
8
1
6
2
-5
-6
11
2
-8
2
1
28
0
2
5
1
5
0
12
0
26
0
5
2
-1
4
-1
2
2
-1
11
5
-1
1
1
-8
2
1
-5
46
13
-8
1
0
2
9
1
2
1
2
4
2
3
1
1
-2
4
1
2
2
7
-1
3
1
10
1
1
2
3
3
2
14
1
12
3
2
-6
10
6
-3
2
-4
12
-7
1
2
2
1
0
-1
6
1
3
1
14
11
9
3
1
1
1
0
1
3
3
1
62
2
14
1
5
1
1
54
1
5
2
0
1
11
1
-2
23
0
1
2
2
-1
2
0
1
1
1
1
1
1
2
1
2
0
1
2
1
1
1
2
3
2
2
2
1
1
2
3
4
1
3
5
1
1
9
7
-1
3
1
1
2
2
1
3
1
-4
43
1
1
-2
4
1
1
4
-6
2
2
35
1
3
0
1
2
2
4
2
1
15
1
4
2
0
1
1
1
1
1
1
2
0
1
-4
14
2
1
2
14
1
0
1
1
9
2
1
-1
2
7
1
2
1
1
1
2
-1
4
22
2
12
49
1
2
1
-3
1
3
1
1
8
1
1
12
1
25
0
1
3
3
10
-7
-2
2
0
2
1
2
5
2
30
2
2
3
0
3
1
2
1
3
1
1
2
-7
6
1
6
3
1
2
99
5
2
1
14
1
2
28
6
2
8
1
0
40
1
2
3
3
6
2
2
-3
0
0
4
1
1
0
1
1
4
2
3
1
5
1
-11
5
1
1
3
6
19
-1
5
1
1
1
0
4
2
2
7
6
1
4
1
2
2
2
1
18
3
1
0
0
1
2
5
3
0
6
6
1
2
8
1
0
-1
2
1
3
12
2
2
0
1
1
6
3
1
1
1
1
12
1
1
2
23
0
2
3
21
2
1
1
3
1
0
13
5
1
1
1
1
1
1
1
1
2
2
2
1
6
1
3
1
5
-1
7
1
1
-3
1
1
2
2
2
0
1
5
1
1
2
1
7
2
12
1
1
1
3
1
2
1
3
1
-1
3
-7
1
2
1
1
6
2
2
3
1
2
1
1
1
