0
0
-1
1
3
1
14
1
2
7
1
1
1
1
1
38
1
1
15
1
1
1
3
1
0
2
-3
1
1
2
3
3
2
2
5
1
0
1
-3
1
3
0
1
0
1
1
0
1
3
4
2
2
3
1
-3
0
5
1
2
7
12
2
3
25
-1
76
6
2
15
0
9
1
94
1
1
8
80
5
1
4
3
3
3
6
6
6
2
2
2
11
2
6
4
1
79
2
10
3
2
1
3
0
1
1
-1
5
0
1
2
1
6
5
2
28
0
3
3
1
1
1
2
2
0
1
1
2
0
4
-1
7
1
7
4
3
1
2
5
9
-5
4
2
3
9
7
1
2
3
24
3
20
1
8
4
2
2
0
3
2
2
1
0
2
0
5
1
1
1
5
2
3
1
1
2
4
1
1
5
5
24
0
1
1
2
1
31
2
2
2
3
1
4
9
1
8
0
3
1
2
1
1
1
1
1
1
1
1
6
2
2
0
1
0
1
7
1
2
2
1
3
1
4
1
2
1
2
2
1
4
5
2
1
7
1
2
2
1
1
2
2
0
1
2
2
1
2
7
2
1
1
4
1
1
4
59
2
2
1
1
17
1
15
1
2
0
1
2
1
6
0
2
1
2
1
2
3
1
1
3
1
3
6
5
1
1
3
2
2
1
2
1
1
10
6
0
-3
8
3
1
2
1
0
2
1
-3
0
1
1
3
4
1
2
5
1
7
1
2
3
1
10
0
2
2
7
4
2
1
1
0
1
1
1
1
1
3
11
1
3
6
3
1
0
1
16
2
0
5
3
75
1
2
11
1
22
-3
4
1
1
2
8
5
1
30
1
1
1
1
1
65
2
6
2
3
1
1
1
2
1
3
19
8
1
-1
2
1
1
1
4
1
2
-5
2
2
2
1
1
1
-1
2
55
11
7
-1
1
1
3
2
53
1
29
2
1
1
1
1
0
2
-3
1
7
2
1
1
-7
0
1
1
1
1
7
18
1
1
3
26
0
3
1
12
1
1
1
6
0
6
3
-2
1
62
2
3
5
2
1
0
1
1
4
3
4
8
9
21
2
3
0
0
18
1
2
0
1
2
7
1
2
0
1
1
2
3
2
1
1
2
3
2
1
1
8
3
3
4
1
3
2
2
1
1
6
2
3
15
17
4
2
3
1
6
2
1
1
1
2
5
1
2
1
1
1
1
1
3
1
1
5
2
6
4
-4
1
1
1
1
1
1
5
9
2
47
9
5
0
2
1
1
1
4
3
1
4
4
1
4
1
0
3
3
1
7
6
3
1
4
1
1
1
0
6
3
1
2
2
1
33
10
10
-1
1
-1
2
2
1
1
2
1
1
1
1
0
-1
5
2
2
0
37
2
1
3
1
3
5
0
1
2
1
0
1
1
3
3
1
1
1
-2
1
1
1
1
10
1
1
3
3
1
0
4
1
1
4
1
1
1
1
78
2
1
0
1
1
2
-1
1
1
5
1
2
1
1
1
1
-2
25
2
11
2
5
1
4
368
2
4
10
4
16
0
1
3
49
-2
15
1
1
7
0
3
11
3
1
4
2
1
19
4
1
2
1
5
1
1
15
4
46
7
3
1
1
1
2
1
1
1
1
1
9
3
2
0
3
2
1
1
2
7
1
1
2
2
1
1
21
0
1
1
1
1
8
1
3
5
20
9
1
3
2
4
3
8
3
1
13
8
2
0
1
1
4
10
4
5
4
2
1
2
183
1
18
1
1
1
1
2
1
1
4
2
1
3
1
2
1
1
2
21
1
5
5
1
3
1
-3
7
1
5
19
26
6
5
7
1
1
2
3
3
1
6
8
28
3
16
0
3
1
1
1
33
1
2
2
8
5
1
3
4
4
1
1
7
1
15
-3
0
1
2
1
1
0
0
3
0
3
2
3
6
2
76
0
1
15
0
6
10
1
11
6
2
13
1
1
50
2
65
-6
2
67
1
1
1
1
40
2
2
-7
12
2
-1
1
16
2
2
4
5
40
1
21
8
2
-3
1
26
1
6
5
2
16
1
12
13
3
11
12
4
21
2
5
1
22
2
1
4
5
3
16
0
1
6
21
6
-2
6
4
4
1
2
1
3
1
0
1
17
2
0
0
0
1
-1
5
1
2
-2
8
2
2
4
-3
3
1
2
0
2
8
-3
1
4
4
-1
1
1
3
6
3
2
1
2
5
3
144
1
1
3
8
2
1
1
4
1
20
1
1
0
0
5
11
2
1
1
2
0
2
1
1
2
3
1
28
1
7
-3
3
0
3
3
1
18
1
12
1
8
0
2
43
0
1
3
1
1
5
6
8
5
2
3
5
1
1
10
5
17
1
3
27
4
2
3
3
11
2
1
13
1
1
3
2
3
0
0
14
7
2
2
2
11
1
2
22
1
1
7
2
25
2
2
3
1
1
2
3
2
1
-5
2
2
9
16
6
1
0
15
2
3
6
1
3
1
1
4
-3
7
1
1
3
7
-1
2
3
1
3
4
1
1
4
4
1
0
2
0
3
1
1
1
3
7
2
1
1
1
7
6
19
1
1
1
6
1
2
2
1
9
1
2
4
3
1
6
6
1
1
3
2
1
1
-1
1
3
2
5
1
1
1
2
2
1
6
0
1
5
3
1
9
3
3
2
1
2
1
2
0
2
-9
1
1
5
1
1
1
1
5
0
1
1
3
1
2
2
2
5
2
1
2
4
-5
3
0
4
4
2
1
1
15
1
1
0
1
2
4
1
1
2
0
3
2
1
1
1
3
2
2
1
3
-1
5
1
1
-1
4
15
6
3
4
2
2
1
1
3
1
2
3
0
2
4
-3
1
1
1
2
1
1
6
1
0
7
2
1
-5
1
2
2
2
0
0
14
2
1
0
1
72
4
-5
0
1
1
5
2
1
2
18
-1
1
1
1
1
14
10
3
1
5
4
-1
6
3
3
1
1
1
3
1
2
-1
-1
1
1
11
7
1
1
10
6
2
2
7
4
2
1
2
-3
0
10
4
0
-1
7
20
2
1
1
1
2
1
7
2
0
-1
4
3
6
5
1
1
1
2
1
1
2
2
0
1
1
1
2
1
2
1
1
2
1
4
0
1
2
1
-23
1
3
9
6
0
1
3
1
10
2
1
3
1
1
1
1
5
10
1
0
1
0
2
1
1
3
2
1
2
0
1
0
1
2
9
1
2
1
2
3
1
2
-2
1
1
6
2
1
3
1
1
3
1
1
24
8
2
3
1
1
3
1
0
1
1
12
13
-1
3
6
2
6
2
17
2
8
1
1
1
1
1
83
5
2
1
0
-5
0
2
1
-13
1
1
2
9
1
0
2
3
16
0
10
5
2
13
12
1
1
1
1
2
1
1
0
1
31
3
1
4
2
2
2
-1
20
5
1
2
2
176
1
1
1
2
3
5
3
1
2
2
0
2
1
2
2
1
2
0
0
2
3
1
1
1
1
1
1
5
10
2
1
1
7
4
15
1
1
3
18
13
2
3
1
1
2
1
22
-2
18
0
1
48
1
0
1
1
3
1
5
1
0
-10
-7
1
1
163
9
1
3
3
4
1
1
2
1
1
7
2
1
2
10
13
1
2
1
18
2
8
2
1
1
5
7
1
92
2
-4
14
2
0
1
1
1
4
3
-4
1
3
1
1
3
-1
7
1
1
2
6
1
66
1
3
1
16
1
2
5
6
12
1
1
3
2
0
1
16
1
11
1
0
1
5
1
1
1
1
11
-4
3
18
1
1
3
2
3
21
2
1
1
3
2
8
2
1
1
78
1
1
1
1
1
2
1
10
1
4
28
16
4
1
3
1
5
-14
1
-5
1
4
7
1
1
1
2
9
8
2
2
1
2
0
-1
1
5
2
3
2
3
2
1
6
3
2
-11
2
1
4
2
1
1
1
4
2
1
2
1
2
1
1
3
3
1
1
1
1
1
1
1
1
8
0
3
2
1
3
1
1
1
2
3
6
-1
1
5
5
1
6
4
1
0
1
1
0
0
1
2
4
2
1
2
3
4
2
3
57
5
3
-1
2
0
2
1
-6
1
1
2
1
1
8
1
3
1
3
5
332
1
3
19
1
3
1
3
2
2
1
3
-1
0
1
3
11
-1
2
-4
1
10
1
1
2
1
6
3
3
1
2
0
0
1
2
1
3
5
10
3
2
5
8
1
11
24
1
1
9
7
0
5
1
2
1
3
6
9
2
1
1
-15
0
1
29
2
20
1
0
1
1
2
3
1
3
3
-3
1
14
3
1
44
6
1
1
2
3
1
59
1
3
1
3
1
4
6
17
3
5
1
1
2
4
5
12
4
1
1
1
21
2
1
-3
3
44
0
1
11
2
1
-2
4
2
1
1
1
2
2
-3
2
1
2
2
9
-1
3
1
1
1
0
2
1
1
0
1
1
0
2
1
1
1
2
1
-5
3
1
1
3
6
5
0
-2
2
-1
0
1
0
1
1
5
17
2
2
-2
10
6
2
4
1
2
1
3
2
2
8
4
1
1
2
1
9
-2
2
5
3
5
-2
3
1
1
1
3
2
1
37
3
2
1
2
2
2
2
0
1
1
5
4
1
4
3
