2
3
2
14
5
1
1
2
3
11
-3
1
3
1
1
1
1
4
16
1
1
1
49
3
405
1
6
1
1
2
-1
2
4
1
1
0
1
2
1
2
2
3
3
1
2
12
3
0
1
1
1
1
2
1
2
1
11
20
1
2
2
3
2
5
1
1
3
7
2
1
0
2
1
1
1
1
2
1
7
3
1
2
11
1
0
2
-2
2
3
4
0
4
2
1
2
56
11
3
3
139
14
1
1
0
1
3
2
38
1
5
1
1
2
1
1
3
1
3
2
2
1
1
17
0
-1
4
3
3
-5
1
32
-1
1
1
1
3
1
5
1
2
3
1
1
18
1
1
-10
1
2
24
2
2
30
2
1
0
2
0
1
1
3
1
1
2
1
2
1
2
14
5
4
1
2
1
-2
1
2
1
1
1
3
1
1
2
1
2
1
-2
2
1
2
7
1
3
2
2
1
7
1
3
3
5
1
1
1
1
1
3
-8
1
20
1
14
1
13
2
11
1
1
1
5
1
2
12
2
3
1
2
4
1
1
0
1
2
1
3
2
3
4
5
1
4
1
2
7
4
3
11
1
6
1
3
2
1
-1
4
3
7
1
2
3
1
1
1
10
1
1
0
1
3
2
2
7
3
10
1
1
1
1
2
2
2
1
1
1
3
1
4
1
2
0
53
3
1
17
1
2
2
2
1
3
0
1
3
4
3
1
2
14
1
0
1
14
1
10
2
2
11
1
2
2
1
1
2
0
2
0
2
2
1
3
76
1
3
1
3
6
1
5
-1
3
0
2
4
6
1
1
1
0
1
1
6
1
2
1
1
1
2
3
1
9
10
0
1
2
1
2
1
19
2
8
1
2
1
-1
4
1
1
2
2
2
1
1
3
1
0
2
0
1
2
2
2
103
2
5
1
11
6
1
1
1
0
2
1
0
7
20
2
7
1
-5
1
2
15
9
1
14
2
-2
3
2
9
2
-6
-5
19
-2
-9
4
1
6
1
15
2
1
1
2
3
2
8
2
0
-4
6
1
13
1
1
1
1
1
1
2
28
1
1
2
3
2
1
1
3
4
1
754
6
30
7
5
19
1
-5
1
1
1
1
1
1
3
2
1
5
2
18
2
1
2
-7
3
-2
2
1
19
0
2
1
21
3
4
1
8
1
-10
2
6
1
3
10
2
0
2
2
3
16
5
0
3
9
1
3
1
1
28
5
2
14
124
4
1
2
34
4
1
6
1
3
-1
2
0
5
2
1
-2
1
0
4
7
3
1
1
6
6
1
3
1
1
3
1
1
1
7
21
1
2
15
-4
8
1
2
1
2
7
2
28
2
-1
1
-1
1
3
-1
2
0
5
1
2
4
1
13
-2
14
-1
2
35
0
1
0
1
0
3
1
5
5
1
-1
2
3
3
1
4
-1
1
32
1
2
3
-1
1
1
1
-1
5
1
2
3
4
3
-1
0
0
-4
7
3
2
1
2
1
1
1
3
3
2
-6
19
4
1
19
-1
3
1
6
1
-1
6
-4
8
5
17
3
2
1
2
1
1
0
2
1
1
1
1
-8
1
2
3
3
5
3
1
1
1
1
1
1
4
2
0
1
0
1
2
4
19
1
2
1
2
2
1
8
2
4
2
1
1
6
19
3
-4
7
0
1
1
-1
3
2
1
27
-1
8
2
1
2
1
166
3
2
1
-4
1
3
43
84
1
2
1
1
0
13
10
1
1
1
1
63
1
1
1
1
0
10
1
9
1
1
13
1
4
2
1
2
0
3
1
1
5
2
2
1
2
0
1
1
5
1
1
1
1
1
2
1
1
1
12
1
1
2
1
1
-1
0
4
2
7
3
1
0
1
0
2
1
1
1
0
2
6
1
3
2
3
0
2
1
-3
2
6
1
17
0
2
2
9
1
1
2
2
2
2
0
6
6
1
2
1
2
1
1
1
1
1
1
1
-1
1
0
-6
2
1
1
1
1
2
0
2
3
15
1
1
2
2
4
1
1
1
3
3
2
14
1
1
2
1
1
0
1
1
2
3
2
1
5
2
1
1
1
1
1
1
2
1
1
1
0
0
2
1
1
1
2
2
3
-1
1
1
1
1
2
1
1
1
1
2
0
1
1
1
1
1
2
0
7
2
0
-6
1
6
2
-1
2
2
7
1
1
1
8
4
10
1
3
-1
4
1
6
10
1
1
2
1
1
2
1
1
1
2
2
2
6
0
1
12
0
1
1
1
2
4
1
1
1
6
10
3
0
2
7
1
0
1
3
1
0
1
3
1
1
1
-13
5
1
0
1
2
2
1
0
1
3
2
1
1
1
3
3
3
2
3
2
1
5
2
1
1
2
0
10
2
14
5
11
2
1
10
1
1
1
4
2
1
1
1
1
3
1
1
1
1
-1
6
2
1
7
32
194
4
3
1
9
1
1
-4
2
3
1
20
21
5
17
3
-5
2
6
2
1
23
2
1
1
1
1
7
2
3
1
1
2
6
1
2
1
1
-1
1
7
1
25
3
2
1
1
1
1
2
1
1
1
2
2
3
1
1
1
1
1
1
1
1
2
2
1
1
1
1
4
1
3
1
1
1
1
1
1
1
1
1
2
1
1
2
2
0
1
1
1
3
2
2
3
2
1
2
1
10
1
2
1
2
1
1
3
3
1
1
1
2
1
15
1
1
1
1
2
1
1
0
1
2
3
1
1
1
1
1
2
1
2
1
3
1
1
15
1
0
1
1
3
1
1
2
1
1
2
1
1
1
2
0
2
0
6
1
1
2
1
1
1
1
1
1
1
17
1
1
1
3
-1
2
1
1
2
2
2
4
1
32
2
1
6
2
5
3
2
2
2
1
1
1
-1
1
1
4
1
1
2
1
1
18
2
15
1
2
1
2
1
1
0
9
1
1
1
9
3
7
1
2
2
27
1
56
9
7
1
1
3
2
3
263
0
3
1
13
1
1
1
16
12
2
1
23
0
1
1
10
2
1
3
0
1
34
1
1
5
2
1
0
15
1
1
2
152
1
0
1
-1
-1
-2
3
6
12
12
1
3
5
0
1
2
1
3
0
4
8
3
1
1
1
2
29
3
6
-4
5
1
1
0
13
2
3
1
1
2
5
3
1
1
5
1
1
0
3
3
96
2
3
3
1
1
3
4
3
9
2
9
0
1
10
67
1
2
3
1
2
1
1
1
4
1
2
1
2
-1
1
5
1
1
5
4
1
2
2
0
5
3
2
1
4
1
1
1
1
2
5
1
1
1
3
1
1
11
1
1
27
3
2
1
2
3
1
1
6
1
7
1
2
1
1
3
1
3
1
4
2
1
1
2
1
2
2
1
4
2
1
3
3
4
18
7
2
1
9
7
2
1
8
14
13
-2
2
6
0
1
1
4
3
0
1
1
7
1
3
1
1
1
1
1
1
2
896
-3
4
5
6
1
7
1
1
6
11
7
3
1
7
13
2
7
9
2
1
2
1
1
1
1
0
1
2
2
3
1
1
402
2
3
3
2
1
8
3
1
3
1
1
2
17
1
2
1
1
1
4
1
8
2
1
3
2
-11
1
2
1
7
2
2
5
1
1
7
4
1
19
1
3
43
-1
2
2
2
16
1
1
-1
6
-1
1
1
6
0
4
1
0
2
15
54
3
2
1
1
0
2
4
1
1
1
1
1
4
7
1
3
1
1
11
1
1
1
1
7
1
2
5
2
1
3
0
3
1
1
1
5
1
10
1
18
2
6
2
-2
1
1
1
2
15
2
2
0
1
0
1
1
-1
3
2
-2
1
3
2
1
1
1
3
5
17
16
1
5
7
1
6
-1
4
5
5
16
2
10
1
3
-1
1
3
4
2
1
1
3
2
1
1
2
1
1
1
6
1
1
1
10
2
1
1
2
1
1
2
1
0
-4
-3
1
1
1
3
-5
7
1
2
12
2
-10
1
4
2
0
1
1
2
53
1
2
1
2
3
3
1
1
1
1
1
-1
5
7
2
1
-2
3
1
1
1
2
13
1
3
1
2
5
1
-1
-10
1
3
1
7
1
1
2
19
2
1
355
2
1
18
2
1
2
1
2
11
1
2
9
6
1
0
1
7
-3
16
1
17
333
1
-1
2
9
-4
2
2
1
1
2
1
2
3
4
0
0
1
1
3
2
5
0
2
-1
0
1
1
6
25
3
1
1
1
1
3
0
1
3
12
1
1
1
5
1
0
3
1
7
4
16
48
1
2
1
2
2
1
2
1
1
2
3
1
2
9
3
1
2
3
0
0
14
2
2
1
1
1
1
0
2
7
0
1
2
1
3
1
1
1
10
1
1
10
2
10
33
1
1
16
1
1
190
1
1
1
1
1
1
1
3
21
1
1
22
3
1
-2
-8
3
2
39
8
3
10
3
1
24
1
1
4
2
1
2
3
23
4
3
2
2
9
2
-6
4
1
6
5
1
2
0
2
2
2
-6
3
3
9
1
2
1
1
3
3
1
14
1
29
0
2
2
3
3
1
2
5
4
1
1
1
2
1
1
1
3
1
1
0
1
2
1
3
1
2
1
4
1
2
12
1
4
2
1
2
4
0
2
8
11
5
6
1
1
1
5
1
1
1
1
2
1
1
0
11
2
4
3
2
12
4
2
1
2
-4
26
4
15
3
2
7
5
1
13
-2
1
8
1
3
1
3
8
2
1
-7
2
2
-4
1
1
9
5
1
1
4
1
1
133
0
1
0
5
4
9
8
19
1
6
3
1
1
4
3
1
1
2
1
1
1
2
8
1
5
2
8
1
1
-8
6
1
2
4
1
0
2
2
1
2
1
1
2
3
1
1
1
-2
3
2
1
1
1
1
1
7
2
8
3
21
1
-1
4
5
3
1
1
1
4
1
2
1
3
7
3
1
1
1
1
5
1
2
1
8
1
1
1
2
175
1
1
6
3
1
3
1
1
1
6
2
1
2
1
1
5
5
0
1
1
3
-4
1
1
1
1
1
1
1
1
1
1
3
1
2
2
1
1
13
0
1
1
1
2
2
144
1
2
1
2
1
1
5
4
1
6
1
1
1
1
1
0
1
1
3
3
0
18
2
2
4
1
1
2
1
7
10
1
23
6
1
13
2
1
1
1
13
-2
2
2
1
2
0
1
-14
1
-1
1
1
1
3
2
1
2
1
1
-2
1
4
1
3
0
0
2
1
3
0
3
1
1
4
3
10
2
1
1
1
1
4
-1
3
2
-4
2
2
0
1
1
10
3
1
1
-1
2
20
1
-1
1
1
1
4
1
6
1
12
1
2
2
-3
1
1
4
10
6
1
3
5
1
1
1
1
9
2
0
0
1
10
3
19
2
2
1
0
12
-2
3
2
1
0
2
2
3
0
2
3
2
1
1
1
-2
1
2
1
0
1
-1
1
2
2
41
0
2
0
0
2
4
1
2
1
5
2
-3
6
-1
2
5
1
1
1
1
5
4
1
1
3
1
0
5
1
1
1
2
1
15
1
0
10
2
1
1
3
3
1
2
2
1
2
6
2
1
11
7
2
1
1
8
2
1
2
4
1
1
3
1
1
1
1
1
-3
1
12
2
1
1
1
4
-4
2
1
1
1
1
1
1
3
1
1
33
5
1
1
2
3
0
1
1
-6
1
1
7
-1
1
2
-1
1
1
4
2
0
1
1
1
2
2
2
2
1
2
2
0
2
1
1
3
4
0
1
2
1
1
1
2
1
1
2
-6
1
2
6
11
2
2
11
3
8
5
2
2
1
1
2
1
1
-5
2
0
12
0
1
2
0
2
2
74
3
2
3
15
1
6
-2
3
2
8
4
17
11
6
3
2
2
1
0
6
2
0
8
1
0
0
2
2
0
6
0
9
3
9
43
2
3
-1
3
38
4
1
3
3
29
0
1
7
17
5
1
3
11
-1
1
3
3
2
1
1
6
9
1
2
6
1
-1
1
3
0
2
1
2
2
1
1
1
6
1
1
5
5
3
1
3
5
1
2
3
1
1
4
2
1
1
2
1
1
3
1
2
1
3
1
31
2
2
1
2
2
1
3
2
1
8
51
1
1
1
3
0
0
3
1
2
1
3
1
1
2
3
1
1
16
1
9
4
1
3
3
41
7
1
4
3
2
1
2
3
1
3
0
5
1
9
1
14
1
1
2
3
1
1
2
1
2
3
2
6
1
1
2
1
3
0
1
7
5
1
2
1
7
3
5
0
1
5
1
3
1
1
1
1
1
1
1
2
2
3
1
1
14
4
1
1
4
0
6
-5
1
1
2
1
1
1
1
4
3
3
2
1
1
1
3
5
11
3
3
2
3
19
6
1
2
-2
4
1
0
8
1
10
8
55
1
3
0
2
1
1
4
9
1
5
1
0
0
11
2
49
24
1
-1
1
2
15
2
-2
9
0
12
1
2
1
1
3
3
3
-1
1
28
1
0
6
5
2
2
8
1
1
2
2
1
1
1
2
2
1
1
1
1
4
1
6
1
1
1
-8
1
5
2
3
-1
2
4
1
2
1
2
2
2
2
4
2
1
2
2
2
2
0
1
1
2
0
1
1
1
1
2
5
2
1
1
2
2
2
5
1
1
1
1
1
1
1
3
1
4
-1
1
0
9
4
2
1
1
1
11
2
21
2
1
1
1
0
1
2
2
2
1
3
2
2
2
3
74
2
2
4
1
2
0
2
62
3
1
1
1
1
1
2
2
7
3
2
1
2
3
1
1
9
1
1
2
1
1
1
5
1
3
3
1
3
1
1
3
1
1
2
5
2
1
2
5
0
1
9
1
2
1
2
-1
15
1
1
11
2
1
0
10
4
19
2
3
20
4
-7
47
2
7
2
1
1
0
3
2
-3
1
15
2
4
2
7
1
3
2
20
5
1
1
1
1
1
3
5
1
12
5
1
3
9
1
2
2
1
3
2
2
2
1
1
1
1
1
1
2
8
2
1
1
2
1
2
1
1
2
1
11
4
2
0
9
2
3
1
-3
1
2
30
1
2
1
1
1
7
2
11
3
258
0
2
1
4
3
1
32
7
1
2
7
1
9
2
32
5
1
1
2
0
1
3
1
1
3
11
1
1
1
0
2
1
1
5
5
1
0
1
1
1
1
1
1
1
2
1
2
1
-1
1
3
1
1
6
2
24
2
-2
1
1
3
2
1
1
5
-1
2
1
1
12
1
11
2
6
1
1
3
13
1
1
1
1
1
1
2
2
2
1
-6
1
228
1
0
1
1
1
2
1
1
28
1
9
1
47
1
5
16
1
3
2
1
42
8
2
1
7
15
1
1
11
3
1
2
1
1
1
1
2
3
1
4
-2
3
2
2
1
1
12
1
1
1
1
4
1
0
0
1
9
9
1
53
1
25
2
33
15
1
1
7
1
1
4
2
2
1
1
2
-9
3
3
2
1
3
1
4
0
3
2
14
2
1
5
2
1
1
2
4
1
1
20
4
2
1
2
1
2
2
1
1
1
3
3
4
10
1
4
30
2
2
1
3
2
1
727
1
4
3
1
0
1
5
12
3
5
2
2
2
1
1
1
2
2
2
3
2
2
2
3
0
2
11
2
1
1
1
1
1
1
3
2
1
2
2
1
1
1
2
-1
0
1
1
1
1
1
2
5
43
36
1
2
1
2
1
5
11
1
1
1
2
7
1
-2
2
12
1
2
5
2
1
1
1
2
0
1
1
2
11
1
1
4
1
0
1
2
1
2
6
1
9
1
0
2
7
1
1
3
1
1
10
2
1
4
12
1
13
1
1
1
0
0
14
6
1
1
1
-2
1
15
0
0
8
66
-2
2
1
2
2
-1
1
1
2
22
-28
1
1
1
3
3
1
1
1
2
1
1
9
1
4
2
1
1
1
1
1
1
37
1
1
1
1
1
1
1
1
1
1
2
3
1
2
2
1
2
1
3
322
1
8
3
1
1
3
-2
1
19
2
1
2
1
2
27
2
1
24
2
1
3
8
0
7
6
2
1
3
151
2
1
1
3
49
2
6
16
2
5
1
2
1
1
3
0
1
2
1
-4
2
1
2
2
4
1
2
6
3
1
7
3
0
5
3
182
23
1
1
727
-35
2
8
5
397
1
11
2
0
0
59
1
0
2
42
46
35
7
106
12
-1
9
0
4
54
41
-4
12
0
16
1
25
11
1
21
1
8
18
1
5
1
1
30
2
0
6
3
2
1
2
0
122
2
1
2
1
10
1
4
2
7
8
2
7
22
0
0
2
-49
-1
1
1
2
1
1
3
6
1
4
1
3
1
8
1
34
2
3
-1
-4
29
2
-5
1
1
2
2
1
5
1
-5
2
1
24
-5
0
1
1
3
6
0
5
6
0
4
1
2
12
2
-2
8
3
3
0
-2
2
1
5
2
1
9
15
2
2
102
2
4
2
3
18
2
1
1
0
6
1
4
2
2
6
-2
7
1
1
7
2
3
1
1
10
2
1
0
1
2
1
3
0
2
1
2
11
2
1
0
3
3
5
5
1
0
1
1
3
1
2
1
8
1
3
1
-1
1
1
1
1
2
1
4
1
1
2
2
3
13
2
1
1
1
12
0
1
0
-2
1
5
6
2
5
2
1
1
2
2
1
2
1
-1
1
3
1
1
1
8
2
-3
3
2
2
1
1
0
2
1
1
1
2
8
10
2
2
4
1
2
1
54
41
0
-1
-5
1
1
2
2
1
1
-1
6
3
1
1
1
0
1
2
7
136
1
2
10
6
8
27
4
2
3
1
4
3
4
5
4
1
3
0
1
1
2
0
2
2
5
1
1
0
13
3
2
5
1
3
8
2
1
7
2
6
1
5
4
20
1
3
-6
1
9
1
1
2
1
3
7
16
2
1
1
3
11
5
2
1
14
2
6
1
9
4
1
1
1
278
2
1
1
2
1
3
-1
3
2
1
1
2
2
2
2
1
1
1
1
1
1
1
3
1
1
1
2
3
1
0
1
1
535
0
3
3
8
5
-2
32
6
3
1
1
1
1
14
1
5
1
2
3
2
3
3
1
9
3
2
1
2
2
13
-4
3
5
0
1
1
3
2
1
12
1
1
2
1
1
2
-1
432
1
1
1
1
2
1
7
1
2
2
2
1
0
2
2
2
1
1
1
3
1
-4
1
6
1
1
2
1
4
3
1
11
1
-2
-1
2
-1
0
1
2
19
1
1
1
2
2
1
2
8
2
4
1
1
3
2
2
1
1
3
1
3
2
1
0
1
2
3
5
1
-2
1
4
1
8
1
1
1
2
2
1
21
0
2
1
6
1
9
11
191
1
2
1
1
328
2
8
39
4
0
0
1
6
2
2
4
0
2
9
3
5
15
3
4
2
25
-5
2
3
1
15
3
2
-3
17
2
16
1
1
1
1
3
1
1
8
2
1
3
1
4
4
1
1
1
1
2
3
1
2
1
1
1
3
0
2
2
6
3
1
16
0
-4
3
1
8
1
1
3
1
2
1
5
1
-2
4
-6
5
7
3
3
3
4
1
3
1
1
1
2
0
1
5
1
-2
2
1
1
14
3
0
3
0
1
3
7
1
7
0
1
6
3
-5
8
1
2
1
5
-1
129
1
1
1
1
1
-1
21
4
1
10
2
1
1
11
5
1
1
1
1
5
6
1
6
1
5
1
5
1
2
0
1
8
1
2
1
1
-4
1
1
10
2
1
2
3
5
1
5
1
5
5
2
0
2
10
2
4
6
3
2
2
2
2
1
1
7
4
2
1
2
3
10
1
2
24
4
0
1
0
1
2
1
3
1
0
1
1
2
-1
0
3
2
10
1
1
2
1
2
11
3
5
1
3
1
5
2
2
3
1
0
74
3
2
9
3
13
2
1
1
2
70
1
2
2
2
0
8
-1
7
2
2
2
1
5
1
2
-1
1
4
2
1
1
5
5
4
1
3
0
1
1
1
1
1
2
1
2
1
1
3
6
5
2
0
8
1
1
14
1
1
2
2
3
0
1
3
1
1
0
0
1
9
3
1
2
1
6
3
4
5
2
1
11
1
2
1
1
13
1
1
1
3
1
0
8
7
-5
0
18
1
26
1
2
12
6
1
5
6
1
1
3
1
1
-4
1
2
4
0
1
2
7
1
1
5
0
1
1
5
1
5
2
1
7
1
2
3
2
12
3
2
28
1
2
1
2
0
1
1
2
0
1
-2
-1
7
4
3
4
2
1
1
1
3
1
5
2
2
7
30
-1
4
0
-2
1
2
1
2
26
3
3
9
2
2
5
1
1
2
36
0
1
1
1
1
6
0
4
2
3
5
2
1
11
3
6
2
1
8
2
4
2
0
1
1
1
-1
3
2
2
3
1
1
1
1
19
1
1
2
1
-2
7
4
1
0
3
2
3
3
0
1
0
1
1
66
0
6
1
1
2
0
3
1
1
3
0
4
2
-1
16
2
1
2
0
2
0
2
1
1
2
1
2
14
3
5
0
1
21
1
5
12
1
-4
1
2
1
3
7
0
3
1
-6
3
30
3
8
10
2
11
4
1
2
4
14
1
-1
0
1
-2
-1
1
-1
7
3
1
3
1
-3
1
7
3
2
1
6
-1
13
1
11
-4
2
0
3
3
1
1
-3
1
1
7
1
3
4
1
1
2
4
-2
5
1
2
1
2
2
1
1
6
0
4
1
0
3
3
2
1
1
1
6
11
0
3
0
2
3
73
-3
1
1
0
3
2
0
92
2
2
1
0
1
1
1
2
1
1
1
1
2
1
2
13
2
2
1
2
5
1
5
27
2
1
1
3
1
1
1
1
31
1
1
6
2
2
1
1
3
1
-2
1
2
1
2
1
1
1
1
3
2
5
0
2
2
-1
-1
2
2
7
10
1
1
2
1
1
5
2
2
1
2
0
3
5
1
10
2
12
2
2
0
1
1
5
0
3
-1
2
15
12
1
3
2
0
1
1
1
0
4
-2
0
-3
3
2
4
1
1
1
1
3
1
1
4
2
1
0
6
2
6
1
3
2
6
1
3
1
3
-1
10
38
-2
17
2
3
-1
2
2
-2
6
1
1
5
28
1
-11
1
-1
2
5
3
0
6
1
4
2
1
9
1
1
0
2
1
1
0
4
1
1
1
3
2
1
4
1
15
2
1
1
10
13
2
1
2
1
3
1
1
1
1
1
1
3
2
3
-1
0
2
1
3
1
1
1
3
4
2
26
5
4
38
1
-7
1
15
1
9
3
2
21
2
2
2
1
24
10
1
1
1
3
5
1
2
3
2
1
1
22
2
4
1
6
2
-1
2
1
3
0
0
2
25
2
4
2
2
1
7
0
2
1
4
1
1
1
4
1
1
2
3
-2
15
8
-5
2
12
5
-6
3
1
1
1
1
26
1
1
21
3
1
9
2
2
2
1
7
2
-4
2
6
6
1
-3
8
21
2
3
2
2
10
1
1
2
28
1
1
5
1
-7
1
2
7
1
5
-6
2
-2
1
1
9
1
15
19
5
5
2
16
2
2
3
3
3
-7
-1
-12
3
1
2
1
1
1
12
-2
48
-1
3
1
1
1
7
5
3
2
2
1
-4
1
3
6
1
1
2
-1
5
1
2
6
2
5
15
1
3
3
2
-1
2
8
1
1
1
1
1
5
-1
1
1
1
1
1
2
10
0
3
1
2
1
1
2
1
1
1
1
0
1
2
1
3
7
0
1
2
1
14
1
-2
1
3
2
6
3
2
2
3
0
10
1
2
3
25
1
3
2
1
2
6
1
0
-1
18
2
6
1
1
8
0
3
2
2
1
2
5
3
1
9
3
1
2
-8
1
1
1
2
1
32
3
3
3
1
1
8
17
1
3
2
1
1
1
1
2
2
6
6
43
3
8
1
1
5
1
3
1
1
-2
1
0
2
14
-8
4
2
1
2
1
-2
1
50
6
2
2
15
1
1
4
-5
2
1
2
3
2
0
-4
5
2
1
8
1
2
5
1
1
1
5
7
1
1
1
1
1
4
1
2
2
1
1
2
2
6
1
1
2
18
9
4
1
1
1
2
1
7
1
-1
1
2
2
1
1
1
-1
1
3
3
1
1
1
6
1
-6
1
-3
-2
1
2
1
1
3
1
5
0
1
2
1
53
1
4
2
3
66
8
0
0
1
1
2
1
1
2
1
2
-3
24
2
1
-1
1
1
-5
-3
1
3
22
3
0
1
16
1
17
1
5
2
3
1
5
1
6
28
8
2
1
6
15
2
4
1
-2
1
3
2
0
0
67
4
1
1
1
8
2
0
5
1
5
2
1
1
2
-2
1069
68
2
0
1
2
1
-1
0
4
3
8
2
7
3
2
3
1
3
1
4
1
89
310
2
1
-10
1
2
1
1
1
1
0
4
18
8
0
4
2
44
2
1
71
7
1
-22
17
6
1
1
27
-3
1
69
2
1
1
1
1
1
1
1
1
1
1
0
1
3
1
8
1
2
3
1
-1
-7
1
2
10
0
5
1
3
3
-2
1
2
1
-1
1
1
1
2
1
2
4
1
3
1
2
13
2
1
1
5
1
1
1
0
1
1
2
1
1
1
1
2
1
1
3
1
1
-14
0
3
1
1
-2
1
-1
20
1
2
4
3
11
9
3
8
1
-1
3
1
3
1
1
1
1
2
4
-2
1
1
6
2
1
2
1
2
1
1
3
3
2
2
1
3
0
1
6
0
6
5
4
9
1
9
1
2
2
127
3
2
11
2
1
5
-7
2
13
2
1
1
2
-2
2
2
2
0
4
1
-4
-4
1
1
1
1
2
5
1
1
1
1
2
-1
2
1
0
1
2
2
-1
4
2
-1
5
2
1
1
2
1
14
1
4
1
9
1
2
12
1
1
1
7
5
6
1
1
4
2
2
4
5
2
1
2
1
1
1
0
5
2
2
1
1
3
1
2
4
2
2
1
1
-3
2
1
0
1
5
1
1
1
18
1
1
2
1
-2
1
2
11
1
1
2
7
4
2
-1
2
1
13
1
1
1
1
2
1
-1
1
1
1
1
1
1
1
3
2
-10
1
5
3
1
2
-1
1
0
1
1
6
4
2
6
2
2
3
1
2
11
6
6
1
1
1
1
1
2
11
1
2
1
1
3
3
-10
10
12
1
2
90
14
-4
1
0
7
2
-1
8
17
2
8
4
33
-3
6
3
1
0
0
2
2
2
1
2
6
1
1
12
7
3
1
1
0
1
2
3
4
0
3
-1
16
2
-1
1
2
1
0
1
3
1
0
2
3
1
0
1
1
1
1
1
1
1
-1
1
1
1
3
1
1
0
1
3
-1
1
1
1
2
2
1
1
1
1
0
1
1
1
2
1
2
1
1
1
4
2
1
1
0
6
2
460
11
0
7
1
13
1
3
2
14
4
1
1
1
0
1
23
2
3
1
2
3
4
1
2
1
2
42
1
1
2
1
1
6
2
1
4
1
1
1
2
2
1
2
1
14
3
6
0
11
5
5
12
3
0
1
0
3
1
1
1
1
2
1
1
2
1
2
2
1
1
2
6
3
3
1
3
1
1
3
3
1
1
4
1
1
8
6
0
2
3
34
17
1
1
4
2
1
5
2
2
-2
2
2
42
1
-3
2
1
1
2
-2
2
1
47
0
1
1
10
2
1
41
93
3
-1
-4
1
15
1
1
3
2
1
-1
2
1
2
10
2
1
1
1
0
3
1
2
2
5
2
0
1
5
1
1
2
1
1
1
-5
13
1
1
-2
3
1
-2
3
3
3
2
38
3
1
1
1
1
1
2
1
1
1
1
6
2
1
-1
1
1
2
1
1
5
1
1
0
1
1
1
3
0
2
0
1
1
4
1
2
3
3
1
1
1
7
1
3
1
11
3
3
1
2
3
1
1
3
1
1
1
1
1
1
1
3
2
1
7
0
3
2
1
1
1
17
1
2
1
4
1
1
1
3
1
1
3
1
3
6
2
1
1
0
2
208
13
8
1
9
2
-1
1
1
1
2
1
1
25
1
2
11
86
3
10
5
-1
3
-5
1
-4
2
1
7
1
-4
2
2
498
4
1
1
1
3
1
1
1
3
3
6
2
2
1
1
-3
0
3
1
1
1
33
5
2
40
11
1
3
3
1
1
7
2
51
1
2
3
1
1
1
3
3
1
17
3
5
2
2
5
2
1
2
4
-1
8
1
1
2
1
3
15
6
2
2
2
2
1
1
2
2
2
4
1
1
2
1
3
4
1
2
2
1
0
1
4
1
1
1
0
2
1
0
-1
1
1
3
2
3
1
2
2
-7
0
2
1
3
1
9
3
16
-1
10
0
2
2
2
0
0
2
2
3
40
1
2
1
-1
3
1
-2
2
-2
1
1
1
7
12
1
1
0
1
69
0
2
1
2
244
1
3
1
3
3
1
2
2
0
1
1
1
-2
1
2
1
10
0
1
1
1
1
0
1
2
1
1
2
5
97
2
1
1
2
82
1
2
0
6
1
1
1
0
2
29
2
1
1
2
137
2
3
2
2
2
3
2
2
3
58
-1
1
2
2
2
1
3
13
4
0
1
3
1
3
69
2
3
2
1
2
1
1
2
2
1
2
1
1
2
1
-19
1
1
3
-7
-11
-5
11
1
1
-10
5
2
6
1
3
2
8
1
-23
3
3
-6
4
3
1
-1
16
7
1
2
1
7
1
2
-4
1
1
1
5
1
3
0
0
8
0
2
1
17
2
2
1
3
3
1
3
1
1
1
1
1
2
1
2
5
3
11
1
16
13
2
1
1
13
2
0
3
0
2
16
7
25
1
14
6
2
6
3
2
1
4
15
2
9
-3
0
2
1
8
3
2
1
15
3
1
8
4
1
2
2
7
1
3
2
1
4
0
-1
7
2
2
1
6
2
2
1
1
15
17
1
3
1
1
2
2
2
1
2
5
16
8
1
3
2
19
4
1
5
2
6
-3
7
2
2
1
1
1
35
1
1
6
2
-1
3
1
3
2
3
1
-5
1
2
2
4
1
146
-2
8
3
1
10
7
1
4
1
5
-1
1
-7
2
1
2
2
1
2
2
4
5
4
2
93
-6
1
2
1
1
1
1
2
2
-1
3
-1
1
9
6
3
3
2
2
3
7
2
3
3
3
5
1
3
-1
2
1
27
3
1
3
1
2
4
2
1
-1
4
3
1
4
3
3
8
-1
3
1
1
2
3
1
1
1
-1
2
2
7
1
3
6
3
1
1
1
5
3
-1
0
-5
2
3
9
2
2
5
1
0
18
1
1
0
-2
1
1
-6
-4
20
1
4
-12
1
5
1
2
1
1
3
1
-1
2
3
5
1
2
3
2
3
8
1
2
-3
4
2
-2
1
9
3
3
2
4
-5
2
2
1
5
3
1
1
3
1
5
1
1
8
2
2
3
1
1
4
7
1
1
1
4
1
1
2
1
1
1
2
-1
-4
1
0
2
2
1
1
1
6
1
5
1
1
3
12
1
70
1
0
1
1
1
1
2
4
1
1
0
9
1
5
1
2
-1
2
0
4
2
1
0
6
6
1
1
3
1
1
5
2
1
1
0
6
3
1
2
2
2
4
1
18
2
1
-8
2
17
1
0
1
2
2
12
1
2
4
1
2
3
1
1
2
10
-1
0
0
2
1
1
2
1
2
1
1
3
1
3
9
1
1
2
8
4
3
1
0
3
1
1
12
15
2
5
1
1
1
1
1
4
1
1
1
1
3
1
2
1
1
1
1
1
3
3
-3
1
2
1
1
1
2
2
1
3
1
1
2
3
1
0
11
1
-1
8
1
2
6
1
1
7
2
2
3
2
1
1
2
30
1
-1
0
18
0
1
1
1
6
1
2
2
6
4
2
-2
9
1
3
1
0
1
3
1
3
3
1
2
5
1
3
12
14
2
6
0
3
-7
1
1
3
1
2
4
2
1
4
3
1
1
1
4
0
2
8
0
17
2
1
6
6
1
-7
3
1
1
4
-6
-1
9
1
12
47
1
1
-2
1
1
30
2
1
6
3
1
1
1
1
22
19
2
2
1
50
29
4
1
9
-1
121
1
2
5
2
-1
1
8
-2
6
2
1
0
2
2
3
2
3
2
1
14
48
0
1
-1
2
1
3
1
1
1
1
1
9
3
6
2
0
-1
1
1
1
1
1
1
1
2
1
2
6
5
53
1
10
0
1
1
8
1
1
0
1
2
5
10
1
1
1
-5
3
1
2
-7
1
1
5
1
2
1
5
17
1
1
1
1
1
1
6
1
1
2
3
5
2
1
4
5
7
15
1
1
4
-2
8
1
2
-6
1
-4
1
62
14
2
6
2
2
134
1
1
1
3
3
2
16
1
0
10
2
2
0
3
4
14
4
8
2
0
1
1
1
7
1
2
1
1
0
1
2
1
2
13
2
-2
3
-2
2
9
6
1
2
3
1
1
-1
57
2
2
0
11
1
3
2
-1
2
1
2
2
1
2
15
22
2
12
-2
2
3
5
2
5
1
10
3
9
5
1
1
1
2
2
4
2
1
3
1
1
2
2
1
12
1
2
1
1
1
1
2
1
2
1
2
1
-25
1
1
9
1
1
1
2
1
1
1
3
-2
10
1
2
214
-7
1162
1
1
0
1
0
39
16
-1
3
6
52
1
26
70
3
14
2
0
3
22
4
0
29
5
3
-3
1
1
16
27
0
9
2
15
1
0
-5
2
69
6
2
100
23
0
17
2
7
1
1
-5
10
2
3
139
38
20
165
1
1
12
1
1
27
6
20
3
2
1
11
1
1
11
2
6
1
1
1
69
1
2
1
2
3
2
2
-1
5
1
2
1
2
227
2
1
2
3
-13
14
-1
1
21
-1
5
-6
-4
1
2
7
1
1
1
18
-1
1
1
1
3
3
20
1
-1
1
34
1
1
1
2
2
13
2
0
3
3
1
2
1
1
1
0
5
0
2
1
3
2
-11
2
-1
2
40
10
2
8
3
5
5
18
37
0
1
3
1
28
2
0
1
3
2
9
2
-11
2
4
1
1
2
3
1
2
16
4
-6
5
1
-1
51
2
2
1
2
0
6
2
1
2
1
2
1
1
2
2
1
2
2
2
5
2
2
2
17
2
1
5
1
0
2
15
7
-1
9
1
369
-1
1
-1
10
1
2
0
3
6
-2
0
2
0
3
2
2
1
3
3
1
-1
1
2
282
-6
1
-9
2
0
1
1
-4
1
1
1
2
2
16
8
14
2
22
3
-1
61
1
0
-1
3
1
2
3
-7
1
-4
1
36
1
0
1
1
2
13
26
10
2
1
1
1
3
1
15
1
2
1
6
2
1
2
7
2
5
1
-1
2
19
0
1
-1
4
4
3
2
28
3
1
3
1
9
3
1
2
1
1
-3
2
1
1
2
32
12
9
1
1
1
5
2
3
1
2
2
1
1
0
1
2
2
2
7
1
1
0
3
2
1
1
1
2
1
0
1
0
0
2
3
1
0
1
-3
5
1
0
4
1
1
2
94
1
2
1
1
-12
1
1
0
7
11
0
10
1
1
10
1
10
1
34
2
13
0
4
1
0
13
1
1
1
1
1
8
1
4
11
1
0
2
1
3
10
1
1
3
-2
5
1
1
1
1
10
1
1
2
1
1
1
1
1
2
2
3
1
4
7
1
1
1
6
2
2
-6
3
13
1
2
1
2
1
2
1
1
1
2
1
1
1
1
-2
2
8
2
2
1
2
2
4
1
1
1
94
1
1
1
0
1
3
1
3
7
1
