8
5
12
2
2
5
1
2
4
2
2
1
1
2
2
1
1
16
2
1
2
3
0
4
1
1
3
3
6
1
7
1
1
13
32
2
3
1
17
14
2
4
2
11
1
20
10
4
1
1
1
8
1
10
1
1
4
2
7
5
1
1
6
-8
1
8
14
37
3
2
1
23
1
4
8
1
5
3
6
1
1
1
1
2
2
2
2
62
2
10
6
1
1
6
8
1
1
1
2
2
1
1
0
2
1
0
2
3
1
1
3
1
1
2
2
2
2
6
2
2
1
1
2
4
-1
1
1
3
1
2
0
6
1
1
2
2
1
3
2
1
2
29
-7
1
1
28
1
7
-7
2
1
1
1
1
-1
1
3
4
5
1
1
8
1
1
1
5
-2
-2
5
0
2
1
3
-1
8
1
4
1
1
-6
2
2
6
0
15
4
4
2
1
1
1
3
10
0
6
11
20
1
1
5
1
-3
13
1
-3
2
7
1
5
2
0
2
2
8
1
1
10
1
5
1
1
1
-3
5
2
0
3
1
2
3
3
1
3
3
2
2
-2
-5
0
11
-1
2
1
1
2
3
3
4
6
1
23
2
22
3
14
0
6
3
1
1
0
3
1
1
1
1
4
0
1
0
-3
1
2
1
3
2
0
1
7
1
1
1
1
2
8
0
2
2
1
1
11
80
3
4
1
10
2
1
5
2
3
1
5
3
3
2
1
2
1
1
3
7
3
8
4
2
10
7
-1
30
2
3
2
2
100
1
65
1
1
7
17
-4
9
6
10
8
108
1
2
3
4
1
4
6
2
1
2
3
1
2
0
4
1
3
2
7
49
1
1
25
1
-10
3
2
1
1
1
3
7
1
3
1
1
29
-22
11
3
1
11
10
2
6
2
1
2
2
1
1
2
6
2
2
3
5
1
3
2
2
1
10
3
1
3
1
1
1
1
1
-8
3
2
4
2
-1
6
1
1
2
2
1
2
1
3
1
1
6
2
4
12
1
1
5
2
1
1
1
1
1
3
1
2
502
6
2
1
1
5
1
3
1
3
43
4
14
1
1
5
1
20
5
1
1
1
2
0
1
2
5
2
0
2
3
1
1
1
3
1
15
3
1
1
1
1
1
1
5
3
2
1
2
7
3
1
1
5
1
2
5
1
0
2
2
3
11
4
1
1
-5
1
2
5
1
0
1
3
10
6
2
7
7
9
2
1
1
1
4
1
1
2
4
1
2
2
1
-1
1
3
1
1
2
7
1
3
1
2
0
3
1
15
2
1
3
1
10
1
1
1
1
1
2
6
1
2
5
1
1
2
2
1
7
16
2
-2
1
1
1
21
1
2
4
0
1
4
1
2
1
20
48
3
0
2
3
1
3
1
1
4
6
2
2
8
2
2
2
4
3
-1
2
1
2
1
3
2
6
1
1
2
1
2
1
2
6
1
4
1
2
3
1
1
2
1
1
3
1
15
2
3
-1
6
1
1
6
1
2
1
2
5
1
1
1
1
8
2
1
2
8
25
0
2
2
18
0
1
5
0
1
2
7
90
1
3
5
-5
1
3
1
1
1
1
1
2
1
1
-1
1
9
1
0
9
1
1
2
3
1
1
1
0
6
2
4
1
2
-2
1
1
1
1
1
1
11
1
1
2
1
3
1
6
1
0
1
1
2
0
1
1
3
1
1
3
1
1
1
0
1
2
3
1
2
5
2
2
2
2
3
3
2
3
2
1
4
3
2
6
2
5
2
5
1
17
3
2
2
1
3
4
16
-7
1
2
7
2
3
2
1
2
1
1
0
1
1
1
6
30
25
12
0
3
2
2
7
1
1
5
3
1
-6
1
1
19
1
1
12
1
9
8
7
8
1
7
1
0
1
3
5
14
1
1
1
2
-3
4
2
1
7
1
1
8
1
2
1
1
1
13
0
13
8
3
3
6
9
1
3
1
1
1
0
1
1
2
1
1
1
15
-2
1
3
6
0
3
3
3
2
6
2
4
2
3
10
2
2
8
1
5
5
2
3
13
1
2
1
1
1
5
0
-11
1
1
3
7
-14
1
1
1
3
13
1
0
1
0
2
4
2
6
1
-3
0
2
0
1
2
1
1
2
21
9
8
1
1
6
7
9
4
1
2
0
1
2
0
3
3
3
2
1
3
4
-7
1
1
3
2
2
1
2
3
-2
34
5
1
1
1
1
1
1
1
1
0
1
2
3
2
5
3
2
11
1
0
7
1
1
1
2
2
1
1
1
3
1
1
1
2
2
1
12
6
44
5
3
-1
8
-5
-1
14
3
2
1
2
9
11
-3
1
2
17
1
0
5
3
3
2
4
2
1
1
0
2
1
0
1
0
1
0
3
4
1
2
2
1
1
7
7
1
3
1
1
-1
1
1
1
3
1
2
2
1
1
1
1
2
1
1
1
1
2
3
2
0
1
1
1
1
1
3
1
2
3
1
1
2
6
3
4
1
37
2
3
19
1
6
2
1
3
2
1
5
1
1
2
0
1
1
13
2
3
3
1
2
1
1
-1
1
1
10
2
1
3
1
3
1
2
1
5
3
2
3
1
1
3
3
1
1
8
4
3
6
1
3
8
1
2
2
2
2
1
6
1
3
7
2
3
2
7
9
8
1
3
78
2
20
3
0
3
1
10
4
1
16
16
44
1
12
3
5
4
1
2
2
8
1
6
4
0
1
-20
1
24
2
1
1
13
2
1
3
9
18
2
4
0
2
5
11
0
0
7
1
5
-6
4
1
2
-2
1
3
-3
2
1
1
1
1
1
1
10
5
3
2
1
1
1
1
0
1
5
0
1
1
3
3
-1
1
2
25
0
-2
3
1
2
2
1
3
2
6
6
1
2
6
3
9
2
7
1
0
-2
6
2
1
1
3
1
3
0
5
1
1
2
1
1
5
1
1
2
1
7
1
1
1
3
1
2
1
1
1
2
1
8
1
11
12
1
25
1
19
1
0
1
1
1
1
10
1
1
1
2
8
1
2
1
-1
1
1
0
1
0
29
1
1
6
-3
5
3
1
1
-2
0
1
3
1
1
1
2
1
1
1
1
4
3
1
2
1
5
2
1
2
2
2
1
3
4
1
7
2
1
4
1
0
1
3
1
3
0
1
3
1
11
1
2
1
-2
1
1
1
3
1
35
2
1
2
4
1
1
7
3
6
0
17
8
12
1
0
2
1
-1
20
1
1
1
68
1
4
0
1
6
14
2
3
2
1
1
1
2
1
-1
1
1
2
7
4
1
-1
1
2
8
1
-2
5
2
2
1
0
7
3
2
1
2
1
6
3
1
1
5
4
1
6
2
3
1
37
8
11
2
26
1
2
1
8
8
5
1
25
27
5
4
6
3
1
2
2
11
7
3
0
2
1
2
1
0
1
5
1
14
13
-2
1
1
7
1
2
1
4
6
-1
1
0
4
0
1
3
14
1
1
0
3
3
0
3
2
1
4
1
3
1
1
16
1
3
2
2
1
2
4
1
2
-1
1
3
2
1
1
3
0
3
0
1
1
-1
1
2
4
2
-1
1
0
2
10
1
2
3
2
1
6
1
1
2
0
11
1
3
2
3
1
2
1
369
1
1
2
1
3
-1
1
1
1
1
38
12
4
0
1
1
1
1
1
1
23
6
4
1
0
1
4
1
3
5
5
29
1
1
2
7
1
7
1
1
-3
1
3
5
2
2
17
4
0
30
15
1
1
2
3
3
1
6
1
-1
0
1
2
3
1
0
0
8
5
-8
2
3
3
3
0
4
12
2
2
1
3
3
2
0
7
2
1
6
2
1
8
5
4
2
4
0
1
-1
5
0
8
0
5
2
1
1
1
1
3
-1
2
2
3
2
5
14
3
7
-2
2
2
1
1
2
1
1
1
2
2
1
2
5
14
1
-5
1
2
1
1
5
2
1
1
1
1
1
2
5
2
1
0
1
5
4
3
1
1
2
6
5
2
1
23
1
9
7
1
0
9
1
1
-3
1
1
0
1
1
0
1
3
1
7
23
7
2
1
32
55
1
5
8
-3
30
1
0
-5
9
3
10
2
0
2
-2
1
1
14
98
-1
1
3
2
11
10
3
4
8
5
1
5
2
4
7
3
2
0
6
4
4
1
2
1
2
1
1
4
1
2
1
1
2
1
3
2
1
1
2
1
3
2
3
1
2
-1
2
1
2
0
1
-1
7
1
1
1
1
1
3
1
30
1
1
4
1
2
7
5
1
1
1
2
0
3
1
1
2
1
2
1
-3
0
1
1
1
1
3
1
1
2
1
1
2
2
1
1
2
1
1
1
-7
1
9
1
1
-3
2
1
1
-4
1
3
1
2
1
0
12
2
1
1
1
2
3
5
14
24
0
14
1
3
5
1
1
2
3
1
24
20
3
1
1
1
7
1
1
4
2
-8
31
0
1
12
1
1
-3
15
8
2
1
1
2
2
1
7
2
2
2
4
7
2
15
1
10
5
9
2
5
1
3
2
6
1
3
4
0
2
1
2
0
1
1
6
2
1
7
-1
25
1
1
2
4
8
12
1
1
3
1
11
2
7
1
-7
0
2
8
11
2
1
1
1
1
1
1
2
0
1
3
1
1
3
-4
5
2
2
1
1
2
1
2
1
5
1
1
2
4
2
1
10
2
2
1
1
2
1
1
1
1
6
3
7
1
65
2
7
2
1
2
2
1
1
3
1
2
3
1
1
3
2
2
2
1
1
1
1
1
3
1
1
1
1
1
2
2
2
1
1
1
1
2
2
2
1
6
1
-1
1
2
1
1
2
2
1
3
14
1
3
5
14
1
1
1
3
-4
2
3
3
2
2
4
2
9
3
24
9
1
4
1
135
1
1
-6
1
5
1
1
9
12
2
1
12
1
-14
1
12
-1
29
0
4
5
23
2
15
2
-6
3
3
1
-1
5
3
1
3
-1
6
2
-2
8
1
17
-8
16
8
1
23
6
6
-9
2
4
3
2
5
3
1
3
3
6
-2
5
2
1
1
2
3
1
5
13
3
8
6
1
1
3
12
3
1
4
0
1
3
3
0
3
0
3
0
4
1
3
2
11
0
1
1
1
-2
2
1
5
-1
2
2
13
3
2
2
0
6
1
2
13
1
2
18
3
2
2
5
2
1
4
1
3
2
2
1
1
1
1
2
3
3
1
2
0
2
1
2
1
1
7
3
0
2
1
3
1
1
5
1
4
3
1
3
19
1
0
0
1
2
3
3
1
7
-1
2
2
16
2
3
1
1
3
4
2
1
1
0
2
19
1
2
-1
2
109
1
2
10
1
1
6
42
-4
1
1
2
1
1
82
13
3
5
22
10
57
4
124
49
1
1
3
1
74
0
4
1
305
1
5
3
5
1
1
4
8
2
-1
4
3
1
1
2
19
0
11
54
30
1
125
6
2
0
12
6
1
1
18
1
19
0
-4
2
1
-1
2
1
1
3
10
1
1
-1
1
4
1
1
3
0
1
4
1
63
2
36
1
9
1
2
1
219
1
4
1
22
-1
1
2
14
1
0
0
1
5
1
1
1
3
4
1
-1
8
3
1
0
1
3
3
1
1
0
0
1
1
1
1
1
1
0
1
29
3
1
7
73
1
9
1
25
52
1
1
0
1
0
43
1
-4
1
1
1
1
1
1
1
1
1
1
3
1
1
1
2
8
1
1
1
1
1
2
-4
3
1
1
1
1
1
0
1
1
-3
3
1
-2
1
1
1
2
3
1
3
1
3
2
1
2
1
1
3
1
1
1
9
1
5
2
1
2
2
4
1
1
2
2
1
4
1
1
0
3
3
6
1
1
7
1
2
5
2
2
2
1
1
1
2
1
1
6
2
1
1
1
2
1
1
1
1
1
1
1
1
1
1
1
3
1
2
1
2
11
3
-32
1
1
2
1
1
1
1
2
1
2
7
1
11
3
1
1
1
2
1
1
1
3
11
0
-1
2
1
1
1
1
16
1
1
2
0
1
2
2
3
0
3
1
7
8
2
0
2
1
1
2
0
1
1
1
3
1
1
2
1
3
0
1
1
1
1
1
1
1
1
1
-3
5
1
1
1
2
2
1
2
2
0
1
1
1
2
2
1
1
1
1
66
6
1
1
1
1
1
2
3
0
1
1
6
5
-2
2
1
1
0
3
4
1
1
4
1
7
7
18
5
7
0
-6
7
1
3
1
2
1
0
1
5
5
1
5
2
3
3
2
2
4
2
1
1
1
1
46
1
11
5
4
2
2
3
3
3
2
0
2
3
1
2
1
2
2
1
1
1
1
0
2
1
1
-3
0
1
3
2
1
1
1
2
2
21
3
3
2
10
3
3
2
-1
1
1
1
2
2
2
3
1
1
9
1
1
1
2
4
1
1
1
3
44
22
1
6
-3
1
1
1
9
2
1
6
1
1
1
4
11
7
3
1
2
3
-4
3
2
1
2
1
1
3
2
3
2
4
10
1
5
1
12
-18
1
3
1
0
-4
-1
1
2
1
1
6
4
1
1
2
1
7
2
2
2
1
1
-2
-1
8
0
1
1
0
2
4
4
4
1
2
-1
2
3
4
3
6
12
19
1
2
2
9
0
1
5
4
1
4
1
2
2
4
1
3
6
3
7
5
-1
2
2
2
2
2
2
0
5
3
1
3
1
3
2
-6
2
1
3
1
2
1
5
3
1
-4
16
0
0
1
4
6
1
1
2
2
2
2
2
1
-6
2
3
1
2
2
3
5
6
-3
38
7
1
5
2
2
2
-1
1
2
1
-2
8
1
1
-8
0
11
1
1
3
3
5
1
2
3
2
6
1
2
14
5
5
6
1
11
4
4
1
2
3
3
1
2
7
1
5
1
1
1
5
1
2
2
1
4
7
1
1
1
3
2
12
1
1
2
1
2
2
1
0
1
2
1
1
2
1
5
2
9
1
2
-1
4
3
3
1
1
2
1
10
1
14
22
8
5
1
2
5
1
2
1
1
0
1
13
2
2
20
1
8
5
-2
1
1
10
25
3
1
0
1
1
1
11
5
12
3
1
61
1
6
6
1
1
7
2
1
3
2
1
1
10
1
1
7
1
3
3
1
2
1
0
2
1
3
0
1
0
10
-10
1
-5
1
10
12
2
164
6
1
2
1
2
5
2
1
2
6
1
0
13
1
2
47
2
2
4
6
1
1
2
1
3
4
2
1
1
2
2
3
3
2
1
1
8
1
7
1
1
6
1
1
1
5
2
1
22
5
18
1
0
4
0
1
1
9
4
0
3
17
4
1
1
1
2
1
10
2
1
5
6
2
1
1
4
3
11
3
3
2
2
2
1
1
1
0
5
5
7
3
1
2
3
2
2
0
1
6
2
1
2
7
2
1
7
1
1
3
1
3
5
0
3
1
1
4
3
3
3
3
0
3
4
1
2
2
3
2
1
2
1
5
7
1
1
0
1
1
3
1
1
28
8
1
-2
2
1
5
1
3
2
1
1
2
1
-1
2
1
8
1
2
6
7
54
3
2
2
2
2
0
-3
1
3
19
1
3
1
1
1
1
3
1
-2
0
3
1
7
5
3
1
-2
4
0
-1
1
0
2
3
3
0
-1
8
1
1
8
22
3
4
2
1
8
1
1
1
0
1
1
0
3
1
2
1
2
2
2
2
2
2
1
1
7
3
1114
8
1
1
1
13
1
1
2
1
1
61
4
3
3
3
3
12
4
1
3
1
1
1
2
-1
1
1
2
2
101
6
2
6
1
-11
4
1
8
2
1
1
1
1
-1
1
5
2
2
5
2
2
7
-3
14
3
12
2
31
0
4
4
1
14
9
2
2
1
2
1
3
3
9
1
0
4
1
1
1
0
1
3
6
11
4
1
4
1
9
1
2
-3
53
8
2
7
1
2
1
1
19
9
4
2
2
1
36
1
5
6
2
1
17
1
2
2
2
15
0
7
-1
2
16
0
-2
2
4
2
1
1
4
5
1
3
-2
29
4
2
10
4
3
4
4
0
2
1
13
1
1
1
3
1
1
3
9
3
3
1
1
2
9
3
2
1
1
4
1
1
1
1
2
4
5
68
7
2
0
10
10
1
4
1
0
1
2
3
3
3
14
-12
1
5
-1
31
3
2
10
10
11
16
3
1
4
3
1
1
2
2
4
2
-2
1
2
1
1
1
11
71
2
1
1
2
1
24
2
1
3
-3
2
1
1
2
33
0
1
0
1
1
1
4
1
2
2
-10
5
3
2
