1
1
3
1
1
1
1
33
-179
0
7
-5
5
1
2
22
1
1
-1
1
-2
1
1
36
1
3
1
1
1
2
-2
3
285
5
-5
2
1
1
8
38
3
1
3
1
1
0
1
1
2
3
-1
-1
1
1
0
1
-5
25
4
1
1
10
3
1
2
1
1
2
1
17
2
3
1
1
0
2
2
4
1
4
1
0
16
7
29
1
1
1
3
7
-1
1
2
8
6
-2
4
-15
1
1
4
1
3
-9
5
2
1
1
2
1
80
5
0
2453
1
1
1
1
1
8
1
1
2
2
12
1
2
1
6
1
0
9
1
2
3
1
0
2
2
1
19
1
2
1
1
7
23
1
2
1
3
8
2
1
2
5
2
8
1
2
9
1
0
-2
2
0
1
4
1
0
10
3
6
2
2
55
2
209
12
1
3
3
3
4
1
7
6
2
1
1
15
12
5
-1
-2
0
-2
8
1
1
4
-1
0
2
1
4
2
8
1
5
2
7
3
4
1
7
1
0
-3
4
15
2
1
2
8
6
1
1
3
1
11
1
3
1
1
0
14
1
1
3
7
4
1
1
3
1
1
-9
2
5
3
4
-4
2
3
1
21
2
1
1
1
2
2
4
1
1
1
5
2
7
1
1
-16
10
1
7
1
1
187
-1
6
4
2
7
8
1
3
1
1
-12
-1
-9
24
9
8
5
8
5
-3
1461
-11
15
2
7
1
2
1
5
1
10
3
9
0
1
3
1
3
1
3
2
1
3
2
3
3
1
2026
4
-6
5
3
3
5
-1
2
3
1
7
6
7
6
3
1
7
1
2
0
3
0
5
1
2
3
19
4
2
98
12
-5
-5
1
0
1
0
1
1
3
1
2
2
20
1
1
5
9
5
2
1
18
1
4
1
6
1
1
2
12
2
-20
1
1
3
3
3
7
3
6
1
9
-12
1
3
5
1
6
1
0
15
1
1
8
4
3
1
4
-1
1
1
64
1
0
3
3
2
1
-2
1
5
6
9
2
1
2
1
4
-7
3
1
-3
3
-2
4
1
2
1
3
5
-2
2
1
1
2
2
1
6
68
2
1
11
1
1
1
1
14
1
2
2
3
2
0
8
1
-1
0
2
3
5
7
1
7
18
-1
1
3
2
1
1
1
1
1
1
3
1
11
2
4
1
2
4
1
1
2
11
13
-2
3
14
2
2
4
2
1
4
5
-7
1
16
1
6
1
0
3
1
2
-2
2
14
10
-1
1
8
2
1
23
2
5
0
184
0
2
4
3
1
2
2
17
2
1
-9
4
-4
6
3
2
1
1
13
2
1
6
5
-4
1
-1
6
1
2
1
3
2
2
2
2
-4
2
1
2
2
4
0
-2
2
2
2
3
7
1
2
5
2
0
1
0
7
1
1
2
6
3
2
1
10
3
1
10
3
1
-2
-1
1
-4
1
1
2
1
1
-4
2
20
3
1
1
2
6
2
12
1
1
1
1
2
6
2
4
3
1
3
4
3
1
-3
8
-6
1
39
1
-11
0
1
1
1
2
4
1
1
1
6
6
1
4
0
-12
-5
3
1
3
6
11
15
2
8
4
-1
2
6
9
7
7
1
-2
5
1
1
1
2
1
12
1
3
1
1
10
1
4
1
3
3
2
4
6
6
1
36
0
1
1
5
1
1
2
3
1
1
2
1
4
1
2
2
12
1
1
2
1
0
11
2
11
33
2
-2
2
1
1
1
2
1
24
1
1
1
2
-7
663
2
2
2
1
1
1
1
0
15
3
1
0
3
3
20
2
1
12
1
20
5
1
2
2
1
28
2
75
5
5
1
7
-3
1
6
1
2
1
3
5
3
1
-2
1
17
46
8
8
6
10
2
12
1
16
3
21
15
5
6
11
5
2
7
12
-11
2
1
1
2
6
3
1
2
13
2
3
1
2
2
3
2
2
1
1
5
2
1
0
1
1
8
1
21
15
1
2
1
6
0
13
27
1
0
9
3
3
0
20
10
1
5
4
2
-1
4
1
1
6
2
2
2
3
2
2
23
1
1
6
1
1
1
9
0
1
1
1
3
1
1
3
2
1
0
16
5
-3
1
0
2
6
0
1
1
1
7
8
1
2
3
6
4
2
2
3
1
6
1
2
1
0
2
2
1
2
2
2
1
0
1
3
4
1
7
6
1
3
-1
6
5
5
0
3
9
3
1
1
8
2
7
4
5
2
6
7
3
2
1
4
2
3
1
1
7
1
2
2
1
1
1
2
2
1
1
1
2
2
3
3
1
1
-5
2
1
3
4
3
1
1
8
2
1
13
1208
0
1
4
1
5
2
1
1
2
2
2
3
10
2
1
1
1
1
95
6
5
1
7
-1
1
6
-9
2
2
6
7
1
1
4
2
1
-2
1
2
1
1
183
1
2
3
1
2
8
4
14
1
27
-3
1
1
3
1
2
1
33
-1
1
2
1
7
2
1
0
4
3
6
2
1
1
-2
30
6
1
0
2
1
7
2
1
1
64
8
-2
2
2
2
1
12
1
1
3
1
1
1
3
1
1
4
-5
2
2
1
1
2
1
6
3
3
1
1
9
2
1
3
2
10
1
1
2
3
2
1
4
0
1
2
2
3
1
22
65
1
1
11
73
9
-2
1
2
52
1
3
8
1
-5
1
1
1
3
2
17
0
2
1
1
3
2
-8
1
2
1
1
3
2
71
-1
2
2
1
5
1
1
36
1
-1
2
1
1
2
1
2
3
8
3
0
6
3
1
2
1
1
36
0
1
2
-1
5
1
1
2
27
2
-9
1
2
1
2
1
3
1
3
3
1
4
3
8
1
2
1
0
1
1
2
2
21
4
1
1
11
3
3
1
1
40
1
2
1
12
1
1
0
0
2
0
1
-7
6
1
6
12
8
1
1
14
0
2
1
2
0
1
3
-8
-5
-3
1
-6
2
2
2
1
1
8
-2
1
15
1
6
15
1
126
3
1
2
-1
1
20
2
80
1
1
11
8
9
-4
1
127
2
3
0
-15
-1
1
3
1
15
-2
1
3
2
1
1
1
2
-5
1
0
8
1
1
1
1
0
1
143
1
3
1
1
7
8
1
13
4
3
36
1
3
1
18
1
16
1
1
2
2
4
1
2
1
2
2
0
24
2
2
4
1
1
23
1
-1
1
1
13
2
1
3
1
1
2
1
3
11
43
9
3
1
2
1
1
1
2
1018
9
1
2
1
1
3
1
6
8
21
2
1
6
6
3
-2
1
2
7
-4
3
4
1
-1
2
2
16
-2
2
3
1
4
1
1
-5
1
3
-1
1
27
5
-2
3
3
1
22
30
14
0
3
2
6
6
1
6
1
8
-2
49
19
1
3
1
0
1
4
5
1
5
9
0
1
8
0
2
3
8
3
1
1
1
-2
4
1
3
2
1
1
5
6
1
1
3
1
1
0
2
2
3
-18
1
3
2
1
8
1
5
17
1
2
1
1
8
-2
0
13
3
5
2
1
4
1
10
10
31
1
2
2
1
0
-1
1
6
10
20
3
11
1
1
1
6
7
11
3
2
-1
5
3
1
2
3
7
-3
4
2
2
4
24
5
3
5
2
-1
2
2
1
1
20
7
1
2
-1
2
1
1
7
2
2
3
1
1
6
6
17
1
2
2
1
5
3
2
3
1
1
2
2
1
2
1
1
1
1
1
84
2
3
1
6
2
7
5
4
9
1
3
5
2
7
1
6
10
0
1
2
0
12
2
8
3
2
3
5
2
1
19
-7
1
1
1
9
1
31
4
19
1
2
-2
-1
1
2
7
19
2
3
-19
2
2
1
1
1
1
7
1
18
2
-3
2
0
9
1
2
1
1
1
2
-2
-7
11
-1
66
1
3
17
1
1
7
2
22
3
-34
1
14
1
1
1
1
1
2
1
0
3
-2
-2
5
1
5
1
1
1
1
2
4
9
1
1
5
63
4
-1
1
8
2
2
2
1
4
1
1
2
4
1
1
1
3
7
3
-10
1
2
2
3
4
2
5
2
1
1
30
1
1
20
14
2
2
0
8
2
3
-2
1
1
1
9
4
-1
9
4
-3
1
6
3
-3
2
2
3
-1
8
1
1
1
-2
1
1
21
2
2
1
1
7
2
2
2
35
1
1
0
-2
3
5
10
7
1
2
5
3
12
19
0
2
3
1
209
3
1
-1
2
2
1
0
2
3
1
1
1
3
0
2
0
1
1
1
5
35
1
1
1
4
1
2
2
1
1
10
3
1
1
1
1
26
1
1
2
1
9
0
6
1
19
1
2
28
2
1
2
1
5
0
1
-1
1
-72
2
3
2
1
6
45
1
1
3
1
1
1
4
4
0
7
1
1
3
1
2
2
0
1
3
5
2
7
2
1
13
9
17
2
0
2
2
7
2
5
1
2
2
1
1
16
1
1
5
0
-2
1
8
1
0
2
2
1
1
8
4
1
0
-3
2
2
1
0
1
1
3
3
2
2
2
1
2
-4
7
1
-1
2
2
-4
1
18
10
1
3
1
2
2
5
6
49
2
7
5
648
7
5
2
2
0
14
1
3
1
1
2
3
1
1
7
7
2
1
2
1
1
2
1
2
1
1
1316
1
22
2
2
589
11
25
2
-1
1
3
1
2
3
-1
0
1
4
0
3
10
1
2
36
1
6
19
3
3
6
1
263
13
1
3
2
2
26
3
1
1
1
-11
7
6
2
4
9
39
12
43
1
1
0
2
1
4
-2
44
2
5
30
5
-1
3
6
3
2
35
1
9
0
1
1
1
-4
41
1
1
0
1
5
2
1
3
18
1
2
26
1
1
28
2
-5
2
2
0
0
2
2
25
3
5
3
6
3
8
1
0
35
9
8
2
18
2
0
2
3
1
1
9
0
5
1
6
1
1
1
1
1
1
1
4
1
12
12
1
1
1
4
3
9
0
2
3
2
1
5
14
-1
0
1
1
1
23
3
1
4
3
9
2
1
1
1
1
14
23
2
3
2
3
1
22
3
2
12
1
4
9
1
1
2
1
5
6
0
-5
2
1
3
4
4
1
-3
1
2
0
6
-2
1
3
21
1
3
5
1
2
-1
34
1
1
9
8
1
0
10
1
4
1
3
37
12
4
1
1
5
1
1
2
2
2
9
19
0
3
1
1
2
4
1
1
1
1
2
2
2
4
1
1
1
-2
3
2
-1
2
5
2
2
92
1
1
12
4
2
1
1
0
3
0
-2
16
6
1
1
4
3
2
3
3
1
7
-3
0
1
2
1
8
8
2
3
-1
0
0
0
1
56
1
4
-1
1
1
1
11
3
8
1
1
2
2
3
3
22
711
1
1
2
3
2
1
7
1
6
4
2
6
4
0
1
1
1
3
8
137
1
0
1
1
3
1
-1
1
-6
2
2
74
4
1
1
1
-2
1
5
72
1
1
1
21
9
3
2
5
3
3
14
11
12
7
1
5
1
4
1
-2
14
2
1
1
1
1
18
1
2
1
1
9
1
5
4
3
1
1
3
1
1
-1
4
4
1
1
1
5
6
1
2
4
6
1
2
1
0
1
1
0
3
2
1
3
5
3
2
1
2
-3
1
13
2
0
2
5
1
3
3
3
5
5
3
10
1
5
1
1
4
1
0
3
12
5
8
3
16
6
-1
17
4
5
1
94
1
2
10
4
1
1
-16
2
43
1
3
1
1
-21
10
1
2
2
2
2
1
8
4
22
11
1
1
20
-5
1
1
5
27
31
1
0
-28
4
3
1
6
2
3
1
1
3
1
15
-1
1
6
3
1
0
1
2
6
1
8
2
3
2
3
5
1
1
4
1
3
5
17
-1
1
1
1
-1
31
1
2
3
0
1
2
2
1
0
0
12
7
2
2
1
1
2
1
3
1
2
4
12
1
20
2
1
2
23
2
1
7
1
3
1
1
7
1
-3
1
2
-2
1
1
2
3
0
1
1
0
1
2
1
1
1
2
2
2
0
1
-5
1
1
2
2
2
1
1
3
3
2
1
1
1
9
-3
1
1
1
0
1
2
2
3
2
2
72
17
5
11
1
11
1
6
2
1
0
0
3
1
2
3
1
5
2
3
1
1
7
0
5
301
1
5
2
2
8
0
0
3
-5
5
2
1
3
-5
0
0
1
3
5
-1
1
4
18
3
0
1
1
-4
8
0
-5
3
2
3
1
18
1
1
3
3
6
1
1
3
1
2
10
2
2
1
3
1
1
-2
1
20
0
1
1
1
8
1
1
1
-1
2
1
7
1
2
1
1
2
1
1
1
2
4
2
11
3
1
1
45
0
1
1
2
2
0
17
1
2
1
2
1
-6
22
5
0
-2
1
2
1
10
-4
12
3
26
0
1
1
1
1
1
1
2
0
4
0
2
1
1
1
1
1
2
4
1
1
1
2
3
0
2
1
1
1
1
1
0
1
25
1
0
12
4
8
2
1
3
0
1
2
3
8
1
5
12
1
8
6
6
1
0
2
1
-1
1
3
2
1
1
1
1
5
1
-6
2
1
1
38
0
22
5
3
1
1
1
209
2
-1
1
1
12
4
1
2
2
3
0
-3
3
6
4
1
1
2
4
1
2
3
1
1
2
1
1
-1
2
-2
3
5
2
5
7
3
1
2
2
2
1
2
1
6
1
1
2
1
1
0
2
3
8
1
4
3
2
0
-7
0
2
0
-5
0
3
0
3
10
10
1
3
2
-1
8
4
2
5
0
1
2
12
1
2
1
1
2
6
21
5
2
1
3
1
2
0
2
5
-2
3
1
1
1
1
0
11
2
8
7
-3
3
6
3
3
1
4
5
1
1
4
3
3
5
1
1
1
2
-1
2
1
1
1
-31
4
1
3
1
2
1
4
2
4
1
22
126
3
-14
1
3
2
188
1
3
1
1
1
1
2
1
1
1
2
1
3
1
1
2
1
1
2
3
1
9
2
6
43
12
4
1
-1
1
1
2
97
2
46
-14
7
2
1
-5
1
1
29
6
1
3
2
9
1
7
1
2
1
1
2
78
16
2
1
62
-15
2
3
52
3
2
14
1
0
-19
3
1
1
1
33
-4
4
1
133
2
3
11
1
64
11
6
1
1
15
-2
2
1
2
3
3
1
1
3
8
8
2
2
4
1
4
13
1
-1
-11
2
3
3
1
12
25
9
2
5
1
7
2
2
1
2
4
-1
1
184
0
7
2
1
1
12
6
4
1
1
9
1
4
10
6
1286
4
1
-3
3
1
2
2
3
-13
-6
8
1
0
2
12
2
29
1
13
2
1
5
1
1
3
1
7
6
2
1
-1
1
-2
2
1
17
3
1
5
3
1
5
-8
0
5
7
17
7
3
7
1
4
108
1
6
0
8
3
103
23
1
3
1
2
23
1
0
-12
8
13
1
40
26
3
1
20
-11
2
68
143
5
9
1
-11
4
2
4
6
1
4
1
1
8
1
9
-1
-1
1
7
8
2
8
3
18
5
1
-5
-1
128
9
9
9
2
-1
51
6
8
1
-1
35
1
2
5
3
2
0
1
5
12
3
4
1
1
2
2
5
-4
6
1
8
3
54
0
46
5
3
2
184
11
3
1
1
1
2
10
16
6
0
38
2
1
2
1
-1
1
-4
2
12
1
2
3
1
6
-15
-2
1
1
1
2
1
1
11
3
2
1
0
2
1
1
9
1
24
-10
2
1
5
0
23
11
7
1
0
-3
2
3
199
17
26
11
0
3
3
-29
6
1
11
15
1
63
14
1
3
2
4
1
1
-3
4
1
23
22
1
0
-2
24
2
2
1
1
3
6
1
-15
1
82
7
3
17
1
7
2
1
7
2
1
3
4
10
1
6
16
3
19
13
4
35
-2
2
-1
1
1
14
1
4
1
1
1
2
10
1
2
3
-1
2
1
1
1
1
3
1
2
25
3
3
0
10
1
2
7
7
3
0
1
3
1
2
1
1
13
3
1
1
1
1
9
3
2
1
-6
1
1
3
3
1
2
-4
-21
1
1
-3
4
1
46
2
2
1
6
3
1
16
11
2
2
13
3
3
1
2
2
3
1
12
1
0
1
10
3
3
1
4
2
1
2
2
2
5
20
3
1
-1
6
15
5
4
5
-2
36
0
18
56
11
4
9
4
1
2
1
7
1
1
3
1
1
1
2
15
-2
3
2
3
75
5
8
14
3
1
8
1
2
3
8
1
1
2
22
1
3
2
1
69
0
1
4
3
1
3
48
2
3
13
1
2
10
6
38
2
1
2
1
8
2
2
8
2
2
1
1
1
2
5
7
2
115
1
20
3
9
1
24
3
106
211
19
3
11
3
1
1
0
2
24
12
4
0
1
5
1
3
3
6
2
7
1
7
1
1
8
3
-1
0
2
1
2
2
1
1
-2
2
3
4
0
2
112
1
45
2
1
1
4
6
0
0
1
2
1
2
1
8
6
4
1
2
2
1
1
1
1
35
5
1
2
9
2
2
25
4
8
1
2
6
2
0
39
6
3
10
0
1
22
1
1
1
1
1
1
0
-1
1
20
3
2
3
4
1
1
2
15
1
4
1
5
15
1
61
1
3
1
3
2
1
3
17
5
0
1
1
0
3
2
29
2
6
4
3
-7
2
-3
13
3
1
5
1
2
1
5
11
-6
12
0
5
32
1
20
1
1
1
1
1
-1
8
11
12
12
1
2
1
2
16
23
1
3
3
2
2
1
0
1
1
1
1
-2
1
1
0
5
1
1
54
2
3
0
2
1
7
7
2
24
1
3
7
19
-2
5
1
11
2
15
18
6
1
0
-3
1
2
11
1
-3
1
7
7
3
10
-1
16
1
4
-2
15
1
2
1
1
2
1
5
10
1
0
1
3
0
1
8
0
17
60
4
3
1
8
1
1
1
3
8
1
5
1
-16
8
-9
1
19
19
1
-1
1
6
1
13
1
1
1
1
3
3
20
1
3
-5
4
-2
2
1
1
3
0
1
2
3
10
1
1
4
1
9
-11
1
2
1
18
1
2
4
1
0
496
1
6
3
1
2
5
1
1
-7
1
1
71
1
2
1
469
0
5
1
10
2
9
0
4
4
1
-1
3
-6
6
13
-11
1
6
-3
0
1
1
-18
3
0
1
0
1
-6
-2
2
0
1
1
1
1
1
1
1
3
3
1
3
7
1
-4
3
-1
2
37
3
-5
1
5
-7
4
1
2
105
0
2
2
1
1
4
3
0
-1
6
2
2
7
1
1
5
2
1
-1
3
24
18
2
2
3
5
4
0
1
1
52
1
6
9
2
3
6
3
2
8
0
1
21
1
1
2
78
1
3
-1
3
4
2
3
11
6
4
2
20
1
3
1
7
3
3
19
1
2
1
1
2
2
2
1
1
16
1
9
1
3
1
1
1
1
22
7
0
0
3
1
7
5
1
1
1
3
6
2
7
1
5
19
1
3
1
1
10
2
1
16
1
3
3
7
1
1
1
2
1
1
5
1
3
1
54
145
1
3
2
3
-2
2
1
116
1
1
4
2
4
3
6
-2
1
1
9
4
3
1
18
16
5
4
10
1
2
40
1
6
26
5
2
0
7
-6
-1
1
14
-7
40
-4
12
3
0
4
3
37
-1
5
1
5
6
25
15
4
1
1
7
1
20
2
1
1
3
-1
4
19
47
3
2
10
9
3
1
2
1
1
2
2
9
1
1
3
1
1
-2
1
2
0
2
2
-8
8
-2
1
-3
4
1
11
2
8
1
5
1
1
1
10
3
1
9
7
10
4
1
0
-20
1
2
1
1
2
1
1
9
3
-9
2
1
4
33
1
4
3
2
813
4
1
2
11
1
11
2
6
3
7
30
1
1
2
1
1
1
0
1
13
1
2
17
6
3
1
3
1
1
2
1
8
5
6
1
0
1
1
1
8
2
3
1
9
2
9
-1
5
3
0
3
25
0
1
2
1
29
1
2
3
2
15
1
3
1
3
1
0
3
1
5
2
42
3
28
-3
2
1
4
8
2
-1
0
5
0
1
2
1
3
2
1
1
2
1
1
1
1
6
4
1
1
2
3
1
197
1
4
1
1
1
2
0
0
1
-3
0
1
4
1
1
3
1
1
2
1
4
-1
1
2
3
1
4
-7
2
1
241
1
1
39
23
3
1
1
2
24
1
2
1
7
1
5
14
15
3
4
3
1
15
7
12
39
23
-16
25
36
3
9
8
1
0
1
7
11
49
2
16
1
11
37
3
2
1
1
1
1
1
1
1
-1
7
6
1
2
1
3
75
2
2
3
15
1
3
1
3
0
12
1
1
1
2
1
6
-8
1
1
4
8
1
7
-3
1
1
9
2
3
9
1
0
1
2
2
1
1
3
10
1
7
7
1
5
1
1
6
3
3
5
2
1
1
-16
18
2
0
36
1
1
2
12
1
11
67
1
1
1
6
8
3
-4
1
2
2393
1
1
1
1
0
2
2
580
3
1
4
27
6
1
2
54
172
26
2
1
11
38
1
13
1
22
6
8
1
56
11
-1
4
2
1
-12
1
1
1
12
1
14
28
5
3
2
1
-1
1
1
1
1
7
2
0
2
2
1
-10
24
1
11
2
5
1
-4
1
3
1
2
2
1
2
1
55
1
3
12
1
19
3
3
3
1
8
15
0
1
3
-2
8
1
0
2
1
4
3
3
7
10
3
2
2
2
15
1
-1
3
3
8
1
13
15
2
5
6
7
21
1
2
1
1
1
2
1
5
2
4
2
15
14
1
2
5
7
13
1
1
-5
10
10
1
6
9
1
0
4
9
-1
-1
3
2
8
-6
4
1
1
1
1
1
0
1
465
82
1
12
2
2
2
9
1
3
2
1
1
3
2
6
0
21
5
0
4
1
3
2
61
1
3
1
38
25
-1
0
3
2
1
0
1
2
3
43
3
1
-1
3
0
111
1
5
4
4
0
11
1
3
10
42
3
6
1
3
1
1
1
1
4
1
106
1
-2
16
16
3
4
3
3
2
1
10
3
2
2
10
1
2
14
2
1
0
1
1
19
6
1
0
0
2
3
57
4
6
1
2
9
14
0
5
35
12
2
1
2
20
2
2
1
3
-2
3
1
2
2
3
2
17
3
2
2
2
3
1
1
1
3
5
2
1
1
-3
3
24
1
4
2
6
-5
6
6
14
1
1177
10
15
11
14
10
16
2
55
2
3
2
3
1
1
1
1
1
119
-8
1
1
2
1
3
1
6
11
3
1
2
1
3
2
2
2
4
4
2
1
1
2
1
1
4
3
1
1
2
1
2
0
1
1
2
7
3
3
1
1
1
1
3
3
0
2
1
-4
3
3
1
1
3
2
2
1
1
10
1
1
3
1
2
1
18
9
5
1
1
1
2
1
-4
1
30
0
3
4
2
1
2
2
-6
4
5
7
1
-6
4
3
1
1
-1
2
2
2
4
1
2
3
1
4
2
0
8
1
1
0
3
1
1
1
9
6
340
1
3
1
12
1
3
1
0
3
3
1
3
23
-3
2
35
2
7
4
1
14
1
2
2
0
8
14
2
4
3
1
1
16
1
9
0
1
2
6
-3
2
1
1
4
0
1
1
1
1
5
0
2
2
5
1
1
1
8
1
2
2
2
-1
-1
5
40
-1
53
1
5
1
2
1
1
7
5
6
0
6
3
6
1
3
3
2
3
20
6
2
1
2
1
0
5
1
0
1
1
9
1
5
1
-6
11
3
1
1
1
9
75
1
1
29
1
8
1
1
1
1
1
5
2
1
2
3
-1
4
18
1
2
11
1
11
8
2
1
17
1
3
1
3
11
1
2
6
0
1
1
1
2
-10
12
3
2
1
4
1
3
-1
6
72
1
1
2
1
1
1
1
22
37
1
-2
3
4
7
2
3
6
0
3
1
1
2
1
4
2
-1
1
1
1
29
1
2
2
6
1
1
-2
7
1
0
0
0
3
1
1
181
3
4
2
2
3
3
11
1
2
3
1
16
17
0
1
1
0
-2
2
2
1
-1
3
6
1
2
-2
1
3
1
16
1
1
1
4
-1
-1
-13
15
0
22
0
3
-11
26
2
1
1
1
1
1
16
2
0
3
0
0
0
0
27
1
2
3
2
1
85
1
1
1
-1
1
1
-3
2
1
2
1
1
-1
8
1
2
2
4
2
-1
1
20
3
1
-1
1
2
2
2
-5
1
1
2
1
1
2
2
5
3
-7
0
3
1
2
1
0
1
0
3
-3
1
2
2
5
1
276
1
2
2
1
1
243
1
0
2
1
7
1
0
1
3
1
3
2
3
2
0
1
3
4
2
5
23
0
18
1
-6
1
1
-1
2
2
1
1
-1
6
1
14
-5
4
3
1
3
1
2
1
1
3
2
2
1
4
2
3
2
2
4
1
9
1
-5
5
1
1
-1
-1
1
1
3
0
-4
1
1
9
1
1
1
1
0
0
5
1
0
2
3
1
-3
1
1
1
2
1
11
2
0
-1
16
0
10
2
1
2
1
3
15
1
5
1
1
1
1
1
8
3
3
0
11
1
14
8
3
-1
3
1
1
2
3
1
1
2
1
6
1
25
1
-5
1
3
2
6
-9
3
1
1
3
2
1
2
2
2
1
1
24
1
4
7
1
1
2
6
3
2
3
2
2
2
1
2
2
5
-31
19
46
0
1
1
1
2
4
5
1
1
22
3
2
11
9
5
1
6
2
1
1
21
3
2
1
1
1
2
13
1
20
15
24
3
8
1
1
9
2
-3
4
1
1
5
1
1
1
2
86
1
1
6
-1
1108
2
5
6
2
4
3
2
1
3
1
24
1
3
2
10
20
1
94
2
2
1
3
2
1
-1
1
1
71
7
1
3
0
3
-3
5
9
1
3
2
0
6
1
1
3
7
-1
1
3
2
3
1
24
0
1
1
1
-1
13
2
0
3
-2
74
1
1
3
0
2
1
5
3
1
12
1
1
4
1
6
2
3
16
2
2
3
15
3
1
10
2
1
0
-1
1
2
29
1
1
0
1
1
3
1
7
0
6
1
11
1
1
-2
1
1
-3
2
9
2
1
7
1
35
1
3
3
3
-7
2
1
1
-27
5
-1
1
2
21
4
1
-1
2
7
6
30
5
7
2
1
2
1
1
4
3
1
5
1
1
1
1
3
2
3
4
5
9
25
1
2
1
4
1
8
3
2
11
1
8
2
1
11
2
1
1
2
2
1
1
1
2
2
1
180
2
1
1
1
47
-4
1
0
3
2
1
2
1
1
1
6
16
1
10
1
6
3
2
17
4
1
0
1
2
2
1
1
6
7
1
0
1
43
2
3
1
4
-3
1
3
17
3
1
10
2
0
45
6
1
-1
7
1
0
1
1
8
5
3
2
1
1
1
11
-5
3
1
3
6
2
1
1
6
5
12
9
-48
0
0
1
1
1
2
6
8
35
2
3
0
-5
3
1
17
-2
1
1
3
7
4
1
17
1
1
1
6
6
1
3
1
1
1
2
-27
26
9
1
-9
0
0
1
2
0
-14
3
3
1
2
1
12
2
1
1
0
3
2
0
1
1
15
0
1
1
2
1
1
2
3
6
1
1
1
1
1
3
2
1
3
3
2
0
40
1
6
9
11
7
3
2
1
6
3
76
1
3
6
0
7
2
3
2
1
2
1
1
1
1
-12
3
2
1
1
1
2
1
1
0
2
3
1
1
1
1
846
1
1
4
1
2
11
28
3
1
1
57
3
2
3
5
3
2
1
1
9
5
12
1
1
9
7
0
1
1
1
7
1
8
1
1
-1
2
1
1
-18
10
11
2
6
-1
2
1
8
1
0
3
2
1
37
1
0
1
2
12
4
23
-1
2
1
23
27
2
1
2
6
1
5
1
43
1
1
7
1
23
2
2
2
2
-1
1
1
0
1
1
5
2
5
2
3
5
1
2
1
1
1
1
3
1
1
2
13
2
2
2
5
6
1
0
0
2
1
1
18
1
1
1
1
2
1
2
1
1
12
-4
3
1
1
1
1
1
2
15
3
10
1
1
1
2
3
8
7
1
-1
-1
1
1
4
1
8
1
1
-6
5
7
1
5
3
7
1
1
1
2
2
1
1
47
1
1
-66
8
15
1
1
1
0
10
1
4
5
2
1
38
1
1
9
1
5
2
-1
2
2
1
1
1
0
2
1
1
1
9
1
1
1
1
5
1
2
1
2
3
2
1
3
2
1
9
2
1
11
2
2
-2
1
12
1
2
-2
0
1
1
1
1
1
2
5
1
1
3
1
2
1
1
2
2
6
1
1
-1
1
1
1
1
2
8
2
1
3
2
-1
6
2
5
1
3
2
2
2
5
7
12
1
1
3
1
5
2
23
1
1
2
1
0
1
1
2
1
1
2
0
4
2
13
2
1
2
1
2
11
11
4
1
4
-1
1
3
2
1
25
1
27
1
1
7
1
8
15
1
3
1
15
8
1
5
1
5
4
1
0
1
-21
2
2
1
5
1
0
1
1
1
1
1
1
1
3
2
-4
3
2
3
1
14
2
14
0
1
16
5
-1
1
6
2
0
1
1
3
0
0
23
1
1
1
4
5
4
3
1
0
1
3
1
3
1
1
19
5
-1
1
1
3
1
-6
1
2
2
15
1
22
0
1
2
3
4
1
1
12
2
2
1
17
6
2
1
0
1
1
1
10
1
1
-2
2
1
3
3
1
2
32
63
2
0
2
1
6
2
1
1
15
5
3
11
2
4
3
1
11
-3
1
0
9
1
6
10
1
8
1
-2
1
1
2
-4
8
16
1
1
1
12
0
1
1
1
1
2
2
11
-2
2
2
1
2
2
5
1
1
2
1
1
1
2
0
0
0
25
1
1
-13
1
0
1
1
2
1
2
1
4
1
2
2
45
-18
3
1
2
11
7
2
5
1
1
1
0
2
1
3
3
2
1
1
1
4
0
2
2
10
1
1
1
1
2
1
1
1
2
9
1
4
1
5
1
-4
3
-2
1
1
2
1
0
4
4
0
1
2
-2
5
1
1
2
4
1
3
1
1
1
0
5
28
36
2
3
9
2
-2
3
1
1
1
1
1
1
1
2
-2
10
3
2
2
1
1
1
3
3
1
0
47
-2
1
5
1
1
1
1
2
3
3
2
1
1
5
2
-1
1
2
3
1
9
2
4
3
0
3
-2
1
1
2
1
2
1
1
2
5
1
1
0
1
0
2
1
1
0
3
2
13
4
2
1
1
1
0
6
3
2
1
1
1
2
3
1
1
3
2
1
2
2
2
9
1
4
0
3
-1
1
12
2
1
1
1
0
1
2
15
2
3
1
3
2
3
-1
1
0
2
6
0
1
6
1
2
1
0
1
0
2
2
5
2
1
1
2
33
2
2
74
3
2
2
2
6
6
1
1
1
1
1
1
1
1
-2
-3
1
1
0
1
1
4
3
2
-2
1
3
2
1
1
0
1
-7
0
1
6
1
2
17
1
1
3
2
7
1
1
16
2
5
2
2
3
1
0
-2
2
1
0
2
1
0
2
2
1
2
3
-1
6
1
1
75
6
1
8
2
1
0
3
5
1
6
-1
1
1
1
2
3
2
2
1
1
1
1
2
5
0
1
1
1
1
2
1
1
1
52
1
2
3
1
1
2
1
1
-1
2
0
0
-1
1
5
2
3
1
2
1
2
4
1
3
5
12
3
2
2
1
1
1
3
2
1
1
2
6
2
1
1
1
2
8
13
1
1
12
2
1
3
4
1
2
2
8
0
1
1
1
1
1
2
0
-24
0
5
8
3
8
-1
2
1
1
7
3
3
0
8
1
2
5
5
1
0
3
1
0
0
-4
2
12
1
0
2
3
-1
10
4
0
0
3
1
-1
1
0
1
2
2
1303
1
-1
13
43
2
-2
1
9
1
2
1
2
1
0
1
0
1
-8
1
2
-2
8
1
0
1
2
1
1
0
1
6
4
43
1
1
11
1
0
0
4
1
2
1
3
1
1
4
3
4
36
2
5
11
9
1
9
8
1
2
0
6
-3
6
14
1
1
1
73
2
17
-1
0
1
3
15
2742
5
0
1
1
0
1
8
-1
12
2
0
5
15
1
6
23
2
1
2
2
1
-2
3
2
1
1
0
1
3
1
18
3
2
2
0
1
2
1
-1
2
1
2
2
1
8
10
3
1
2
5
2
2
2
1
-1
2
2
2
-2
2
9
8
4
1
2
3
1
6
1
1
2
3
0
2
-1
1
1
4
1
5
1
2
1
12
1
587
1
9
1
-2
-1
0
1
-1
1
1
2
1
3
2
1
1
1
10
2239
11
19
3
5
17
1
2
1
21
2
1
4
1
5
3
14
1
1
2
1
2
10
1
2
1
1
3
2
1
3
30
7
6
3
1
1
1
1
1
-3
9
1
4
0
5
2
0
1
1
1
1
2
1
2
53
1
4
13
3
37
1
1
25
0
1
9
46
12
9
1
2
6
6
2
18
2
4
3
17
2
10
2
10
3
-7
1
1
13
6
3
4
0
1
1
3
-2
2
2
2
-4
3
0
4
8
1
3
2
1
3
3
-1
18
2
1
9
36
3
-1
2
3
3
4
2
4
8
2
1
4
-2
2
2
1
2
5
3
9
2
1
1
6
2
-2
3
-9
2
1
4
1
1
9
1
1
2
8
1
2
1
11
2
2
59
1
10
3
4
1
1
2
6
1
0
3
1
2
2
9
6
1
49
2
1
2
11
1
1
9
1
2
6
1
1
1
4
3
1
1
1
2
-4
-2
2
9
1
2
2
2
1
1
7
1
-1
1
2
3
53
3
1
14
3
1
2
1
9
4
0
2
4
2
11
6
1
9
4
1
5
1
2
12
1
10
24
-2
2
3
2
250
293
-4
1
8
9
-7
35
2
1
206
2
11
97
13
-10
0
-1
0
8
1
-1
1
1
2
10
2
2
5
2
1
2
8
2
7
25
3
2
6
1
1
1
1
1
5
3
1
17
99
0
1
1
6
5
-10
6
7
1
10
1
7
8
2
-1
2
3
164
1
3
11
1
0
3
6
2
1
1
2
23
163
0
1
10
1
-5
2
1
2
3
6
2
0
2
1
4
3
2
13
2
1
4
5
2
-1
7
1
1
2
3
-2
1
1
2
3
0
3
5
25
0
1
2
1
2
7
4
2
2
-4
3
11
2
1
-2
1
2
18
1
-11
2
1
-1
1
1
1
1
2
1
2
2
1
0
0
1
2
10
1
45
1
-2
1
6
5
-7
1
1
9
1
3123
5
2
3
0
2
2
2
6
1
3
-1
1
2
1
1
-1
1
1
2
1
1
-7
1
7
1
1
2
1
2
20
23
1
-5
6
1
1
1
6
1
6
1
3
1
5
13
1
2
1
96
31
-3
3
11
1
1
-2
1
1
1
1
1
1
-10
1
0
2
12
3
10
1
7
4
0
1
1
2
1
2
8
38
12
0
3
2
2
2
3
2
1
2
148
9
1
1
1
16
1
1
2
3
0
78
91
2
1
0
-1
1
2
1
1
2
2
2
1
1
1
1
19
3
1
1
1
34
1
5
4
2
4
-9
3
166
1
0
1
14
-12
1
1
2
1
1
48
341
11
1
1
2
47
0
5
3
3
1
2
2
5
1
1
1
1
1
3
1
2
3
1
5
1
16
1
1
10
2
2
28
3
1
7
1
4
0
1
1
11
1
15
1
2
1
7
3
1
-6
5
1
14
1
2
-3
1
2
0
1
1
1
12
1
2
0
1
1
3
22
1
1
1
1
3
51
3
3
6
1
60
1
1
1
5
3
2
1
1
3
1
1
1
2
0
2
3
0
2
6
8
2
1
1
2
3
5
1
0
3
2
0
8
1
1
1
2
1
0
1
12
2
1
1
323
1
1
2
0
1
11
2
1
1
0
4
1
1
4
-1
1
5
0
0
1
2
3
10
1
-2
1
