4
2
1
2
1
2
1
1
2
1
1
7
1
1
1
1
0
1
4
1
1
1
1
0
1
1
-1
3
1
3
0
1
0
2
2
6
2
17
1
3
1
2
1
1
1
2
5
1
6
-5
5
30
12
1
4
2
8
6
3
10
7
53
2
1
0
3
1
1
2
14
1
5
15
5
1
0
1
2
74
-3
5
1
9
1
2
2
3
2
2
2
20
1
-1
0
2
0
3
1
11
2
7
5
1
9
1
1
14
1
2
-2
1
2
1
1
2
2
1
2
5
0
2
1
2
1
2
1
2
0
1
5
4
2
0
1
1
10
2
3
5
1
1
106
4
1
3
-1
-3
3
1
5
3
11
5
2
5
1
2
0
2
2
-1
1
13
2
1
2
1
2
1
6
2
1
5
1
1
2
1
1
1
1
1
1
16
1
1
1
2
2
-1
1
2
9
1
1
4
1
1
0
0
0
3
0
0
31
29
-14
2
19
2
3
1
1
63
3
1
6
1
2
1
1
1
7
0
4
203
2
5
2
1
7
3
1
1
1
2
1
0
0
2
3
1
1
-2
0
4
-1
7
4
1
10
2
1
5
1
1
1
2
2
4
2
20
39
2
-7
5
4
-1
-2
7
3
10
4
1
2
4
0
2
8
1
1
2
1
0
-4
1
1
4
12
4
1
2
1
2
