1
1
2
1
1
1
5
5
4
-3
1
0
-1
-1
4
8
3
1
2
0
9
2
2
2
1
1
0
0
1
6
3
1
0
1
2
3
1
1
5
1
1
1
2
1
1
1
0
0
1
4
2
28
1
1
4
-1
1
2
0
1
2
2
1
1
2
0
1
1
-3
4
1
1
1
7
2
-2
1
1
1
1
0
2
13
3
1
2
40
1
2
4
-2
12
3
3
6
1
7
12
5
0
6
2
-5
2
3
1
12
1
2
10
3
1
38
-3
16
2
0
0
3
1
1
15
3
1
1
1
2
1
-1
2
1
1
1
1
25
2
5
1
1
1
2
5
5
7
36
2
8
17
1
1
1
1
26
2
0
10
8
14
1
-2
1
0
2
4
12
1
1
0
15
2
0
1
9
10
2
2
2
12
9
8
3
1
0
1
1
11
4
2
1
3
1
-6
1
2
3
3
1
1
9
2
3
3
1
1
7
1
0
2
1
1
1
51
1
1
26
42
1
3
5
0
2
3
2
-2
4
1
3
3
10
29
1
3
14
-6
2
3
20
2
3
2
1
10
1
4
10
2
1
3
-4
3
31
1
6
3
-2
1
1
1
9
4
10
1
1
1
-3
1
5
10
6
24
3
3
1
-2
-8
1
8
10
1
5
3
1
1
1
2
7
3
1
0
2
2
1
3
0
9
-1
-1
7
-1
-6
1
1
1
2
0
5
2
11
2
1
10
5
3
-5
3
2
2
11
-2
2
-1
3
4
2
4
1
24
21
3
1
7
-10
1
2
2
2
-6
4
1
0
2
1
3
3
6
1
1
14
2
4
3
4
2
1
80
8
1
3
3
0
5
1
3
1
1
2
12
6
2
4
6
-1
2
4
3
-4
3
1
-7
-5
4
1
1
1
-2
1
0
13
1
1
5
1
10
2
19
1
4
5
1
2
-9
2
1
6
1
1
4
1
4
3
5
1
3
0
2
1
2
1
11
1
1
17
1
40
2
1
8
3
3
2
5
3
1
-1
3
2
-3
38
3
5
5
5
2
5
2
1
9
12
2
4
5
1
9
4
1
19
1
14
4
1
7
17
16
6
1
4
3
1
2
-7
9
1
8
4
2
22
1
1
5
2
1
-4
2
3
1
0
3
1
1
3
2
0
4
2
1
1
2
1
5
1
1
0
2
1
2
2
1
2
1
0
1
2
1
-15
4
5
-5
5
-8
8
3
2
-4
2
2
13
1
1
2
2
1
5
1
-2
8
8
2
16
32
2
0
0
3
26
15
1
1
1
3
1
18
1
3
0
-1
1
3
2
7
49
3
0
4
3
1
4
2
1
3
1
16
2
1
-2
1
1
1
-1
1
0
4
5
2
2
3
1
3
1
