1
16
10
1
7
3
-2
1
2
2
1
5
-3
1
4
1
1
1
9
4
1
1
1
1
-3
1
1
7
2
2
3
1
1
36
2
3
12
4
1
1
1
-6
6
3
1
1
1
25
12
5
3
3
3
3
2
2
3
-3
3
21
2
12
2
4
1
1
6
1
3
5
2
6
13
3
-3
34
1
0
1
2
1
27
17
2
3
2
10
-7
5
2
2
1
6
2
1
-1
4
6
3
2
-4
2
1
-8
1
0
3
1
1
1
2
3
1
6
-1
1
1
3
1
4
2
1
0
15
0
3
1
1
1
1
2
3
2
3
1
13
1
13
53
1
-2
1
2
11
13
1
0
3
1
2
1
3
1
5
13
1
1
1
1
2
1
2
1
1
3
1
5
6
1
1
1
1
7
1
3
1
1
-7
2
-8
1
3
4
8
7
2
8
2
3
2
5
1
2
1
2
2
4
1
1
7
6
2
1
1
2
1
1
1
2
3
2
2
2
1
1
5
2
21
-1
1
2
2
1
7
0
3
2
0
19
2
5
1
1
2
1
1
8
-2
1
2
2
2
1
20
10
28
0
5
16
6
5
4
5
3
8
10
1
10
2
11
5
1
1
4
1
1
5
1
8
2
5
3
-1
4
2
1
1
2
-1
26
1
2
2
8
3
1
8
0
1
2
1
2
3
3
2
5
6
5
1
2
2
1
2
17
9
2
2
1
1
0
1
2
5
9
5
2
-4
2
2
-4
1
1
2
2
0
2
0
1
1
10
1
1
15
5
3
13
3
-1
8
1
2
1
5
1
1
1
13
16
2
1
3
2
-13
1
675
-8
11
2
-2
2
3
5
-4
3
1
1
2
1
2
7
6
0
1
2
3
3
2
1
4
2
3
2
19
1
14
1
2
28
1
2
2
1
0
-1
0
13
1
1
1
1
3
3
2
4
-1
4
6
3
3
14
7
-3
-7
-3
2
1
18
9
2
3
2
1
1
1
1
2
5
1
2
5
1
14
1
10
1
24
4
1
3
4
-5
1
70
3
1
2
2
1
4
1
1
2
1
6
1
1
2
3
1
4
8
1
10
1
2
1
1
5
2
1
1
13
0
1
1
1
1
2
5
1
9
2
11
-9
4
1
6
9
1
1
4
1
2
6
2
0
1
0
2
0
1
1
2
5
3
1
0
1
0
0
1
3
4
1
1
1
2
13
2
1
4
1
2
5
1
2
11
3
11
65
7
14
52
7
7
3
6
2
1
3
2
4
6
19
1
6
2
2
3
2
13
1
5
1
1
1
1
10
10
3
5
1
3
3
2
2
8
2
2
9
1
1
1
1
-6
2
2
2
2
3
2
1
1
1
3
1
2
1
4
23
6
6
2
3
2
6
1
3
1
1
1
1
2
2
1
5
2
1
1
1
2
1
0
2
1
1
1
7
1
1
-1
1
1
1
1
2
1
11
1
4
1
1
1
11
1
10
9
1
1
2
2
70
6
12
11
9
15
3
12
1
1
5
8
5
14
8
0
2
3
36
3
2
1
5
1
0
3
10
1
4
7
12
0
3
1
4
2
2
4
7
2
5
2
-2
1
3
1
2
1
3
15
2
21
1
1
6
1
3
2
0
43
-9
2
5
5
12
1
3
1
-4
1
2
1
2
2
3
2
2
2
0
-1
2
1
3
1
1
0
2
2
1
2
1
3
2
3
0
0
3
2
4
0
1
3
2
5
3
3
1
2
3
4
2
1
1
1
1
9
3
2
1
1
8
2
2
3
4
1
-1
1
1
3
3
1
1
1
1
5
1
1
-1
1
3
1
1
0
1
4
1
1
2
1
2
1
1
0
2
1
9
1
1
2
2
2
0
1
5
1
1
1
1
1
3
3
2
2
4
1
1
3
-2
1
11
1
2
16
4
1
-4
2
2
1
3
1
6
1
2
3
1
1
1
4
3
1
1
22
1
5
1
22
8
10
2
1
1
1
3
4
1
63
32
2
2
5
4
2
2
21
4
8
1
18
1
2
1
2
2
1
3
2
2
35
4
2
2
2
1
1
2
1
1
11
2
1
2
46
11
2
3
3
2
3
3
0
0
2
17
1
2
1
1
1
3
2
2
1
1
3
1
2
2
0
1
1
5
-1
2
2
12
1
1
7
1
1
1
4
1
20
7
-1
3
2
6
1
17
2
3
70
1
2
11
2
3
2
1
1
3
3
21
1
6
1
1
3
2
9
3
5
2
1
6
6
4
4
3
3
4
2
1
1
6
1
4
1
3
1
2
1
1
-5
3
18
1
2
4
3
6
9
3
1
12
1
1
1
2
0
3
16
14
5
4
5
5
14
1
1
2
6
4
4
2
1
35
1
6
1
-6
1
43
1
54
4
2
-14
12
2
5
17
5
-9
-3
1
17
4
7
3
6
2
4
6
20
2
5
8
2
-1
1
6
2
3
1
0
6
2
1
2
2
1
1
13
2
2
1
1
2
1
3
4
3
1
-2
2
8
1
3
3
3
0
11
3
2
2
6
1
0
3
1
3
1
0
81
3
1
1
1
7
1
3
1
2
5
2
2
2
3
1
1
-5
0
2
2
1
1
1
3
1
1
3
2
-1
22
21
1
4
1
1
1
7
1
-3
3
1
2
1
4
3
1
1
1
1
2
1
1
57
2
1
4
1
1
3
2
1
1
5
5
0
1
1
2
9
2
4
1
4
-1
2
141
-1
3
11
2
2
1
1
1
1
6
1
1
2
2
1
1
6
1
3
-7
7
4
5
2
5
1
-4
8
3
1
3
20
0
3
2
3
5
1
7
3
8
2
19
0
-15
5
3
-5
3
3
6
1
6
4
3
5
1
2
1
0
3
1
1
1
3
17
1
2
1
2
2
-2
1
8
1
2
1
1
1
2
1
3
21
2
6
1
2
2
2
1
6
1
6
1
1
3
0
3
1
5
1
2
11
3
2
1
3
3
7
4
1
1
2
2
1
24
1
6
22
13
1
1
9
-5
11
19
17
-6
4
0
4
3
-6
-10
3
2
7
0
10
0
4
7
1
7
3
-1
3
4
1
1
-2
2
9
2
2
3
12
1
1
3
3
1
1
0
1
1
1
1
5
0
5
-8
15
1
1
2
7
1
2
2
1
1
5
2
1
1
2
3
1
3
1
1
1
2
1
1
1
3
1
17
2
7
1
1
5
1
1
1
1
8
1
4
3
1
3
4
2
2
1
-2
1
11
2
8
1
2
0
1
2
1
8
2
-6
10
2
1
-2
1
1
2
1
1
1
2
2
1
1
17
3
3
1
2
2
11
18
3
53
2
2
1
3
2
3
1
1
1
13
1
1
5
9
12
2
3
2
1
1
1
1
2
9
6
2
2
1
4
2
2
1
1
1
1
1
2
1
1
2
26
2
3
2
7
1
1
1
5
6
2
6
1
1
11
0
1
10
9
1
3
0
3
6
5
2
72
1
1
0
1
4
1
-1
3
1
2
2
5
1
27
2
1
1
3
2
1
4
5
5
13
3
8
2
2
1
1
3
1
1
2
2
6
1
5
0
-1
2
0
1
8
13
2
6
1
1
1
1
4
2
1
1
1
2
1
17
5
9
1
0
3
1
2
3
0
7
6
1
1
2
1
1
1
0
4
1
1
1
1
1
-1
1
2
3
3
1
0
5
3
8
3
2
6
1
2
1
1
-1
0
0
1
3
5
28
1
1
6
2
6
5
1
1
1
1
2
6
1
3
2
4
1
2
1
3
4
9
2
2
6
29
0
1
0
1
1
2
2
1
1
1
1
-1
7
2
3
2
4
10
38
1
3
1
2
-1
2
1
1
22
1
6
6
6
2
1
1
3
2
2
0
1
5
-1
5
1
7
1
1
4
2
1
1
0
1
1
0
8
1
6
2
2
1
4
1
1
1
2
1
1
2
1
4
1
1
6
3
47
1
6
1
3
1
1
9
1
3
-1
1
3
3
6
7
2
2
2
2
1
12
1
1
2
1
2
3
2
24
1
4
14
-3
10
38
2
2
2
3
1
1
1
1
4
2
1
1
5
3
2
0
-1
1
11
1
22
1
2
3
1
2
1
5
1
8
15
3
9
0
4
1
2
25
1
9
6
3
1
1
2
10
2
2
10
31
5
3
-1
1
2
5
0
1
2
3
-3
1
1
84
46
2
2
24
1
-9
-12
6
11
2
2
-8
9
-4
-12
7
1
2
2
8
2
0
2
6
9
1
4
0
3
2
2
5
1
1
3
2
2
1
2
11
0
0
24
2
1
1
1
1
2
0
2
0
1
1
0
-1
2
0
1
1
1
1
7
1
9
4
7
6
10
2
3
1
4
1
1
1
6
1
2
3
2
3
1
3
1
3
2
2
1
1
2
2
3
4
2
16
14
1
2
2
1
2
2
1
1
1
1
1
-7
1
1
1
3
1
2
1
0
2
1
1
1
0
3
2
2
-3
0
7
0
2
-2
3
1
1
1
2
47
1
1
1
2
1
1
28
1
5
0
2
1
1
4
1
2
1
5
1
0
6
5
9
2
1
3
18
7
1
4
1
5
1
1
2
2
1
2
1
166
2
0
-2
1
1
2
2
5
-1
1
1
4
1
1
1
28
1
-1
2
2
33
0
5
2
1
4
1
-1
3
5
1
1
1
1
3
6
1
5
1
2
1
-11
-2
73
-1
338
1
4
-8
3
6
13
7
7
5
1
-4
1
5
1
2
5
1
1
3
1
4
1
6
8
1
6
4
7
2
10
3
12
6
5
2
-1
2
7
1
24
7
1
1
14
1
6
-1
0
2
21
10
2
1
4
2
2
3
-2
1
5
6
2
3
2
5
1
2
1
1
6
2
1
1
1
2
3
-1
1
7
1
3
5
3
1
1
2
3
1
3
-1
1
1
1
4
0
4
5
1
-1
3
2
1
0
1
0
3
1
0
0
5
9
3
2
1
3
4
5
8
3
3
0
3
4
-2
1
1
1
1
1
81
1
1
1
3
3
8
2
2
0
1
1
1
58
1
1
2
1
1
1
1
1
1
20
2
6
0
14
1
1
1
-1
0
0
1
1
2
5
1
2
1
4
2
7
16
5
2
2
3
4
2
3
2
2
1
1
3
1
2
1
4
2
-2
19
-15
1
18
4
1
-10
11
1
0
5
4
1
2
1
7
1
1
1
2
1
1
1
2
3
2
2
3
2
2
0
5
2
8
1
1
-1
1
1
1
1
3
1
1
2
2
2
1
1
1
0
1
2
1
5
9
5
5
1
10
6
1
-1
1
2
2
19
-10
5
-1
19
6
3
1
1
2
7
1
2
1
4
1
2
1
2
6
0
0
11
1
3
2
4
1
1
1
70
1
1
1
3
3
1
1
3
9
1
1
-4
2
2
1
1
0
3
3
1
70
14
5
25
72
0
5
5
1
11
28
2
2
0
6
11
1
2
6
-12
7
-4
1
3
1
4
3
8
3
1
6
17
23
2
7
1
1
6
3
3
1
2
1
44
3
1
-6
11
1
1
1
1
1
1
1
5
4
2
3
1
2
1
7
1
1
9
1
5
51
1
-2
1
3
1
3
3
1
7
2
4
2
1
2
10
2
172
2
2
1
6
-1
1
1
1
3
1
1
10
5
1
1
1
0
21
2
3
1
1
35
2
1
10
2
1
1
1
14
1
2
1
1
1
1
1
1
3
2
2
8
1
4
4
1
5
1
1
2
2
7
2
1
1
5
56
1
3
1
1
4
1
5
-4
1
2
8
1
2
2
2
-3
7
1
3
5
2
1
1
4
3
2
1
4
1
3
1
3
1
3
3
1
5
6
2
7
68
2
1
1
1
1
1
2
3
13
20
3
1
1
0
2
1
3
6
4
1
1
1
1
1
12
2
6
4
1
8
1
2
3
1
1
4
1
1
2
2
1
1
16
7
33
-2
-3
1
2
0
25
122
7
3
15
-8
0
1
6
4
1
5
0
3
3
-1
4
8
0
1
1
-4
1
1
0
14
1
1
2
0
1
2
20
14
-31
20
-8
20
1
1
1
1
3
3
18
1
53
124
4
2
2
3
1
2
1
5
7
1
1
1
1
2
1
3
4
1
3
4
1
0
1
