1
1
1
10
4
1
8
15
5
1
9
11
1
1
1
5
6
9
-1
3
11
2
0
-4
2
6
5
3
1
1
2
-7
20
21
3
1
1
2
10
6
10
3
9
1
8
1
0
-2
-7
2
49
1
0
635
265
43
1
2
1
10
1
1
46
100
10
2
1
6
5
36
3
-7
1
5
2
2
3
6
4
-2
4
-5
0
-4
2
17
1
1
4
1
0
1
5
2
1
1
1
1
1
2
3
2
5
1
5
3
1
2
2
4
1
11
1
4
2
0
0
1
17
4
1
3
3
1
1
3
1
2
1
-1
2
1
1
1
10
4
8
4
5
1
8
1
1
4
1
2
1
3
5
5
3
1
3
5
1
2
1
3
1
2
1
2
0
3
3
1
0
2
3
1
1
3
1
2
2
1
12
5
17
0
1
7
1
125
38
4
2
7
-1
1
56
1
15
2
3
-1
2
-5
2
1
1
1
3
4
2
3
2
6
-2
1
3
3
1
1
16
3
1
14
0
1
1
1
1
0
5
2
2
16
2
1
8
19
45
5
1
4
1
0
5
0
4
19
7
6
1
0
2
7
-4
7
1
1
-2
-1
-1
2
3
21
0
9
1
0
1
1
1
1
3
3
2
1
1
0
2
2
1
2
10
2
9
2
1
3
1
1
3
1
0
1
10
1
6
0
5
1
2
5
0
1
1
4
2
1
33
0
68
1
5
1
2
4
2
17
1
18
10
1
3
1
1
2
1
1
1
1
9
1
3
2
1
-5
13
2
2
1
1
1
18
-1
-9
6
1
10
8
1
2
-1
-1
1
-2
1
1
10
1
4
1
7
1
6
6
6
13
0
-1
-1
1
3
-2
3
3
1
-5
3
2
3
46
5
7
1
1
-1
-3
1
3
2
2
12
12
1
1
1
20
5
8
-2
1
2
1
2
1
1
1
1
1
-2
4
5
0
1
3
1
1
1
4
1
2
1
-4
1
1
1
2
1
1
15
3
-1
1
2
1
3
3
1
4
2
2
2
2
1
-1
1
7
5
-1
21
-8
-4
1
6
4
-9
2
15
1
1
1
8
3
2
12
9
1
1
5
1
3
-1
0
1
21
1
3
1
1
1
1
3
1
1
1
1
2
0
4
1
3
0
1
-3
14
19
1
1
25
6
0
1
1
1
1
24
15
6
1
1
5
9
6
1
5
2
0
1
1
8
2
7
4
2
2
1
3
1
1
48
1
-1
2
8
9
12
1
4
1
1
16
2
1
8
3
0
-1
14
1
-3
1
13
4
2
2
29
7
32
4
3
7
2
19
2
2
1
11
5
3
-1
5
1
1
11
3
2
2
9
1
1
0
3
3
16
5
3
2
2
5
1
7
19
1
5
9
-3
12
12
2
3
1
5
3
2
2
2
1
1
3
2
9
11
1
120
-1
5
8
3
0
3
-1
3
1
3
1
1
2
2
14
3
1
3
2
-16
3
1
0
1
1
1
2
1
1
1
1
1
2
1
2
1
4
4
2
1
1
3
-10
7
1
9
4
1
7
6
4
1
1
2
6
0
2
7
2
42
1
1
2
24
15
1
0
17
0
3
1
9
27
1
2
-1
4
3
2
1
4
2
2
5
10
1
2
23
0
2
11
-1
2
-4
1
5
11
6
1
3
1
14
7
3
1
3
1
2
3
3
0
1
3
4
1
2
2
0
16
1
1
1
2
2
2
1
1
20
5
0
4
38
1
1
2
1
1
2
1
4
4
22
1
1
3
-2
0
7
2
2
1
1
0
4
1
1
2
1
6
2
-3
1
-4
6
8
1
2
22
1
3
4
7
25
7
1
27
1
2
5
8
1
0
1
7
2
1
1
1
1
1
1
1
1
5
0
0
2
1
2
3
7
1
7
2
-1
1
1
2
1
2
5
1
1
1
2
1
2
0
1
1
1
2
12
1
1
14
-4
1
-2
3
15
2
1
1
3
36
1
2
1
1
-9
2
5
4
1
3
5
1
21
-2
1
1
2
0
2
4
5
2
1
1
2
4
1
3
1
3
8
5
1
3
4
4
1
3
15
1
1
1
2
4
2
1
6
0
1
0
5
10
1
15
8
1
4
-1
1
4
4
1
1
2
1
-1
3
3
2
1
2
1
1
2
4
2
1
1
3
2
1
1
1
1
9
11
5
3
1
1
1
1
3
0
0
1
1
2
11
6
11
2
6
6
7
7
2
6
1
4
1
2
2
4
1
2
4
3
3
1
2
1
5
1
1
1
31
2
1
0
1
1
1
1
2
1
1
57
1
2
1
-1
8
4
2
0
6
1
0
1
0
2
1
3
1
2
1
7
1
4
3
-2
14
26
0
1
5
2
5
1
1
8
12
1
1
16
2
5
4
2
1
1
1
1
1
1
1
7
2
1
2
0
2
-6
1
1
1
2
3
1
6
1
5
1
1
1
10
3
2
2
2
1
2
4
6
2
8
1
-1
3
3
7
2
4
1
1
1
3
3
7
1
4
1
1
0
1
2
1
2
2
1
5
6
0
2
4
1
4
3
2
5
6
1
1
1
8
2
4
1
2
2
1
1
1
4
1
1
2
3
1
2
1
1
9
1
1
1
-6
3
3
3
2
1
0
4
1
1
2
12
-2
0
5
3
7
4
0
15
3
25
2
0
4
10
3
3
-1
7
2
3
3
3
-1
1
1
1
-4
-7
22
2
9
1
22
3
-8
3
6
4
3
-8
5
7
2
4
2
5
2
1
2
3
7
1
-1
3
5
1
2
2
2
5
3
1
2
2
2
3
1
1
1
3
2
1913
1
5
1
2
5
1
1
10
1
3
2
1
0
3
0
2
1
0
1
1
0
1
1
4
11
2
1
2
1
1
9
1
0
3
2
4
5
0
2
3
2
-10
2
9
3
2
3
3
3
1
10
4
1
-1
7
3
3
32
3
1
1
9
5
1
11
9
3
1
12
0
3
1
7
1
4
1
1
9
0
1
1
8
1
2
2
3
1
5
1
-2
1
6
1
3
2
3
1
0
4
0
2
0
12
4
25
2
-4
2
3
8
1
1
1
2
5
2
2
1
3
2
8
3
5
3
6
1
3
3
3
-9
1
-1
196
4
4
2
9
1
3
1
-10
-4
-8
2
2
3
-2
-3
2
5
1
1
2
1
-1
1
1
1
0
1
-1
1
0
1
1
2
10
2
33
-2
2
1
1
13
4
2
-9
1
1
-14
87
8
1
5
3
3
2
2
12
7
10
1
5
0
1
2
1
1
-1
2
9
1
-4
9
7
1
2
1
2
1
1
2
1
2
0
16
3
4
1
1
1
0
1
1
1
4
1
1
1
3
1
22
1
1
0
15
0
13
34
1
1
9
3
-4
8
-4
1
2
1
8
1
1
1
1
-1
2
2
1
3
2
1
14
1
2
1
1
1
-1
1
1
2
3
5
-1
1
0
8
3
1
1
12
2
1
3
2
5
10
39
2
5
0
17
0
3
1
2
13
0
2
0
-3
1
1
14
0
1
5
6
7
1
1
8
2
1
-2
1
1
1
3
-6
3
1
1
1
1
1
5
5
2
1
7
4
0
0
2
4
1
5
1
2
5
1
1
6
-2
0
0
6
0
3
1
3
1
1
2
1
1
-4
2
1
3
7
4
1
0
0
2
1
0
7
1
2
2
36
2
1
0
2
2
2
1
2
1
38
-9
9
2
6
7
1
1
0
0
6
5
-4
17
1
1
0
0
3
1
1
2
1
2
2
3
2
1
1
22
3
1
4
0
1
3
-2
0
4
4
1
1
2
2
3
3
5
-6
2
2
1
2
2
5
1
-8
1
5
2
4
5
8
5
2
2
8
2
4
1
35
6
2
1
8
1
2
1
30
-6
2
2
