1
4
1
2
3
2
7
1
5
1
13
9
2
5
4
1
1
6
-5
11
10
2
4
2
2
1
1
2
2
1
1
2
2
1
10
8
0
1
1
-9
-1
3
6
1
-1
4
3
0
3
2
6
1
1
2
3
1
1
1
-3
-1
6
0
-1
2
1
3
9
5
1
11
1
1
1
1
3
12
3
2
1
1
2
10
3
3
7
2
1
5
2
5
2
1
1
3
8
1
1
4
1
3
0
1
3
2
2
1
4
-1
1
1
2
4
3
4
4
25
4
7
6
2
0
2
3
3
1
1
1
11
0
-6
2
7
7
2
3
1
1
3
2
1
0
1
0
10
1
2
19
2
2
-7
21
10
9
1
4
1
21
2
3
8
1
4
1
2
1
1
1
9
1
1
2
1
7
3
0
-3
1
11
1
2
1
9
6
1
11
1
2
2
1
1
3
1
1
1
1
2
1
1
-4
0
26
3
7
3
8
3
-1
4
3
4
3
10
1
1
7
9
6
7
-3
3
1
1
1
1
-1
2
1
1
1
2
1
8
2
1
1
1
1
6
3
1
12
2
1
11
1
4
-5
11
60
3
2
1
9
7
0
8
1
-2
5
3
3
3
2
2
1
1
1
1
0
1
1
1
4
3
2
79
5
1
184
2
2
3
1
7
1
1
4
-1
3
37
-7
-4
3
12
6
3
1
2
2
0
0
2
1
1
2
5
1
2
1
5
-2
1
4
3
2
4
2
1
3
6
1
1
8
5
23
46
19
16
6
29
21
11
-7
3
2
5
11
8
6
3
3
1
0
1
3
1
0
-4
-1
3
2
1
2
1
0
2
1
0
58
81
-3
2
1
1
3
1
2
5
3
1
-3
1
1
4
2
0
-1
1
57
2
2
-15
2
9
-8
1
0
3
-1
1
2
1
1
2
29
0
1
0
3
65
6
24
6
3
1
1
6
8
2
-2
-6
1
1
6
1
1
-1
1
1
-10
7
6
1
2
1
1
4
6
1
-6
2
1
1
4
3
2
-1
-2
3
1
2
2
1
2
1
1
2
1
3
1
9
4
12
2
1
2
2
