0
-1
2
1
1
0
1
2
1
1
1
1
2
1
1
34
1
1
1
4
1
1
1
2
3
1
2
0
-17
1
2
3
-3
2
1
2
153
0
-5
11
27
2
15
1
4
-4
7
1
5
4
-2
1
9
1
7
2
7
3
13
1
2
1
4
2
3
1
1
6
0
6
1
1
1
1
1
-33
3
1
1
-6
1
1
1
1
1
1
1
1
2
5
1
2
1
2
2
2
2
1
0
1
4
3
1
13
2
0
1
1
0
1
1
1
1
10
1
-1
0
3
1
1
7
6
3
0
3
1
1
0
3
3
-1
-2
-1
1
2
2
1
1
1
1
2
7
2
1
2
0
2
1
3
0
1
1
10
2
5
1
1
22
1
1
5
3
6
1
3
1
1
6
2
1
3
9
1
2
3
2
3
1
4
1
1
2
1
5
2
1
3
3
22
1
2
70
1
2
1
7
2
10
5
1
2
0
1
2
1
1
25
2
6
13
1
2
3
8
1
2
19
1
8
1
1
4
1
4
1
32
1
11
1
1
4
13
12
7
17
1
1
3
3
-6
1
1
4
3
4
1
1
1
2
8
1
2
0
1
1
1
1
6
-15
1
8
2
1
0
2
8
3
2
15
1
2
1
1
-6
0
1
2
1
4
2
1
1
2
2
13
-1
2
-27
4
1
2
5
1
1
3
1
1
25
3
3
7
2
1
21
2
0
1
0
3
1
10
22
2
1
1
2
2
2
1
4
2
2
2
1
1
4
3
1
1
6
2
5
1
1
3
31
3
1
1
72
2
7
3
1
1
-1
2
2
0
3
2
1
2
3
1
1
5
2
391
0
1
3
3
1
1
3
1
0
2
2
2
-1
0
2
1
2
3
9
1
2
2
1
2
1
4
2
5
2
2
2
1
1
2
20
1
2
2
1
1
15
1
6
3
3
1
0
1
1
6
1
1
2
1
1
12
1
2
2
2
2
-3
1
1
2
1
1
2
2
1
2
0
11
0
2
1
-14
2
2
1
1
6
3
-6
1
3
2
1
1
0
1
1
1
2
5
1
1
1
-3
39
5
2
2
2
-1
2
7
7
1
1
1
7
37
-1
1
2
1
3
-1
1
2
38
1
5
2
2
9
1
5
1
1
1
12
1
7
1
2
2
2
11
1
1
2
10
7
2
1
2
-1
0
-3
-2
1
29
1
7
22
6
0
8
4
3
1
0
2
2
1
1
1
1
2
5
1
3
14
2
12
0
-1
10
-6
1
6
-2
1
2
1
4
0
2
1
5
-1
2
5
5
3
4
6
3
12
1
5
1
2
6
1
10
13
3
3
1
1
2
1
5
2
4
1
2
2
1
1
1
12
2
0
1
13
1
2
0
3
1
1
11
5
5
1
0
9
1
2
10
1
41
1
1
4
1
3
2
1
1
4
26
2
1
6
2
3
4
1
6
0
1
2
6
1
2
2
4
1
15
1
2
2
1
0
2
3
4
1
2
1
2
1
2
2
3
3
4
2
12
1
321
1
1
2
1
1
1
2
15
4
2
70
2
5
2
3
5
3
2
9
7
4
3
1
2
-4
1
1
2
0
164
1
-1
2
-7
2
1
3
65
1
3
3
5
-1
1
1
7
10
16
6
2
15
19
1
-11
1
12
5
2
5
1
5
7
1
2
1
1
1
2
1
1
1
1
12
1
1
-1
1
-1
2
2
1
14
2
2
0
13
2
1
0
0
4
1
3
0
2
4
5
2
27
1
5
6
-1
3
7
3
6
0
2
1
-3
17
2
3
1
2
3
0
1
5
0
1
2
5
-3
1
2
1
1
1
17
1
2
2
2
4
1
1
1
2
28
5
1
-1
2
1
0
1
2
1
20
1
-8
1
7
1
1
1
4
104
0
6
7
1
1
13
1
1
1
1
22
1
1
0
3
9
-2
3
8
6
3
1
8
-12
3
3
10
2
0
4
2
5
8
1
9
6
5
13
3
0
1
6
6
3
2
3
3
3
-2
3
10
9
4
1
2
3
1
1
9
-3
4
1
1
2
0
2
2
3
1
2
2
1
11
4
1
1
1
1
1
1
1
2
11
1
21
3
0
3
0
-1
2
2
1
1
1
1
4
3
1
0
1
1
1
2
6
1
0
1
2
3
1
3
6
13
20
1
3
76
1
1
2
2
1
6
18
1
1
7
3
2
3
2
2
2
1
1
-9
2
2
6
1
1
3
1
2
22
2
5
1
7
4
3
0
1
1
1
1
-1
10
2
1
1
5
3
1
1
3
-1
1
9
0
2
14
2
3
14
2
1
20
1
1
1
1
0
2
0
1
0
5
1
1
2
1
1
1
2
3
3
-5
2
3
5
1
7
1
2
2
1
0
0
2
2
1
1
1
4
1
2
2
1
-4
0
2
1
1
1
2
2
1
3
0
14
2
1
2
1
1
1
1
1
0
1
3
1
4
1
1
1
59
1
5
2
1
1
-4
-1
4
0
3
1
1
4
2
0
6
2
-1
15
20
18
1
6
1
2
4
8
2
4
2
4
1
3
1
1
-1
10
1
2
67
1
10
-9
6
1
2
1
1
1
12
1
1
13
4
2
1
8
1
3
2
-2
1
3
2
1
237
14
1
1
1
1
1
-4
2
-2
-2
1
2
1
17
28
1
1
1
0
0
1
69
1
1
2
3
18
1
5
3
1
1
1
1
12
-6
1
2
1
3
1
4
3
1
4
2
1
1
2
1
2
1
1
9
1
26
1
1
2
3
1
2
1
6
9
-2
1
5
1
2
1
1
2
1
1
1
2
4
1
1
16
1
76
2
1
1
10
1
3
-2
4
1
2
2
2
0
2
2
12
1
1
2
1
0
5
2
-4
9
10
7
3
1
2
1
1
2
2
1
0
1
1
2
1
1
1
3
4
216
1
2
7
2
2
4
28
0
1
1
4
3
-1
1
2
1
0
1
1
3
1
1
1
1
1
31
1
2
1
4
7
1
2
14
-1
2
61
4
1
1
3
1
2
1
1
4
5
1
1
23
1
1
1
2
2
1
15
12
1
1
25
0
6
0
9
1
2
2
2
1
2
27
1
3
8
1
3
2
1
2
2
1
1
2
-2
2
1
1
3
1
2
3
1
1
1
5
1
1
1
7
2
8
1
3
17
6
1
7
3
2
1
1
21
2
1
1
1
2
2
3
2
2
1
1
0
5
7
2
1
5
2
2
2
1
3
1
1
3
89
0
2
1
-1
4
1
3
2
14
1
0
23
1
4
7
3
-2
1
1
2
2
1
6
11
-5
1
1
2
3
1
2
2
5
1
2
3
13
4
1
-1
1
1
1
5
1
1
-2
2
134
35
2
1
2
2
31
1
1
1
1
-5
1
1
4
21
3
8
4
2
2
5
2
8
3
1
5
3
1
1
24
1
2
10
5
1
-1
1
1
1
26
6
9
9
5
2
2
1
3
2
12
2
2
1
13
2
1
3
5
1
0
1
2
1
1
-1
2
1
1
1
2
1
1
3
4
60
4
2
1
10
1
3
20
2
4
1
2
3
2
2
8
86
1
1
9
1
3
0
2
-1
6
6
1
2
2
3
5
6
14
1
9
0
0
1
0
2
1
1
9
2
-2
14
1
2
1
0
1
1
2
4
0
2
3
1
1
1
2
1
1
4
1
2
2
5
1
18
1
2
0
0
-5
1
7
15
1
1
1
1
13
-1
7
1
1
1
2
1
1
1
1
2
1
2
-1
5
3
25
2
-1
1
2
1
1
1
-9
2
2
2
6
2
2
1
1
1
1
0
1
-10
3
0
2
1
1
2
2
4
1
0
-1
0
1
31
5
1
1
1
1
2
1
1
2
2
3
1
2
1
1
1
2
1
1
1
5
2
1
4
2
7
1
1
3
6
7
1
1
1
1
5
1
11
10
6
8
77
4
-2
1
3
2
1
1
0
0
3
6
7
-2
1
3
4
0
3
2
1
1
3
1
3
4
3
-18
1
6
3
4
3
1
2
2
6
1
2
1
4
4
20
2
1
13
25
6
4
-3
0
1
108
6
49
2
2
1
0
1
7
5
1
15
4
26
1
8
2
-4
3
0
3
5
3
1
1
4
2
1
3
1
1
1
4
3
1
9
4
1
2
-2
7
1
0
2
1
2
12
1
2
5
-1
3
1
177
35
-1
2
7
3
5
0
10
-3
3
-12
8
6
1
14
4
20
3
10
2
1
1
6
3
3
1
1
8
-2
1
2
1
1
0
3
-1
1
12
1
2
8
0
0
2
6
2
0
1
1
-1
3
6
8
1
2
6
3
1
1
1
1
3
0
1
1
1
1
2
2
1
1
3
10
2
1
1
1
-5
1
2
1
-1
1
1
2
1
1
1
2
2
1
1
3
3
2
2
8
1
6
1
2
5
3
5
2
1
0
5
1
50
11
1
2
2
12
1
3
1
8
3
2
2
-1
1
3
1
5
17
2
3
1
3
2
1
2
24
5
-2
1
1
6
2
3
1
2
1
1
2
1
2
1
3
1
2
1
1
1
2
1
1
1
1
17
2
2
2
1
0
1
1
2
6
-1
3
2
3
3
1
7
426
3
1
5
8
0
133
1
0
1
6
4
2
3
37
-1
1
1
5
1
1
79
13
97
4
3
1
4
6
-4
20
-8
12
13
13
6
4
60
1
1
7
3
5
1
6
1
1
1
3
1
7
1
4
1
3
3
2
1
1
1
2
1
1
6
1
5
1
1
1
2
1
-2
14
2
-1
8
28
3
2
1
2
0
1
0
29
3
3
2
0
1
-2
3
1
1
0
2
3
1
15
2
3
2
24
6
0
-1
1
1
1
-2
3
1
1
2
3
0
15
1
2
1
2
1
3
1
1
1
0
1
6
2
12
5
1
6
1
1
1
1
2
1
0
4
3
1
0
5
1
1
1
0
1
1
1
1
1
1
1
2
3
1
3
1
3
4
2
1
4
1
1
5
0
1
0
38
3
3
2
1
3
0
11
57
2
1
26
1
7
11
3
-2
2
25
2
1
10
8
1
2
3
2
46
1
1
1
1
2
1
9
1
1
5
1
0
3
3
4
1
1
1
20
1
1050
2
1
1
0
1
6
1
3
9
13
3
24
1
1
2
-11
1
114
1
3
2
1
-1
2
1
1
1
6
6
36
5
3
1
1
123
1
3
1
-11
-10
1
1
2
1
1
-1
0
0
4
2
1
13
1
1
3
3
3
4
12
13
1
1
2
0
1
4
3
1
1
22
0
9
1
2
1
19
1
1
3
1
20
1
0
3
27
18
2
0
11
1
1
7
0
1
2
1
1
2
2
3
1
1
3
22
4
0
-1
1
1
4
-1
1
1
1
1
1
2
1
4
5
1
1
1
1
1
1
1
-7
1
-1
1
2
2
0
2
4
1
2
22
1
2
30
1
23
3
1
5
1
-4
1
1
150
11
1
1
1
2
2
0
2
1
1
1
32
1
1
1
1
5
2
1
4
1
2
1
141
7
1
-4
1
12
1
1
2
3
1
3
1
3
0
34
1
1
4
1
-4
28
1
1
2
9
1
9
0
1
2
2
1
1
20
2
1
3
1
9
5
5
2
1
2
1
5
3
2
2
58
3
1
2
1
1
2
1
2
0
1
1
1
1
1
19
1
1
5
1
2
-6
2
1
12
2
2
1
1
1
2
1
5
1
2
3
10
4
1
54
4
2
1
2
4
3
1
1
3
7
19
2
3
1
15
1
4
10
3
2
38
1
5
13
1
1
2
1
0
2
2
1
1
5
4
1
1
1
3
1
0
1
1
8
2
29
3
1
1
4
0
4
1
0
10
3
0
4
1
1
79
2
1
0
1
1
1
1
1
1
0
1
1
3
0
1
1
2
0
1
1
9
1
1
1
1
2
9
4
5
1
1
1
1
1
2
3
24
1
1
1
1
2
4
1
1
3
0
1
1
9
-1
38
0
7
1
2
2
1
1
7
11
2
-3
-5
5
5
3
1
3
13
1
12
1
1
4
1
20
-1
9
1
1
1
3
2
8
3
15
1
-1
1
1
1
3
1
2
10
5
30
1
-1
4
10
1
1
6
2
13
2
3
5
1
1
-8
1
2
3
-1
2
1
1
2
12
2
-2
41
23
14
3
1
2
0
3
1
0
2
1
3
1
3
-4
6
1
1
1
3
2
1
-7
3
1
2
2
1
2
97
-1
1
3
4
1
2
3
1
1
3
0
21
1
1
19
1
1
56
1
0
8
1
26
0
3
0
1
12
1
2
4
2
3
11
-1
1
4
2
0
8
1
3
30
10
1
1
2
2
0
1
2
2
1
1
15
1
5
1
2
3
1
3
2
1
3
3
1
5
3
1
1
7
1
11
6
0
3
6
15
7
11
1
1
2
-6
-2
0
0
1
2
3
2
1
12
1
16
6
4
1
1
2
-2
3
12
1
1
4
18
1
0
1
9
1
2
3
4
3
2
5
-1
2
1
1
13
1
0
1
6
1
1
1
2
1
1
1
1
1
5
0
2
5
1
2
2
10
11
-2
19
-2
5
1
1
1
1
2
2
1
1
1
6
0
1
2
12
1
3
1
1
1
2
-1
1
2
2
8
-1
2
1
1
1
9
-5
36
0
1
-1
4
6
9
1
6
3
3
3
1
1
-5
9
2
2
1
6
41
2
-8
6
3
1
4
1
1
1
1
1
5
1
3
2
3
1
2
2
-78
1
1
1
1
1
3
1
3
-10
1
1
1
2
0
8
5
1
1
2
5
2
7
1
1
2
3
4
1
1
1
3
15
3
1
1
1
4
12
8
1
3
1
7
1
3
2
1
7
1
1
1
1
9
2
9
4
-6
1
2
-1
1
1
1
41
3
1
1
2
1
1
23
2
-3
12
1
58
3
1
1
2
2
31
1
2
10
2
1
4
0
15
2
2
2
2
1
1
0
1
5
-14
9
1
2
4
3
14
15
7
8
2
2
32
44
1
1
1
5
1
0
20
-1
1
3
1
1
1
35
0
2
0
3
9
2
2
0
1
10
13
0
2
0
1
1
6
2
1
3
1
1
1
10
2
1
3
0
0
0
0
1
1
1
1
-5
6
1
1
7
1
1
1
3
7
3
1
5
4
5
2
1
4
47
5
1
6
1
1
4
2
1
7
1
3
1
2
1
1
1
1
-3
1
4
3
3
2
1
1
2
3
1
3
1
1
1
1
8
1
2
1
1
1
1
1
4
1
1
2
31
1
1
1
21
2
1
-4
2
17
3
1
1
5
9
1
1
2
2
2
1
3
26
1
4
-8
5
1
1
2
308
2
10
1
2
24
0
1
1
13
10
16
1
5
1
-2
5
1
1
1
-1
30
6
2
3
1
1
1
67
1
1
3
9
-1
0
6
2
0
1
1
1
3
1
1
1
1
2
1
8
28
4
1
4
4
0
1
8
3
2
1
5
2
15
1
14
1
4
9
2
2
-1
1
2
10
1
3
1
1
1
1
0
0
2
0
2
3
196
1
1
4
1
1
11
0
6
4
4
1
2
10
3
1
-14
1
1
5
23
1
31
10
5
14
3
3
3
55
2
11
1
10
-5
4
1
2
4
3
-1
3
1
4
1
1
1
2
7
4
2
18
10
5
1
4
3
14
28
1
2
6
1
1
4
1
-3
1
1
1
4
6
2
5
5
8
1
3
2
546
1
1
2
0
2
13
1
2
4
1
1
54
1
1
1
1
8
1
1
1
2
23
4
1
-2
1
3
2
3
2
-1
2
1
1
1
6
0
1
2
4
2
1
1
1
2
4
1
4
1
2
1
2
2
6
2
0
51
1
2
1
3
2
2
2
3
1
17
1
1
2
1
2
5
1
0
-1
-3
1
1
1
3
2
3
1
5
-3
3
1
1
1
10
1
1
1
1
1
0
6
0
3
-2
1
1
1
1
3
1
1
3
1
1
1
1
1
1
2
1
1
1
1
3
1
1
1
1
1
5
1
2
1
3
9
1
13
1
1
2
1
4
1
2
1
1
-7
1
3
1
0
2
1
1
2
1
0
8
1
1
3
1
6
-1
1
2
5
3
1
1
2
1
48
2
1
5
1
1
1
25
7
2
1
11
1
1
1
1
18
9
1
14
1
1
1
1
1
3
318
16
25
1
1
3
1
0
20
2
4
1
5
2
10
3
1
0
1
1
-3
-1
4
10
3
-1
29
2
2
2
-2
2
6
2
5
4
2
1
4
4
1
5
2
1
-2
1
2
3
1
1
1
2
2
2
1
8
8
3
-8
4
1
3
3
2
3
2
1
17
1
1
2
1
-3
4
-6
4
2
3
3
2
1
2
3
2
9
1
2
3
3
3
1
2
2
3
2
2
8
6
4
448
0
3
7
10
5
3
8
2
1
2
41
1
2
0
1
9
5
1
1
1
113
11
-1
48
1
6
0
35
-5
6
3
1
6
3
3
-1
1
8
10
1
0
2
3
-1
23
1
1
2
2
2
1
1
3
-2
1
1
2
1
1
5
-6
1
5
2
-4
-7
3
-3
3
4
17
-6
3
2
8
4
3
2
2
-10
2
2
1
2
6
0
2
1
-2
2
1
1
3
6
1
9
8
2
2
1
3
1
0
1
1
1
1
1
2
1
3
7
1
2
17
2
0
7
-1
10
2
-3
0
2
1
1
3
3
2
3
1
1
1
2
8
1
10
5
4
1
2
2
0
3
1
2
-2
3
1
0
2
1
3
2
2
2
1
3
2
3
4
3
1
1
2
2
2
4
1
30
5
14
3
2
3
1
3
6
1
3
1
1
2
3
1
1
9
-1
1
1
1
1
1
1
7
1
2
2
164
27
2
1
0
1
2
1
9
3
5
0
2
2
1
2
2
7
2
6
6
1
2
1
1
8
19
3
5
6
1
3
13
14
1
1
-1
5
1
2
4
1
1
8
18
1
2
3
-1
4
0
2
12
42
2
10
2
1
25
1
1
3
2
2
1
1
1
1
3
1
4
2
1
1
1
18
1
2
11
1
6
2
4
1
1
1
1
0
1
1
3
1
1
3
1
0
1
2
1
1
1
1
11
1
1
2
1
2
2
4
2
1
1
3
1
1
3
1
1
4
2
-2
3
2
1
1
3
14
3
3
2
0
1
1
1
13
1
0
2
6
1
3
1
3
1
1
3
1
0
2
2
2
37
0
3
1
3
1
1
1
1
2
1
-4
11
1
6
1
3
2
1
1
1
1
1
1
1
2
1
1
2
2
6
1
6
2
14
4
1
3
1
2
1
1
1
6
1
6
3
2
1
1
2
12
1
2
2
2
3
1
1
2
1
0
3
1
2
2
2
2
-1
3
2
1
2
4
3
2
1
0
2
1
3
2
0
2
0
10
1
1
1
1
5
3
1
1
1
1
2
1
2
1
2
12
1
2
1
7
1
1
7
15
2
1
5
1
1
40
2
3
1
3
2
194
2
1
3
1
1
7
1
1
15
1
1
1
1
1
16
2
4
0
1
58
6
0
1
2
1
1
8
1
4
2
2
2
3
2
1
1
0
8
2
1
1
2
2
2
1
-1
0
1
2
5
0
1
3
1
2
6
0
2
1
1
1
2
1
1
0
2
1
0
30
1
3
2
1
1
1
20
2
2
1
79
1
5
0
1
19
3
1
2
1
1
6
1
3
2
2
2
1
0
246
2
2
43
2
-1
23
5
2
6
5
6
2
8
6
1
3
-1
2
1
1
7
1
1
1
3
3
3
4
3
2
26
1
-6
7
9
3
1
5
1
1
9
1
1
2
1
1
2
1
1
5
0
1
1
11
1
1
1
2
52
2
1
14
24
2
4
1
1
8
2
-6
1
1
19
4
21
6
6
0
1
6
1
0
2
2
0
1
0
0
10
1
1
14
-2
197
1
1
8
1
1
1
1
5
2
6
1
2
1
1
1
1
3
7
1
1
7
2
1
4
3
0
3
2
1
1
6
2
10
1
2
1
1
0
3
1
3
1
-1
2
2
1
1
1
11
2
6
9
1
2
1
2
2
1
5
3
2
1
2
11
2
5
5
21
11
2
13
2
2
-9
0
1
2
1
1
1
2
-5
3
6
9
1
2
3
3
2
2
1
1
1
1
2
1
-7
226
1
1
18
2
2
3
3
1
5
2
8
-1
3
1
3
3
1
1
2
2
6
2
3
1
1
6
1
2
2
-3
28
4
2
14
2
2
1
-1
2
2
3
1
0
4
1
2
-2
2
2
29
-1
1
1
-1
1
0
-2
2
1
1
1
1
6
1
1
3
-2
10
2
3
1
1
1
0
1
1
1
2
1
2
1
2
3
1
2
4
9
1
2
1
4
1
1
3
-1
1
0
4
1
1
29
12
3
4
1
3
1
1
1
19
1
1
8
2
-16
1
1
-15
1
-22
2
12
-18
-2
1
1
6
1
327
17
-2
0
1
2
3
1
1
3
1
1
1
83
9
2
0
1
1
2
3
15
6
2
1
3
1
1
1
2
0
2
0
0
7
19
1
2
2
8
1
2
0
6
1
1
2
2
0
-1
5
1
30
1
10
9
2
1
5
4
1
3
1
2
1
2
7
1
5
17
1
3
6
2
1
1
1
10
0
-1
3
5
22
1
2
2
1
4
2
11
1
7
3
2
2
4
0
1
1
3
9
1
4
1
1
5
1
-1
2
8
2
1
1
5
2
3
4
1
3
2
2
2
9
3
3
-1
2
1
2
4
1
11
3
2
1
2
2
1
1
1
0
1
4
1
1
3
1
1
1
6
1
1
2
3
2
1
1
3
1
1
2
2
-6
0
2
3
2
9
6
3
1
1
1
1
1
5
5
25
1
1
1
1
17
1
1
7
1
1
3
2
1
13
2
1
1
1
2
1
1
2
2
17
1
2
1
3
11
1
-1
3
9
1
-3
-5
4
2
1
2
1
-2
-1
3
-14
1
1
1
2
5
1
1
2
2
3
3
1
2
1
1
2
1
1
1
3
3
1
-2
2
1
1
2
1
2
5
1
1
2
1
1
1
4
1
13
1
2
2
3
1
26
12
5
0
1
4
2
3
3
55
4
1
2
1
2
1
3
3
1
1
2
3
1
1
-11
2
9
1
2
1
2
3
6
5
1
2
2
3
1
1
2
0
1
1
3
1
5
2
1
1
1
1
6
2
1
2
2
5
1
0
3
-5
1
1
1
1
1
3
-1
10
2
1
-1
-4
2
0
2
-4
8
5
2
10
2
9
2
2
2
16
1
1
1
28
-6
17
1
11
1
1
6
1
2
1
3
2
1
3
2
1
2
1
7
-1
1
2
1
0
2
1
3
-6
7
1
1
1
3
2
1
1
1
2
8
1
3
24
4
16
1
2
16
1
2
6
1
20
7
1
1
2
1
1
10
3
2
2
6
1
2
-1
1
1
5
1
4
0
2
1
12
1
1
3
-2
1
2
11
3
1
1
3
2
7
1
1
1
7
52
5
0
2
1
3
7
1
1
3
2
2
1
3
2
1
2
2
3
58
1
7
1
1
0
8
1
2
1
3
1
1
0
3
1
1
1
3
2
1
23
1
15
3
3
5
1
0
6
1
2
2
2
0
0
14
3
3
1
3
-3
1
0
1
2
1
2
1
1
-3
1
3
1
2
1
15
1
11
1
1
-2
14
2
2
1
1
-1
6
6
-2
1
1
1
2
3
2
18
4
5
1
5
1
1
75
44
0
2
15
5
1
1
3
2
5
1
2
4
3
3
1
1
-2
1
3
1
0
1
3
2
2
3
13
1
1
3
12
3
11
2
1
6
-2
1
1
2
0
2
-1
7
1
1
1
2
3
0
1
3
4
1
3
4
6
6
5
0
1
1
4
1
3
0
4
1
1
30
1
5
4
1
6
1
3
7
6
1
11
3
-3
2
-1
1
-4
-1
1
3
1
0
4
9
6
1
1
1
2
31
1
2
5
1
1
-6
3
2
7
2
2
-1
0
4
1
4
1
1
1
5
2
1
4
1
1
12
2
2
1
2
8
1
1
1
2
21
1
1
1
35
2
1
0
1
1
1
2
1
2
1
1
383
32
1
-1
1
264
0
1
3
3
1
1
1
1
1
6
4
3
1
6
0
0
3
2
6
2
2
1
1
2
2
1
11
1
0
3
3
2
1
1
2
1
1
1
2
1
0
11
3
9
1
1
1
1
2
2
1
4
4
3
8
8
3
1
2
5
1
1
1
8
2
1
2
23
1
2
3
1
1
1
1
21
9
6
1
3
1
3
1
5
37
2
2
2
1
-1
4
4
30
2
0
-12
0
-10
1
3
1
2
34
2
0
-1
2
228
2
1
2
-6
1
1
1
19
0
4
-1
3
12
0
1
7
1
1
1
1
1
0
-6
2
2
2
12
2
4
1
16
1
2
2
1
81
1
0
1
1
1
1
-4
1
6
2
1
0
2
14
2
3
1
2
1
1
-3
2
1
2
1
1
1
1
1
-10
4
2
3
1
1
1
2
2
1
3
0
4
1
2
3
4
13
1
2
1
8
1
1
2
3
1
-4
1
2
-3
1
-6
-2
3
2
1
-1
2
2
-9
3
1
0
5
1
1
-4
1
-9
1
-5
4
2
15
11
33
33
3
10
1
-1
-8
1
-5
6
0
1
8
2
-1
16
2
2
3
3
2
2
6
1
3
1
1
1
1
1
2
3
2
9
10
3
1
5
1
2
1
2
1
3
4
1
2
5
-2
1
1
3
3
3
4
1
48
1
2
34
0
2
3
1
-5
6
1
1
1
3
11
2
2
1
2
4
2
1
3
1
2
1
1
3
3
1
1
1
2
2
2
1
2
34
1
3
3
5
1
2
1
1
2
2
26
5
1
-2
1
1
1
1
4
2
2
0
1
1
1
1
3
1
1
1
1
5
0
1
1
3
1
2
0
1
1
-3
1
0
1
4
1
-1
1
9
1
1
1
2
1
1
2
1
1
2
4
1
3
1
1
0
4
3
1
3
-8
1
1
23
1
1
0
2
2
24
1
7
1
6
1
2
6
2
1
1
2
2
3
2
1
1
1
3
1
6
1
2
1
32
3
5
1
1
0
0
0
0
8
5
1
1
1
2
1
4
1
1
1
1
1
1
1
9
12
1
1
1
1
5
1
2
2
16
1
1
3
2
1
1
1
2
6
2
2
3
1
1
7
3
1
2
1
1
6
3
1
2
1
1
1
0
7
2
5
1
2
1
-1
1
2
2
2
1
0
5
1
1
2
2
1
2
-1
1
5
1
1
1
1
3
1
3
1
1
1
1
1
1
0
2
1
1
2
2
1
1
1
32
1
2
2
2
1
1
2
1
1
1
4
2
22
1
2
1
15
0
1
1
0
5
1
1
1
-6
3
1
1
18
2
1
2
1
1
14
1
1
1
28
3
8
1
1
1
6
1
1
1
1
8
1
1
2
1
8
11
2
3
1
2
3
1
2
1
2
2
1
0
-5
2
3
33
1
1
13
-7
2
11
2
2
4
1
1
3
2
2
2
0
1
1
0
2
3
3
1
2
2
1
3
6
2
1
1
2
3
2
2
1
1
4
1
1
-1
16
-3
3
2
1
-3
19
2
2
1
2
2
4
1
2
3
3
3
1
1
2
8
3
2
2
40
5
2
22
0
-3
2
4
4
26
1
7
5
10
4
3
2
3
1
-8
5
3
1
2
1
2
2
1
1
1
3
2
2
0
4
2
5
3
8
3
3
2
-6
5
5
1
-1
1
-2
1
1
1
3
1
3
1
1
1
2
0
1
2
1
1
-1
1
1
2
2
1
1
4
1
1
1
1
2
0
-1
1
2
1
3
11
3
1
2
0
1
3
2
2
1
4
10
3
2
222
1
2
2
13
2
0
2
1
1
1
2
1
2
3
5
1
1
2
-4
1
11
5
4
3
1
2
1
1
1
2
1
2
2
1
2
3
2
44
1
5
-6
2
1
-6
3
1
1
6
0
1
7
1
2
0
2
2
1
1
1
13
3
1
8
2
1
3
5
7
2
1
3
1
0
2
1
3
-1
3
0
14
1
1
1
7
1
0
12
2
3
1
1
1
3
1
2
7
9
2
2
14
2
2
