1
1
1
1
2
1
1
1
12
1
1
1
1
2
2
5
10
1
0
3
5
0
3
1
1
1
0
0
2
1
2
2
9
1
1
2
2
3
1
1
0
7
1
-1
3
0
3
1
1
1
3
1
1
2
1
2
2
0
3
1
1
1
1
0
2
4
-1
4
25
4
265
1
3
3
6
2
9
4
1
2
2
11
2
12
6
1
-8
21
2
-1
1
3
7
8
2
-2
4
1
2
1
1
-4
1
1
2
3
7
16
1
11
13
4
111
1
-1
-13
5
0
1
1
2
1
2
1
8
1
4
1
21
3
-1
1
11
1
1
1
1
1
1
1
6
2
5
2
5
1
7
1
2
1
9
1
1
3
2
2
2
3
2
1
2
1
30
1
0
2
2
-1
1
8
2
3
5
36
1
-1
11
1
2
20
1
1
1
1
1
1
7
1
2
2
1
43
5
1
9
1
2
4
6
1
1
1
5
1
1
1
3
1
3
1
3
3
1
5
1
1
1
1
1
1
1
2
26
1
20
1
6
10
2
14
6
3
2
6
8
1
1
1
1
1
1
2
1
6
4
1
3
0
5
1
0
3
8
2
5
2
2
5
9
3
0
1
1
-1
1
11
1
2
1
6
2
5
2
1
3
-3
2
1
8
77
3
1
2
141
2
13
1
15
1
8
5
3
1
5
5
1
1
1
1
2
13
1
3
11
8
0
36
4
-1
97
3
1
0
1
5
4
2
26
7
1
0
5
4
2
0
2
1
1
2
12
5
5
11
3
1
1
1
2
6
1
-12
3
1
3
4
2
1
1
1
1
1
1
1
1
1
2
3
5
15
1
5
1
2
2
6
2
2
1
3
2
0
3
1
2
1
1
1
2
1
11
1
3
2
1
-1
1
1
1
3
3
2
1
1
1
29
4
5
1
2
3
-9
1
2
10
1
1
0
0
1
1
1
1
3
1
2
5
1
1
1
1
1
1
1
1
3
5
3
1
2
1
15
6
1
-4
1
2
-1
0
3
1
1
0
0
-1
-1
2
1
1
8
31
37
2
1
1
6
0
2
0
3
2
2
1
1
1
1
51
1
7
2
3
3
1
6
1
5
1
1
0
2
3
1
10
4
1
2
1
1
2
25
7
2
2
3
3
1
3
3
9
1
-2
2
11
2
1
1
5
1
-2
-4
1
1
1
1
3
-4
1
1
1
2
1
2
1
1
1
1
3
3
0
1
-1
14
-1
22
3
2
2
11
1
8
4
1
6
1
-1
0
7
2
5
1
2
-2
1
1
1
3
1
0
1
-1
1
3
1
12
0
3
1
3
3
1
1
1
1
1
2
28
2
12
0
3
29
2
2
2
1
3
9
7
1
2
1
1
-1
2
1
1
10
4
5
2
1
1
2
1
3
6
2
2
2
3
0
0
1
6
31
3
1
1
14
0
3
2
1
-3
1
6
-1
2
7
1
2
0
3
13
0
3
4
3
4
6
8
0
7
2
2
1
2
1
7
1
1
16
0
2
1
26
1
6
1
11
-1
2
-1
1
1
2
2
4
3
-4
2
2
0
-1
0
1
46
2
0
1
2
5
2
6
32
12
7
3
5
0
1
-4
-1
0
3
1
2
1
1
1
1
1
0
1
1
1
7
1
3
10
5
4
8
3
-1
-3
5
-1
9
1
0
2
2
0
1
1
1
1
6
1
0
0
1
2
3
1
1
1
0
3
1
1
3
0
3
2
4
6
5
2
3
3
1
7
1
56
0
14
1
1
1
2
0
3
23
2
2
1
2
1
-1
5
4
1
2
6
1
3
1
1
2
4
3
16
26
1
2
2
2
1
2
13
1
2
1
4
7
1
2
5
1
1
2
1
1
2
1
1
3
2
1
3
2
1
2
3
0
6
2
1
27
2
-3
-15
15
2
1
1
2
1
0
4
2
1
1
10
2
1
1
1
1
3
1
32
0
0
1
3
4
2
1
2
3
1
4
-9
9
2
6
2
3
1
12
3
1
1
2
3
3
2
26
1
17
1
-4
2
-1
1
2
2
1
1
9
-2
41
1
-1
1
2
6
1
5
3
1
5
2
3
3
2
1
4
5
2
1
1
2
3
2
-3
3
1
1
1
1
2
3
2
10
8
7
2
5
1
2
-1
13
2
1
3
4
2
1
1
0
5
2
3
3
2
-6
2
-1
1
1
1
-5
2
1
3
3
1
1
1
-6
1
5
1
122
6
2
1
3
1
3
1
2
2
4
2
-1
1
2
-2
9
3
2
1
2
-6
5
1
1
2
7
1
1
5
9
1
1
6
5
14
2
1
1
1
2
1
1
2
3
1
2
4
3
2
3
-2
2
-1
2
3
2
5
1
8
2
3
16
4
9
23
21
1
12
1
3
3
2
17
1
2
2
3
1
1
1
2
4
2
-1
1
2
0
1
5
0
2
2
3
2
1
5
-3
3
1
6
0
2
4
2
2
7
11
9
1
2
4
2
1
3
2
3
2
3
13
1
1
1
0
26
6
3
5
7
0
0
7
2
4
1
1
4
0
2
2
1
1
5
0
1
1
2
3
1
2
2
2
6
5
1
1
0
3
1
3
1
2
2
5
1
3
1
5
2
-2
0
2
1
21
4
0
32
9
5
20
-1
-2
1
5
31
5
-1
2
1
13
3
0
1
1
10
6
1
1
3
0
4
9
13
9
3
51
0
6
1
6
1
2
6
4
2
7
3
16
25
-4
3
5
5
13
0
33
3
8
9
4
2
1
1
12
1
2
4
2
2
-3
4
1
1
5
15
2
3
1
29
5
1
1
2
8
1
2
1
1
2
1
-3
2
4
3
1
6
1
5
1
4
5
1
5
1
23
1
1
0
2
8
10
21
1
61
-2
5
1
2
-4
1
-12
0
6
0
1
1
3
2
1
-3
1
5
0
9
2
2
1
2
2
1
3
1
2
1
0
1
1
2
6
1
4
3
3
4
1
3
1
0
2
2
3
0
0
2
1
2
16
1
2
1
3
-1
1
2
2
10
1
9
1
2
2
2
1
8
1
24
11
4
1
22
0
0
-6
2
16
10
3
1
1
1
2
1
2
1
1
6
1
6
1
3
3
10
16
0
1
3
14
4
3
42
1
21
-1
3
3
16
2
1
2
0
6
1
1
5
3
-4
10
3
3
1
2
2
2
2
1
23
1
1
5
3
2
81
2
1
-3
1
4
1
1
0
1
-1
