1
2
1
1
1
1
2
1
1
1
3
1
1
2
1
2
1
2
5
1
7
12
1
1
1
1
1
0
1
7
1
3
8
4
1
2
1
9
7
0
2
1
1
1
1
2
1
2
12
2
2
2
2
1
3
2
3
1
1
1
3
2
1
0
2
1
1
1
2
3
2
2
1
-2
3
3
3
1
1
1
2
2
1
2
1
0
1
0
1
1
1
1
1
2
1
1
1
3
2
1
2
1
2
13
0
0
1
1
7
1
1
1
1
2
1
2
1
1
1
1
3
3
7
-3
1
1
3
7
1
0
1
1
3
1
0
1
1
1
1
1
1
1
0
22
3
1
4
1
5
7
2
0
11
5
2
2
3
5
1
2
1
7
1
8
0
1
1
2
1
2
1
0
-1
2
0
1
0
2
0
1
6
1
1
2
2
2
2
2
1
2
2
2
1
5
1
1
1
3
1
1
-1
1
3
1
1
4
1
2
2
1
2
1
2
1
1
-1
2
1
1
2
3
2
1
1
1
1
2
1
2
1
1
0
1
1
1
14
2
1
1
1
0
2
1
2
2
3
3
2
2
3
9
1
8
4
4
1
2
14
10
2
1
1
3
34
74
2
1
3
-2
1
0
7
1
10
10
2
0
1
3
1
5
3
0
1
4
1
3
2
1
1
2
2
1
3
4
3
3
1
9
6
1
1
1
1
3
1
3
3
1
-10
1
0
12
0
1
0
-1
1
1
4
1
5
17
4
3
7
2
14
1
2
4
7
6
2
0
1
2
2
3
1
4
2
352
-2
-2
1
-1
2
9
-1
1
1
1
1
1
2
1
2
1
2
1
1
0
1
1
1
1
1
3
1
10
1
13
1
3
1
2
2
1
3
3
2
3
1
3
1
1
2
2
1
-1
2
4
4
2
1
1
1
2
1
1
10
2
1
1
-2
140
9
2
1
1
5
2
3
1
3
1
1
2
1
1
1
10
-21
-1
1
-15
1
1
1
1
6
1
1
2
1
1
1
1
6
3
1
1
1
7
1
1
1
11
4
12
6
3
1
3
132
1
5
3
-6
3
19
3
7
2
1
2
1
58
-17
14
21
3
1
1
1
2
2
2
2
2
-4
3
1
-13
5
-4
-1
14
3
6
6
1
1
2
2
3
6
3
-2
3
1
15
1
2
8
2
1
3
2
4
3
1
-2
1
1
1
2
1
-2
9
7
35
0
1
5
3
2
2
-3
11
0
-1
9
1
0
-6
1
3
11
3
2
1
29
3
5
1
0
4
1
1
-2
1
1
9
170
10
3
1
16
2
2
4
5
1
3
2
1624
152
1
2
2
3
2
2
1
2
6
2
1
4
1
66
1
1
7
3
1
4
1
2
1
234
1
1
1
1
1
1
1
1
3
1
1
3
-1
2
2
2
1
2
1
1
-19
1
1
1
1
1
3
2
1
1
1
4
7
3
1
-4
6
1
7
51
2
-8
1
7
8
3
0
2
1
2
2
7
1
1
4
5
8
3
2
48
1
1
1
1
13
1
1
4
6
2
1
0
8
-6
2
3
3
1
1
1
1
10
4
1
2
0
2
1
-1
5
2
255
3
4
3
-2
2
0
-1
3
6
2
3
-1
2
1
2
2
1
1
1
1
1
6
7
0
178
7
6
1
2
1
7
1
5
2
4
1
4
2
4
2
1
1
0
2
210
3
1
2
4
24
5
2
5
1
1
1
3
3
1
5
1
2
2
1
2
1
21
2
3
1
1
-9
6
3
60
-18
0
5
2
1
3
6
1
6
8
3
2
0
0
1
1
1
-14
4
2
1
3
4
3
37
1
107
2
1
20
-3
2
1
13
1
1
2
10
2
2
3
1
1
4
1
1
1
1
-17
5
2
1
11
3
1
1
1
3
1
25
2
1
0
-1
1
1
1
1
9
5
1
3
1
-5
3
2
-5
14
0
5
1
1
1
0
1
1
2
1
1
1
164
1
1
1
2
1
1
2
1
0
1
1
1
1
0
1
3
0
2
1
1
2
1
4
1
1
3
1
1
1
4
1
1
6
1
1
1
2
2
1
1
1
1
1
1
1
-5
1
1
1
1
2
1
5
3
1
1
1
2
3
0
2
1
2
1
5
1
3
4
1
2
3
1
1
1
2
5
2
7
1
1
1
0
1
1
10
1
1
1
1
1
3
1
1
-3
1
1
1
6
2
-4
1
6
2
1
1
2
8
1
0
4
1
1
1
2
14
5
2
2
1
1
0
2
2
1
1
1
1
8
-7
2
8
17
1
3
0
1
1
0
4
2
1
1
2
1
1
2
1
2
0
4
0
1
2
1
2
0
2
0
2
1
2
3
1
9
1
3
2
1
2
-2
2
5
2
1
3
1
2
2
1
6
0
5
1
1
1
1
2
3
13
1
2
6
2
0
1
1
5
1
6
1
1
1
1
2
2
1
0
3
1
2
8
1
2
2
3
2
7
2
19
2
2
2
1
1
1
0
2
21
1
2
-1
3
16
-2
20
1
2
1
14
9
1
1
1
0
1
2
1
1
3
1
-1
8
1
5
-1
3
-3
-3
5
2
64
1
2
2
6
1
1
0
1
3
2
1
11
-5
2
3
2
5
4
45
-5
3
19
-1
9
4
1
1
3
3
1
1
3
27
4
0
1
5
1
1
1
1
3
0
1
2
2
1
-5
1
1
1
2
1
3
5
1
2
0
13
3
2
4
1
3
1
10
3
1
1
1
4
0
6
1
1
1
1
2
1
-1
2
1
0
1
2
69
1
1
1
1
1
1
10
2
1
1
0
1
1
1
2
2
1
2
2
1
1
63
3
1
2
2
1
1
9
0
1
3
-6
1
2
2
1
5
5
17
4
-9
46
483
-9
-4
0
15
29
219
8
66
1
33
10
9
-3
51
1
45
1
1
1
1
2
2
1
8
10
1
24
3
-8
14
2
123
7
1
1
2
32
1
8
12
1
8
1
1
17
2
1
3
4
2
2
12
2
3
5
2
3
1
1
3
13
13
6
1
1
22
1
1
1
0
-2
1
3
1
4
1
2
1
2
-4
1
132
0
1
1
1
7
3
-1
13
0
7
0
1
1
1
9
-1
1
1
1
2
2
1
0
1
9
1
1
1
4
1
1
0
25
60
1
1
0
2
8
1
1
5
1
3
6
1
0
0
1
1
1
4
1
1
0
0
31
2
5
1
1
6
2
3
2
4
0
2
1
1
2
2
1
13
15
1
-2
1
1
2
2
1
1
1
1
3
1
3
1
1
2
2
1
1
4
1
3
2
19
0
2
3
0
-3
1
1
1
1
1
1
2
1
5
17
2
1
0
2
-1
2
3
1
1
2
1
1
1
1
1
2
-1
1
1
1
2
3
1
1
1
1
2
1
1
1
1
1
-3
5
1
4
31
1
1
1
1
1
1
4
1
1
1
1
1
1
1
1
5
1
1
4
-1
1
2
1
2
1
48
1
2
1
-1
2
1
1
6
2
3
6
3
1
2
1
2
1
1
1
1
6
1
2
1
5
1
1
2
3
0
2
2
2
1
1
6
1
1
2
6
1
3
1
1
2
2
6
10
1
10
13
2
2
18
1
3
5
5
1
0
1
23
5
20
8
-9
2
4
13
1
4
1
1
2
1
15
1
3
1
3
20
6
1
2
1
5
2
1
1
1
1
1
1
1
1
0
1
1
1
1
4
7
6
1
1
1
1
2
1
1
6
2
6
1
17
2
-2
5
3
1
2
1
6
1
5
3
0
-5
0
1
7
1
5
1
1
1
117
1
2
1
1
1
8
1
1
1
2
5
1
1
2
1
3
1
1
0
0
1
1
5
1
0
2
5
6
1
20
3
2
7
2
3
2
3
1
9
2
9
0
3
2
16
2
1
1
1
-10
0
6
1
13
4
1
2
3
2
1
3
5
-3
3
1
1
2
-4
2
2
2
9
2
2
2
2
5
1
3
1
1
1
3
1
2
1
8
1
3
16
1
1
1
2
1
8
1
1
0
1
1
1
-1
1
1
0
1
1
1
-3
2
1
11
1
1
2
1
1
1
2
5
1
1
12
3
3
2
1
1
2
3
16
1
6
5
8
4
1
1
1
1
12
2
1
-1
1
1
6
3
6
0
-5
5
2
4
27
1
2
2
1
-5
2
2
1
2
2
4
0
2
1
1
0
1
4
1
41
0
4
-5
-1
7
-4
2
6
4
1
1
2
1
1
2
8
2
2
6
2
3
3
2
0
1
0
6
2
1
1
-1
1
2
-1
0
1
-8
2
3
5
-3
2
1
1
1
0
4
1
12
2
1
5
2
3
2
1
2
14
1
2
1
1
0
-1
1
2
1
2
2
1
1
1
1
1
7
1
3
3
4
3
3
1
2
4
1
1
2
1
3
2
7
1
3
0
1
3
0
1
1
2
0
1
2
1
1
-6
5
3
2
3
5
1
1
3
2
1
1
1
2
4
2
15
1
4
1
0
2
3
4
0
2
5
0
9
2
5
2
0
2
-1
1
-16
101
1
3
60
1
1
12
1
1
1
38
8
11
1
15
7
16
7
12
1
1
4
1
2
1
12
2
0
1
-1
4
1
1
1
1
10
-1
-1
1
1
4
2
3
2
3
1
3
3
2
0
3
1
3
1
2
11
7
5
2
1
3
0
3
-5
3
2
2
1
3
5
1
3
2
3
3
1
1
8
2
1
-2
1
2
2
4
2
3
-2
3
1
2
-1
1
2
1
3
27
25
6
1
3
25
10
0
1
3
1
9
1
1
5
0
6
4
1
1
1
0
2
1
8
1
6
2
1
-2
3
1
2
1
3
12
1
1
1
1
5
8
6
-1
2
0
1
4
1
4
2
1
1
1
1
2
2
1
5
3
10
1
0
1
17
1
1
9
1
1
1
4
1
1
2
2
2
-1
1
1
0
12
1
1
1
3
2
1
2
1
2
5
26
1
1
3
1
-1
26
13
4
1
3
1
2
1
0
-1
1
4
1
0
2
0
4
0
1
2
13
4
5
-1
1
1
4
1
2
1
7
7
2
5
3
3
1
7
0
0
1
1
2
2
3
1
3
8
11
2
2
6
1
3
6
2
13
2
3
6
1
1
2
3
4
1
3
2
2
4
3
93
3
1
1
1
9
177
4
3
1
1
3
2
2
4
10
1
5
1
2
2
1
7
1
5
2
1
2
2
-6
1
5
3
1
1
2
1
2
1
1
2
6
2
1
15
1
5
2
6
3
0
3
2
1
2
1
0
3
1
1
5
2
4
2
1
1
1
1
0
2
1
1
5
7
3
3
2
11
1
1
1
1
2
1
1
1
1
1
3
1
2
1
1
1
-3
17
1
46
1
2
1
2
1
11
0
2
1
1
1
2
6
8
1
1
3
1
0
1
-1
1
0
1
1
2
8
1
1
1
22
1
5
1
7
-1
3
3
22
1
7
1
1
9
1
-6
0
1
1
1
8
1
1
1
1
1
4
1
1
2
2
6
1
1
3
1
6
1
3
2
1
1
2
2
1
0
1
0
4
2
2
2
2
1
8
10
2
3
13
1
2
-1
1
-3
3
2
71
3
2
1
5
1
1
1
10
2
1
1
1
1
1
3
9
2
1
2
2
1
1
5
1
1
3
5
2
44
7
4
-4
4
10
3
8
9
2
8
1
1
0
8
12
1
52
1
5
1
0
0
5
1
-5
1
2
5
1
-6
3
2
2
14
2
1
3
2
1
0
2
1
2
1
2
1
2
2
3
3
13
1
1
2
2
2
1
11
1
5
1
1
1
1
1
1
12
2
1
1
1
1
1
1
1
1
4
3
1
1
3
55
2
1
1
1
1
207
1
1
1
-14
3
0
2
3
6
6
1
11
1
2
1
3
0
1
0
3
1
1
2
2
11
2
1
1
1
2
0
2
3
3
2
4
1
34
1
2
1
13
2
2
1
6
1
0
1
2
0
11
1
0
1
1
1
3
4
-7
1
2
1
1
1
2
20
2
2
5
1
3
1
-4
0
2
1
2
1
1
0
3
0
-2
4
51
1
0
1
1
9
-2
1
5
0
1
1
1
0
1
1
3
1
1
6
2
2
0
1
6
0
-1
1
2
-15
1
2
-1
1
0
0
1
5
1
1
6
1
8
0
2
2
1
6
6
1
1
0
1
1
1
1
1
-3
2
1
1
-1
4
2
1
-2
-1
-22
1
23
-2
13
13
16
1
0
3
3
1
3
1
11
1
1
1
1
1
3
10
1
4
0
6
1
3
1
0
1
1
3
5
3
1
1
6
1
1
1
1
2
3
3
-1
14
2
3
2
1
2
2
-1
16
3
1
6
5
2
3
0
1
5
5
1
2
0
1
3
1
3
-1
1
2
3
1
4
1
3
1
0
1
-2
1
1
8
9
2
2
8
7
1
6
1
3
3
1
2
-3
3
1
1
1
1
1
1
1
6
1
3
1
0
1
1
42
1
0
1
3
1
4
-3
1
1
2
7
1
2
10
4
0
1
2
3
1
1
10
1
2
1
1
26
1
6
4
2
1
1
0
1
53
7
2
1
3
1
1
2
2
2
0
2
1
1
3
2
1
1
5
1
1
2
9
3
1
2
-1
1
2
1
3
3
1
2
1
3
-2
6
18
0
1
1
7
5
1
1
0
4
5
3
1
3
0
1
3
5
14
1
1
2
1
5
11
3
1
2
2
1
1
1
30
21
2
5
1
1
29
2
1
1
-1
1
1
4
1
1
4
1
2
1
2
-1
1
4
4
2
1
4
1
1
2
1
3
2
2
3
2
50
1
1
1
2
4
8
1
5
-1
1
1
1
1
1
3
1
6
1
6
1
1
2
1
1
1
1
1
1
7
2
2
3
2
2
1
5
1
1
-2
4
0
1
1
1
6
1
2
4
1
1
15
8
2
1
1
1
1
1
1
1
61
3
1
1
1
1
9
1
-3
0
1
2
1
-1
8
1
0
-1
1
2
2
-7
0
9
3
9
1
1
0
1
3
12
2
3
1
4
3
-1
5
9
2
1
1
1
1
251
1
1
3
3
-1
1
18
0
1
6
0
5
6
1
2
1
3
0
1
1
22
1
1
1
6
2
5
2
2
1
8
3
13
1
1
1
3
1
2
1
1
2
-1
0
1
1
43
1
47
1
2
22
1
10
2
1
3
2
1
40
1
1
1
1
7
1
1
2
6
1
4
9
7
1
-1
2
3
1
1
1
5
1
1
11
6
-9
1
18
2
1
1
16
2
1
1
2
3
1
1
1
5
3
1
1
2
21
3
2
1
2
1
1
1
1
1
1
1
0
1
1
1
1
3
4
1
1
0
3
3
2
1
1
10
3
3
2
1
4
11
1
1
0
2
1
2
1
1
5
2
1
1
1
1
9
1
1
1
2
1
1
4
1
2
2
8
1
1
1
70
3
1
1
32
1
1
1
1
2
1
1
1
2
5
1
2
2
2
5
-10
4
-9
1
7
1
1
-3
3
14
2
2
1
1
2
7
-14
1
-11
3
23
1
2
11
0
2
1
12
4
20
6
8
10
2
1
1
6
1
4
5
4
5
1
0
1
-5
1
-3
0
12
-1
26
2
25
28
-6
8
40
9
4
3
10
11
1
19
24
20
57
1
35
1
10
7
2
7
2
3
9
1
2
6
1
1
-5
0
-1
-4
-1
-10
-1
7
6
3
3
0
2
2
9
36
7
2
0
8
1
3
5
0
78
1
2
2
1
1
8
7
1
3
-3
-5
3
5
1
4
5
2
1
1
2
2
2
2
1
6
1
3
1
14
2
2
1
4
3
5
1
1
1
2
1
2
1
1
1
-1
1
2
1
1
21
1
1
1
-1
1
1
2
0
2
1
3
2
8
1
1
-1
1
7
2
2
2
2
0
6
2
8
1
5
0
1
1
1
3
2
0
3
2
1
1
2
2
3
6
2
1
7
1
1
1
1
1
0
3
1
3
1
1
1
0
2
1
2
3
1
3
2
1
1
1
2
1
1
1
2
3
2
1
1
1
3
1
2
1
1
3
1
2
11
1
2
2
1
1
1
2
1
0
3
1
2
3
1
0
2
9
1
1
3
3
2
2
0
2
8
1
6
5
0
1
3
4
2
5
1
5
1
2
2
5
1
401
2
3
4
4
74
4
352
3
-1
1
3
11
4
8
1
70
-10
35
2
15
7
1
-5
-2
3
-9
5
3
2
3
1
1
2
1
25
61
1
0
22
1
4
2
2
1
2
1
2
16
9
1
2
1
-2
1
3
2
1
6
3
1
19
2
14
2
1
1
3
1
1
4
-2
4
7
1
16
1
1
1
-4
1
1
1
41
1
1
0
1
-2
1
1
2
1
2
2
2
1
5
3
5
1
0
1
8
1
1
8
2
2
1
3
2
1
6
-1
3
1
2
2
3
1
1
2
1
2
1
3
1
1
1
2
1
2
1
1
2
7
5
1
4
1
2
1
1
1
0
2
2
1
5
2
1
-1
1
2
3
4
-11
2
5
3
3
8
4
4
2
2
3
13
9
2
24
1
2
2
10
1
1
0
1
1
1
47
2
7
4
1
1
3
1
1
3
2
15
4
3
2
2
3
1
1
1
7
3
1
2
2
2
1
1
11
0
1
2
2
1
4
1
4
16
1
-1
1
1
5
1
87
1
3
1
1
2
2
1
1
2
1
1
1
2
2
1
1
1
1
6
21
7
2
2
-1
1
3
6
-1
1
2
5
-5
1
8
1
3
6
1
9
20
0
3
2
3
1
0
22
2
2
3
1
4
1
5
28
23
10
4
2
6
13
83
13
74
3
1
2
19
3
3
0
2
8
1
6
28
1
8
2
-14
1
0
8
-5
2
3
2
1
28
3
1
2
-1
1
1
1
2
1
1
3
-1
1
2
3
1
3
1
2
1
1
2
1
2
1
2
1
1
7
2
1
1
-5
6
3
1
4
0
3
4
1
1
6
1
2
3
1
15
-9
1
3
2
2
1
2
0
1
-3
0
4
4
11
2
1
1
2
2
20
3
1
6
3
1
2
-3
1
1
0
3
-11
2
8
9
1
1
4
2
1
-3
2
3
11
2
3
2
0
1
21
16
0
97
-2
2
9
2
2
2
5
17
1
1
1
4
0
1
11
63
1
1
4
1
11
1
6
2
1
5
2
3
1
6
1
1
4
-1
2
2
1
3
6
1
0
6
1
19
9
4
1
1
-1
11
1
1
-2
1
12
1
1
2
1
2
2
7
1
5
0
1
6
4
3
3
3
1
3
4
1
1
2
8
1
4
1
2
1
1
2
1
8
2
6
1
2
1
1
2
1
2
1
1
6
3
3
14
4
5
1
5
1
2
6
1
10
0
0
1
1
1
1
1
3
1
3
7
3
4
3
1
1
20
1
2
2
23
0
5
1
5
1
5
4
1
1
0
8
1
1
-2
216
51
0
65
22
60
0
1
21
22
297
114
1
38
7
2
1
34
13
-1
3
14
-1
8
1
0
3
1
5
9
16
2
1
12
12
5
1
18
3
1
4
2
3
7
2
11
3
2
7
1
3
1
1
1
7
1
3
7
2
6
2
1
8
2
1
-1
4
6
2
8
2
0
2
1
-3
3
3
1
2
8
3
1
35
6
2
2
3
1
-1
1
2
4
1
1
1
1
0
2
1
-1
1
1
5
0
3
3
0
2
1
1
2
1
1
1
1
2
1
1
42
2
1
2
2
2
1
2
1
1
1
-1
2
2
1
1
2
1
2
11
3
1
3
1
2
0
11
1
1
1
1
1
10
1
9
2
5
2
2
10
1
4
6
2
1
0
1
1
1
1
8
4
1
1
6
1
1
1
1
2
0
1
1
1
2
2
-1
1
8
1
3
1
-1
1
3
32
259
6
0
3
0
1
1
2
69
2
2
-1
-22
2
1
2
2
0
1
-11
1
4
3
2
5
2
1
1
-6
2
3
0
0
1
1
3
1
0
0
1
1
1
2
1
1
1
1
6
-4
2
1
1
6
3
38
7
2
21
6
5
5
1
1
1
4
3
0
10
6
1
-2
8
2
-1
-12
2
1
1
7
10
7
0
2
-1
-1
3
4
1
5
1
1
1
-5
-9
0
2
7
2
1
1
8
16
-4
2
1
-2
2
1
-6
1
2
3
4
5
1
15
1
0
2
9
4
2
16
5
1
2
3
1
1
59
3
0
0
24
1
1
1
1
0
1
3
2
1
1
1
1
1
1
2
2
6
1
1
4
1
3
1
1
13
1
1
2
1
3
6
11
3
0
3
0
2
1
1
2
5
4
3
1
2
0
1
1
1
1
0
1
1
1
2
1
6
1
-7
1
1
3
2
2
3
1
2
17
3
6
1
4
0
2
1
1
1
3
1
0
1
1
1
1
1
1
2
1
2
3
0
1
3
1
1
1
2
1
3
2
3
3
20
2
0
1
1
1
1
0
4
1
1
0
1
18
2
1
-3
48
1
5
-2
1
1
1
1
1
1
1
7
1
1
3
4
2
5
25
1
-3
9
2
1
1
14
1
2
-1
4
7
1
1
1
3
-1
1
2
1
1
2
2
3
2
3
1
2
0
7
1
1
1
1
1
4
1
0
2
5
1
1
3
1
6
2
18
-6
7
2
1
1
3
7
-2
1
1
2
-1
2
1
2
19
5
1
6
21
2
1
1
2
1
1
3
1
1
2
1
1
1
0
1
-5
29
1
3
19
9
1
1
9
10
3
0
1
1
14
1
1
68
1
3
1
1
11
1
2
2
1
13
1
1
33
4
7
8
1
5
15
1
2
1
7
1
3
2
16
6
3
1
2
2
1
3
1
7
3
4
3
-3
1
3
3
-1
1
1
45
1
-4
4
7
2
-6
2
1
6
9
2
1
-3
1
1
0
4
5
3
0
2
1
3
1
2
1
8
14
5
-2
2
9
4
1
2
2
1
8
1
1
1
0
1
1
3
1
4
2
-1
1
1
1
35
12
1
2
17
-1
1
14
-8
124
296
1
2
4
1
4
3
1
55
1
5
1
1
124
1
1
2
2
-1
1
1
3
10
1
1
3
1
15
3
0
5
29
2
1
1
3
1
2
2
-1
1
2
3
1
1
46
8
1
1
2
1
1
0
2
2
1
2
1
3
1
0
1
1
5
1
1
2
-6
2
1
1
4
1
2
9
2
8
1
1
3
-3
1
19
2
1
5
4
1
1
3
17
1
20
1
3
6
1
10
4
4
11
1
2
1
7
4
5
4
1
6
12
7
4
1
1
9
2
1
9
155
1
1
10
1
5
9
28
1
6
19
3
1
28
61
-1
1
0
2
3
1
1
2
3
2
7
9
15
-9
1
3
0
2
1
-5
2
-1
10
4
2
2
7
4
5
27
1
1
0
2
4
-2
6
3
2
47
2
4
1
6
2
2
0
0
1
1
2
2
1
