1
1
2
1
1
4
5
-1
10
2
1
8
12
15
5
1
3
7
1
4
2
3
9
2
0
3
1
-2
-1
9
7
63
3
1
1
19
0
1
4
1
24
2
1
2
1
11
2
7
2
3
1
2
0
1
-1
10
1
3
23
2
2
1
1
5
2
39
12
1
1
1
1
1
6
1
3
-2
1
4
1
1
1
2
2
1
7
1
1
3
2
1
1
3
2
2
6
5
4
3
1
11
6
1
1
0
3
2
5
-3
3
1
4
-3
3
14
10
6
1
0
4
14
2
3
-1
1
0
0
2
1
3
7
1
4
6
1
3
5
36
1
8
5
3
2
3
1
2
5
4
75
4
-1
1
12
8
3
1
-3
4
1
1
2
2
5
1
-10
0
2
18
1
15
1
7
3
1
1
9
1
3
20
8
3
9
50
7
0
-2
5
8
1
8
12
2
2
8
-4
15
6
2
2
1
1
2
2
-1
1
2
-1
2
1
1
6
1
1
1
7
1
-1
2
1
1
0
2
4
0
2
1
1
2
1
4
-23
4
1
1
1
3
4
3
1
1
2
8
13
1
2
1
4
1
2
1
-10
2
3
2
15
3
1
1
2
5
2
9
1
1
2
3
3
5
1
7
16
3
6
4
1
1
2
1
1
3
-1
5
2
5
9
3
10
2
5
6
1
3
1
3
6
2
11
1
3
5
3
8
2
3
10
8
-3
8
1
1
21
14
1
1
8
14
2
1
-2
7
1
8
5
8
3
8
2
3
9
1
5
2
9
-1
2
1
1
1
3
1
3
1
-1
1
5
1
2
3
6
8
42
-2
1
0
8
1
3
1
1
19
12
1
0
3
7
-3
1
-8
9
-1
2
5
2
1
1
1
7
2
0
2
2
3
0
2
1
1
1
1
30
11
1
2
0
2
1
12
57
3
-2
0
3
0
0
4
2
4
5
8
47
82
17
1
9
5
1
8
1
9
1
1
1
2
2
1
1
11
1
1
