1
19
7
5
1
1
6
3
2
13
3
6
1
4
3
10
1
1
17
27
2
0
9
12
7
1
25
6
-8
29
9
2
1
1
1
1
3
1
13
1
3
9
4
16
16
2
19
1
1
1
4
1
2
1
1
1
0
1
1
38
1
-9
40
1
10
1
2
1
14
2
2
4
1
2
6
1
10
-1
5
10
0
0
1
2
0
3
46
18
18
28
11
-4
2
6
19
10
15
2
1
3
5
0
5
3
5
3
12
3
1
14
1
4
29
3
2
1
1
10
6
29
-6
30
6
7
61
3
1
1
1
2
2
6
3
3
1
1
1
1
-4
5
-2
1
5
1
0
1
1
5
3
-1
2
0
6
1
1
13
1
25
-5
2
5
2
2
3
0
2
1
1
1
2
1
6
2
1
2
6
1
88
0
0
4
13
1
1
2
1
3
2
37
-1
1
6
4
1
1
1
4
-1
1
8
2
5
1
2
7
5
0
1
1
0
4
3
1
6
1
1
2
-2
4
16
17
13
4
-2
23
9
4
1
2
5
17
1
28
4
11
296
4
23
87
7
8
9
2
3
1
8
3
1
7
5
17
7
13
3
0
3
1
2
8
1
1
2
3
3
2
1
2
1
6
1
5
8
1
4
1
2
0
12
2
1
3
2
1
2
1
2
1
-1
2
-2
1
9
2
1
0
1
2
1
6
14
1
2
1
1
4
-1
1
1
9
10
1
-4
2
1
1
1
2
1
1
3
4
2
3
-6
1
3
3
1
0
2
11
0
2
16
17
3
1
2
2
2
1
36
2
1
2
-6
1
6
9
1
8
8
4
7
2
1
6
5
1
1
1
1
2
1
1
14
1
1
2
1
1
3
1
2
1
1
0
2
1
2
1
1
1
3
2
2
15
-12
1
82
1
-2
-4
2
3
1
6
4
1
4
1
2
2
10
1
1
7
3
1
2
1
1
5
0
1
-1
1
1
1
1
1
9
3
6
4
1
28
249
29
1
8
1
2
1
3
-1
57
1
3
4
1
1
-1
4
12
9
23
0
1
1
1
-3
6
1
1
1
1
20
5
2
1
11
2
0
3
3
34
2
3
1
1
2
1
-1
0
1
4
1
4
1
3
1
33
1
1
7
2
6
0
1
3
3
4
1
84
1
3
1
1
2
0
15
5
60
-8
5
1
13
3
-1
56
2
1
14
1
13
13
3
1
6
3
1
1
16
5
2
1
3
3
2
1
9
2
7
3
1
1
5
1
1
5
2
5
0
1
7
1
1
1
2
1
4
0
1
0
2
2
0
